5 100 10 6 10.0 3.0 1.0 95
3 147 9
2 87 8
4 102 3
2 24 6
0 59 6
0 60 4
8 184 8
4 32 3
5 116 3
8 54 4
9 182 6
4 73 8
2 21 5
3 92 3
9 245 9
7 2 6
7 48 9
8 47 4
5 117 8
9 185 9
9 102 3
3 140 9
8 93 3
2 29 3
4 130 8
5 154 8
1 61 9
6 156 7
6 90 3
0 17 3
9 42 3
7 189 9
3 99 4
6 18 8
8 222 7
8 201 9
5 66 4
0 20 9
0 43 9
5 86 3
5 53 8
7 195 7
6 20 3
9 175 7
3 21 9
9 238 9
8 212 8
6 2 7
6 4 7
1 13 7
1 70 5
0 77 7
1 71 7
4 160 9
0 20 8
3 28 7
2 60 8
6 96 5
2 53 7
2 19 8
7 141 7
6 170 9
6 140 5
8 219 3
5 9 4
9 25 4
7 41 3
1 84 3
5 178 8
8 77 9
5 182 9
1 78 7
3 40 6
1 71 4
9 75 9
0 16 3
4 13 6
7 132 6
2 52 3
8 44 7
3 105 3
0 86 7
1 63 3
4 47 7
7 7 9
1 50 9
1 54 7
3 129 7
3 111 7
7 30 9
4 118 8
9 178 9
0 73 9
4 127 7
4 33 6
5 134 8
2 131 7
2 85 8
6 30 7
7 202 3
0 0 0.370597228790
0 1 0.056119663963
0 2 0.704944651877
0 3 0.564001704742
0 4 0.647544550338
0 5 0.163210504380
0 6 0.558493056921
0 7 0.533664701732
0 8 0.830626663573
0 9 0.900835516703
0 10 0.780447682023
0 11 0.440241012356
0 12 0.475295553345
0 13 0.923392366329
0 14 0.615555066758
0 15 0.399147592987
0 16 0.136600487454
0 17 0.477428541386
0 18 0.069579710336
0 19 0.476926499414
0 20 0.600613223998
0 21 0.656156434557
0 22 0.072498304385
0 23 0.988844515336
0 24 0.348972777282
0 25 0.038467126657
0 26 0.179462283357
0 27 0.285496550351
0 28 0.021523192554
0 29 0.002822872963
0 30 0.924594455923
0 31 0.102515796952
0 32 0.274665592656
0 33 0.890165692783
0 34 0.371095742734
0 35 0.891702676076
0 36 0.872056100521
0 37 0.609901247615
0 38 0.239269865473
0 39 0.996166414324
0 40 0.805098579393
0 41 0.037162308092
0 42 0.698831476182
0 43 0.814236516809
0 44 0.844700653027
0 45 0.592710107145
0 46 0.463854578171
0 47 0.287750492038
0 48 0.558618659279
0 49 0.860983632131
0 50 0.434617169142
0 51 0.724610082369
0 52 0.060422876428
0 53 0.503658026591
0 54 0.316939228456
0 55 0.045109211993
0 56 0.547170402029
0 57 0.867081893351
0 58 0.909368713814
0 59 0.191493457663
0 60 0.888828844050
0 61 0.270388391253
0 62 0.432769908794
0 63 0.790805332350
0 64 0.522508379968
0 65 0.273952767414
0 66 0.166559955377
0 67 0.748951078633
0 68 0.065533895990
0 69 0.802956918772
0 70 0.131560992835
0 71 0.885062985634
0 72 0.142871545537
0 73 0.058724840524
0 74 0.909931840774
0 75 0.671285324356
0 76 0.695356923061
0 77 0.648157863173
0 78 0.811330774247
0 79 0.920791997476
0 80 0.296185240989
0 81 0.914687418292
0 82 0.806679419241
0 83 0.162199325258
0 84 0.528869448900
0 85 0.133071390623
0 86 0.303890616500
0 87 0.022974426986
0 88 0.871680407724
0 89 0.322739803715
0 90 0.313883978136
0 91 0.460353655602
0 92 0.558251130095
0 93 0.742137371835
0 94 0.775368971205
0 95 0.497507379849
0 96 0.198791675872
0 97 0.403309804538
0 98 0.293392405818
0 99 0.814604854842
1 0 0.172835885781
1 1 0.386877336536
1 2 0.805105907349
1 3 0.518763179142
1 4 0.314642311925
1 5 0.588436114393
1 6 0.855290612330
1 7 0.762809737499
1 8 0.652812080498
1 9 0.787862518491
1 10 0.250256317092
1 11 0.612595692518
1 12 0.731091634580
1 13 0.655656625731
1 14 0.171198404336
1 15 0.445108985307
1 16 0.720584500953
1 17 0.929274316358
1 18 0.051739957439
1 19 0.856776823226
1 20 0.193712762138
1 21 0.094288082800
1 22 0.522267348664
1 23 0.901712150644
1 24 0.218014668751
1 25 0.619789443852
1 26 0.837623712440
1 27 0.067937611689
1 28 0.473724379767
1 29 0.628474962683
1 30 0.686784475258
1 31 0.581096596164
1 32 0.596128421492
1 33 0.853621957493
1 34 0.600717814933
1 35 0.065086440643
1 36 0.331626744956
1 37 0.141104309129
1 38 0.758509534641
1 39 0.184750658695
1 40 0.336369916740
1 41 0.603497926193
1 42 0.159393696777
1 43 0.494281064989
1 44 0.997910968482
1 45 0.408791162001
1 46 0.784824423224
1 47 0.608945778817
1 48 0.047970696719
1 49 0.537972354374
1 50 0.036439009965
1 51 0.032475339350
1 52 0.518977634849
1 53 0.369858938852
1 54 0.049082926608
1 55 0.584950133766
1 56 0.893625741369
1 57 0.367880717628
1 58 0.160832450951
1 59 0.530370588277
1 60 0.222893896054
1 61 0.634034716463
1 62 0.195650936298
1 63 0.579552918199
1 64 0.144974925601
1 65 0.169462745533
1 66 0.088790252951
1 67 0.648082992118
1 68 0.251600824131
1 69 0.140148912035
1 70 0.649443328736
1 71 0.562197112663
1 72 0.334797569255
1 73 0.824003485947
1 74 0.620331925131
1 75 0.872708971990
1 76 0.495188944917
1 77 0.527254475714
1 78 0.287912908039
1 79 0.069874318371
1 80 0.447529155833
1 81 0.572727621298
1 82 0.952018744632
1 83 0.437537632496
1 84 0.467292792439
1 85 0.045091887457
1 86 0.397194701963
1 87 0.749040798107
1 88 0.728401828560
1 89 0.257379935409
1 90 0.379453601648
1 91 0.388928529992
1 92 0.934818470965
1 93 0.061011802242
1 94 0.595668190660
1 95 0.684398072094
1 96 0.469740149821
1 97 0.099960857686
1 98 0.984609164649
1 99 0.384081828409
2 0 0.459808667045
2 1 0.475212869127
2 2 0.406724601290
2 3 0.264912296246
2 4 0.775651132202
2 5 0.643737391528
2 6 0.892679149983
2 7 0.600968700572
2 8 0.892191179771
2 9 0.839851537122
2 10 0.220601256634
2 11 0.240256864098
2 12 0.788891543709
2 13 0.648293117114
2 14 0.022777858683
2 15 0.062028448599
2 16 0.582231759190
2 17 0.805966967661
2 18 0.376380214961
2 19 0.347964658103
2 20 0.592558369771
2 21 0.989696055041
2 22 0.370690183877
2 23 0.358033508971
2 24 0.592300802003
2 25 0.399414573865
2 26 0.415958142348
2 27 0.217216478971
2 28 0.908354892850
2 29 0.084199472169
2 30 0.410785171730
2 31 0.292042247220
2 32 0.592700455242
2 33 0.871827580697
2 34 0.379428153205
2 35 0.153385312534
2 36 0.564956180184
2 37 0.175443476946
2 38 0.897159456111
2 39 0.111462496057
2 40 0.638462949905
2 41 0.908507614204
2 42 0.543347132691
2 43 0.639360072090
2 44 0.982510899348
2 45 0.920884514971
2 46 0.773818321111
2 47 0.655648557353
2 48 0.594201388552
2 49 0.396635265779
2 50 0.928135523576
2 51 0.943048133077
2 52 0.168305669637
2 53 0.240279137671
2 54 0.299573193296
2 55 0.443478099102
2 56 0.561318048250
2 57 0.983692210017
2 58 0.610676303179
2 59 0.673881393132
2 60 0.809625538259
2 61 0.999687573641
2 62 0.698788933929
2 63 0.909701287139
2 64 0.847433706885
2 65 0.741602256958
2 66 0.163966071951
2 67 0.747129455122
2 68 0.516506516488
2 69 0.124010580725
2 70 0.423170583970
2 71 0.169645530635
2 72 0.406066600334
2 73 0.881123303334
2 74 0.111996025797
2 75 0.204435614255
2 76 0.302470901044
2 77 0.056490851189
2 78 0.079147485634
2 79 0.855469375597
2 80 0.949059101229
2 81 0.407725596276
2 82 0.737282351013
2 83 0.288326909781
2 84 0.450542524120
2 85 0.725334550039
2 86 0.891520035021
2 87 0.396564241793
2 88 0.998315895602
2 89 0.194573963758
2 90 0.315391809173
2 91 0.642013815131
2 92 0.991639760788
2 93 0.500510489834
2 94 0.442538676241
2 95 0.755835677218
2 96 0.434691715862
2 97 0.107241882571
2 98 0.945993231652
2 99 0.310010703213
3 0 0.771953420350
3 1 0.593007135066
3 2 0.928002117174
3 3 0.019638203299
3 4 0.302575889365
3 5 0.618925843807
3 6 0.235808450263
3 7 0.083643447745
3 8 0.576027664499
3 9 0.641651833954
3 10 0.801717348429
3 11 0.946709413494
3 12 0.264263654455
3 13 0.511875726679
3 14 0.164445928281
3 15 0.193374374142
3 16 0.355618745331
3 17 0.038976104973
3 18 0.928015479911
3 19 0.363151225310
3 20 0.194691094307
3 21 0.787734828469
3 22 0.966934850689
3 23 0.303360949319
3 24 0.233812367764
3 25 0.683217448800
3 26 0.449227483916
3 27 0.226372241068
3 28 0.070118431657
3 29 0.107748519601
3 30 0.826924164895
3 31 0.546884910025
3 32 0.793788996168
3 33 0.754667632961
3 34 0.369659830753
3 35 0.177615546120
3 36 0.178985836480
3 37 0.418731342545
3 38 0.622683147875
3 39 0.938632539500
3 40 0.836770009851
3 41 0.944515752533
3 42 0.417520315052
3 43 0.970396784730
3 44 0.252200061064
3 45 0.747346404000
3 46 0.697086332940
3 47 0.116934276673
3 48 0.112890300113
3 49 0.474149964591
3 50 0.806541036602
3 51 0.803885377532
3 52 0.089272508777
3 53 0.007046437243
3 54 0.941680686090
3 55 0.989173276866
3 56 0.286310362694
3 57 0.031736161671
3 58 0.759617487630
3 59 0.974600627696
3 60 0.442078296914
3 61 0.133814428225
3 62 0.029675616917
3 63 0.933988785821
3 64 0.277828788571
3 65 0.329571569784
3 66 0.055493846649
3 67 0.542522960248
3 68 0.547974856481
3 69 0.563641784499
3 70 0.095691743615
3 71 0.869763649409
3 72 0.672750066392
3 73 0.970313965107
3 74 0.963512299856
3 75 0.136146548206
3 76 0.364201123946
3 77 0.425458582161
3 78 0.236327945466
3 79 0.572600627325
3 80 0.963987063654
3 81 0.594820711247
3 82 0.543229902081
3 83 0.786100027326
3 84 0.491212142520
3 85 0.492032245261
3 86 0.147245580653
3 87 0.943371050826
3 88 0.300532308274
3 89 0.413259811988
3 90 0.042548197891
3 91 0.203250057699
3 92 0.585861747138
3 93 0.579030707826
3 94 0.258594522086
3 95 0.341768766874
3 96 0.816866332345
3 97 0.189058987422
3 98 0.628457251489
3 99 0.653495997024
4 0 0.303102634539
4 1 0.435951478138
4 2 0.125069026121
4 3 0.393163261726
4 4 0.362502500520
4 5 0.824311288340
4 6 0.548597409206
4 7 0.865916995992
4 8 0.541855723650
4 9 0.922277433304
4 10 0.361328381030
4 11 0.759509654932
4 12 0.368032802165
4 13 0.808268100980
4 14 0.345142870614
4 15 0.727828483263
4 16 0.307978071740
4 17 0.969908199802
4 18 0.058376666231
4 19 0.235328690791
4 20 0.457303522758
4 21 0.141556413972
4 22 0.957836096560
4 23 0.359824229014
4 24 0.629637401150
4 25 0.243486422577
4 26 0.959606736753
4 27 0.431246260525
4 28 0.867032831196
4 29 0.679160095156
4 30 0.694931389194
4 31 0.155934755646
4 32 0.616889383237
4 33 0.394163690745
4 34 0.609271568382
4 35 0.150034336941
4 36 0.771975914525
4 37 0.955958001603
4 38 0.264588545859
4 39 0.284016531446
4 40 0.395827594289
4 41 0.026445380299
4 42 0.426484664113
4 43 0.960149866361
4 44 0.304679813077
4 45 0.192441241759
4 46 0.037090428592
4 47 0.856139389354
4 48 0.720282994949
4 49 0.426006896212
4 50 0.551770052862
4 51 0.395515449873
4 52 0.037793510698
4 53 0.534483733815
4 54 0.803135391828
4 55 0.708343107525
4 56 0.973304749304
4 57 0.331669233630
4 58 0.501133819168
4 59 0.000836170577
4 60 0.123925431217
4 61 0.477178810349
4 62 0.382586050584
4 63 0.292966041816
4 64 0.151129656470
4 65 0.382133533431
4 66 0.984414291603
4 67 0.637577017198
4 68 0.562640681627
4 69 0.793413664811
4 70 0.182161626149
4 71 0.679111936087
4 72 0.684388184527
4 73 0.780503633617
4 74 0.551104937877
4 75 0.781190326359
4 76 0.914497918458
4 77 0.058907218377
4 78 0.828678220006
4 79 0.024543024835
4 80 0.149150633859
4 81 0.801640737760
4 82 0.618779934417
4 83 0.309343169636
4 84 0.203288485075
4 85 0.045442936567
4 86 0.556997568675
4 87 0.746577580145
4 88 0.120210240989
4 89 0.455793499193
4 90 0.813945923453
4 91 0.249792390218
4 92 0.153740644486
4 93 0.603980327858
4 94 0.967549424202
4 95 0.603552713926
4 96 0.965364235547
4 97 0.289743684666
4 98 0.969794467110
4 99 0.210989586885
0 0 10
0 1 10
0 2 3
0 3 8
0 4 8
0 5 5
0 6 9
0 7 3
0 8 3
0 9 5
0 10 6
0 11 10
0 12 7
0 13 4
0 14 10
0 15 8
0 16 9
0 17 4
0 18 8
0 19 11
0 20 3
0 21 11
0 22 5
0 23 4
0 24 8
0 25 9
0 26 10
0 27 8
0 28 5
0 29 5
0 30 3
0 31 9
0 32 5
0 33 10
0 34 9
0 35 10
0 36 5
0 37 9
0 38 10
0 39 4
0 40 8
0 41 8
0 42 3
0 43 9
0 44 10
0 45 9
0 46 8
0 47 8
0 48 8
0 49 7
0 50 5
0 51 9
0 52 9
0 53 11
0 54 8
0 55 7
0 56 8
0 57 7
0 58 8
0 59 9
0 60 7
0 61 9
0 62 6
0 63 5
0 64 5
0 65 5
0 66 4
0 67 5
0 68 8
0 69 9
0 70 9
0 71 9
0 72 7
0 73 5
0 74 10
0 75 4
0 76 8
0 77 6
0 78 5
0 79 7
0 80 4
0 81 8
0 82 3
0 83 8
0 84 11
0 85 11
0 86 7
0 87 8
0 88 7
0 89 10
0 90 10
0 91 10
0 92 9
0 93 8
0 94 8
0 95 10
0 96 8
0 97 9
0 98 8
0 99 4
1 0 11
1 1 11
1 2 5
1 3 9
1 4 9
1 5 7
1 6 10
1 7 7
1 8 7
1 9 7
1 10 10
1 11 12
1 12 9
1 13 6
1 14 13
1 15 10
1 16 12
1 17 6
1 18 12
1 19 12
1 20 7
1 21 13
1 22 7
1 23 6
1 24 11
1 25 12
1 26 11
1 27 10
1 28 6
1 29 6
1 30 5
1 31 13
1 32 7
1 33 10
1 34 11
1 35 11
1 36 7
1 37 11
1 38 12
1 39 5
1 40 10
1 41 11
1 42 5
1 43 11
1 44 11
1 45 13
1 46 11
1 47 9
1 48 10
1 49 10
1 50 7
1 51 11
1 52 9
1 53 12
1 54 12
1 55 11
1 56 10
1 57 8
1 58 9
1 59 10
1 60 9
1 61 13
1 62 7
1 63 6
1 64 6
1 65 7
1 66 7
1 67 7
1 68 10
1 69 11
1 70 13
1 71 10
1 72 10
1 73 7
1 74 11
1 75 6
1 76 9
1 77 8
1 78 5
1 79 9
1 80 5
1 81 10
1 82 6
1 83 11
1 84 13
1 85 11
1 86 10
1 87 9
1 88 11
1 89 11
1 90 12
1 91 13
1 92 13
1 93 9
1 94 10
1 95 11
1 96 11
1 97 10
1 98 11
1 99 7
2 0 12
2 1 11
2 2 6
2 3 9
2 4 9
2 5 6
2 6 11
2 7 7
2 8 5
2 9 8
2 10 9
2 11 12
2 12 7
2 13 6
2 14 12
2 15 9
2 16 13
2 17 8
2 18 10
2 19 11
2 20 6
2 21 12
2 22 6
2 23 7
2 24 12
2 25 12
2 26 13
2 27 10
2 28 7
2 29 5
2 30 6
2 31 11
2 32 7
2 33 11
2 34 10
2 35 12
2 36 7
2 37 11
2 38 11
2 39 7
2 40 11
2 41 10
2 42 5
2 43 10
2 44 12
2 45 13
2 46 10
2 47 9
2 48 11
2 49 10
2 50 8
2 51 9
2 52 9
2 53 12
2 54 12
2 55 10
2 56 10
2 57 7
2 58 11
2 59 11
2 60 9
2 61 11
2 62 7
2 63 6
2 64 6
2 65 6
2 66 6
2 67 7
2 68 10
2 69 13
2 70 12
2 71 11
2 72 8
2 73 8
2 74 13
2 75 7
2 76 10
2 77 9
2 78 5
2 79 11
2 80 7
2 81 9
2 82 7
2 83 9
2 84 11
2 85 12
2 86 11
2 87 11
2 88 10
2 89 13
2 90 10
2 91 11
2 92 13
2 93 11
2 94 8
2 95 12
2 96 10
2 97 12
2 98 10
2 99 5
3 0 13
3 1 12
3 2 8
3 3 9
3 4 9
3 5 9
3 6 12
3 7 8
3 8 6
3 9 9
3 10 9
3 11 13
3 12 10
3 13 6
3 14 12
3 15 9
3 16 14
3 17 7
3 18 13
3 19 14
3 20 6
3 21 13
3 22 6
3 23 6
3 24 11
3 25 13
3 26 14
3 27 10
3 28 8
3 29 7
3 30 6
3 31 13
3 32 7
3 33 13
3 34 11
3 35 12
3 36 7
3 37 12
3 38 14
3 39 8
3 40 13
3 41 11
3 42 6
3 43 12
3 44 13
3 45 12
3 46 12
3 47 10
3 48 10
3 49 12
3 50 8
3 51 10
3 52 12
3 53 12
3 54 11
3 55 10
3 56 12
3 57 10
3 58 10
3 59 11
3 60 10
3 61 12
3 62 9
3 63 7
3 64 8
3 65 9
3 66 8
3 67 6
3 68 13
3 69 12
3 70 12
3 71 12
3 72 9
3 73 7
3 74 14
3 75 6
3 76 11
3 77 11
3 78 6
3 79 10
3 80 8
3 81 10
3 82 6
3 83 12
3 84 14
3 85 12
3 86 11
3 87 12
3 88 12
3 89 14
3 90 11
3 91 13
3 92 12
3 93 10
3 94 10
3 95 13
3 96 11
3 97 11
3 98 11
3 99 7
4 0 14
4 1 12
4 2 6
4 3 9
4 4 10
4 5 7
4 6 12
4 7 7
4 8 8
4 9 7
4 10 10
4 11 12
4 12 9
4 13 7
4 14 12
4 15 10
4 16 12
4 17 7
4 18 13
4 19 14
4 20 7
4 21 14
4 22 7
4 23 6
4 24 13
4 25 12
4 26 14
4 27 11
4 28 7
4 29 8
4 30 7
4 31 13
4 32 8
4 33 13
4 34 12
4 35 14
4 36 9
4 37 13
4 38 13
4 39 8
4 40 12
4 41 11
4 42 7
4 43 11
4 44 12
4 45 14
4 46 11
4 47 10
4 48 10
4 49 12
4 50 10
4 51 10
4 52 12
4 53 12
4 54 13
4 55 11
4 56 12
4 57 8
4 58 12
4 59 11
4 60 10
4 61 13
4 62 10
4 63 8
4 64 9
4 65 9
4 66 6
4 67 7
4 68 13
4 69 13
4 70 13
4 71 10
4 72 10
4 73 9
4 74 13
4 75 7
4 76 9
4 77 11
4 78 8
4 79 10
4 80 7
4 81 12
4 82 6
4 83 10
4 84 14
4 85 12
4 86 10
4 87 10
4 88 12
4 89 12
4 90 12
4 91 14
4 92 12
4 93 11
4 94 11
4 95 11
4 96 12
4 97 13
4 98 11
4 99 7
