5 100 10 6 10.0 3.0 1.0 95
5 86 7
4 70 6
7 163 4
3 132 7
8 191 8
1 107 4
2 125 8
3 87 7
3 14 6
3 88 3
1 12 3
6 42 9
2 83 4
3 69 3
5 4 7
5 92 5
9 145 7
1 80 3
7 150 3
8 161 3
2 107 9
6 96 8
2 88 8
0 91 7
2 57 7
9 200 6
1 52 7
5 37 8
7 128 9
4 8 9
8 7 8
7 30 8
8 184 5
6 6 7
7 156 8
4 30 7
6 120 9
0 37 5
0 53 9
8 184 8
0 72 6
4 107 3
7 143 3
1 104 8
3 40 8
8 138 3
0 73 3
5 2 9
5 77 9
4 145 7
1 28 9
8 189 9
9 122 7
6 12 4
3 118 9
9 148 8
0 60 8
0 29 8
9 12 8
6 86 3
5 64 6
2 112 3
6 118 7
9 172 8
9 8 8
0 3 3
3 63 9
8 226 9
4 140 9
9 230 5
1 15 7
7 7 7
0 52 9
1 77 7
2 37 7
9 28 3
4 7 7
2 84 4
6 100 9
3 108 9
8 212 4
2 9 9
5 152 8
0 4 9
4 47 3
3 141 6
8 201 9
4 22 4
4 48 9
7 143 6
1 64 6
7 33 8
2 80 3
5 44 3
1 22 9
5 94 3
6 126 4
7 11 9
6 52 3
9 120 3
0 0 0.120367694807
0 1 0.034525256984
0 2 0.751832856224
0 3 0.809977545250
0 4 0.767664439093
0 5 0.261999148076
0 6 0.576973771280
0 7 0.952528589399
0 8 0.169177928224
0 9 0.554894288010
0 10 0.618011834923
0 11 0.820217213812
0 12 0.048542418827
0 13 0.874058505007
0 14 0.912684888833
0 15 0.856750367569
0 16 0.364766518807
0 17 0.057689889176
0 18 0.834441914452
0 19 0.243865203177
0 20 0.236099680094
0 21 0.330535392359
0 22 0.924816544821
0 23 0.513940850939
0 24 0.412692799571
0 25 0.882600311893
0 26 0.494497880221
0 27 0.913240651098
0 28 0.066251823600
0 29 0.817064355591
0 30 0.767333691963
0 31 0.630754413001
0 32 0.311052951082
0 33 0.948361598375
0 34 0.843849052542
0 35 0.880115870604
0 36 0.147663899135
0 37 0.670167747918
0 38 0.416201061746
0 39 0.090250622231
0 40 0.716093838619
0 41 0.738094155507
0 42 0.069348537733
0 43 0.116639017852
0 44 0.713686130998
0 45 0.903380328548
0 46 0.851716518456
0 47 0.194484992307
0 48 0.786296669383
0 49 0.677151696184
0 50 0.773508944720
0 51 0.514150892990
0 52 0.176577829464
0 53 0.896540767584
0 54 0.422270068870
0 55 0.503825417647
0 56 0.190844155192
0 57 0.284662175253
0 58 0.953063513457
0 59 0.274772729491
0 60 0.836495474281
0 61 0.586368101812
0 62 0.695132045271
0 63 0.294494448236
0 64 0.300689655210
0 65 0.055577103935
0 66 0.004885233058
0 67 0.712788406633
0 68 0.455222912960
0 69 0.415124248021
0 70 0.316401380232
0 71 0.755405530646
0 72 0.488411929218
0 73 0.973785128518
0 74 0.573587015610
0 75 0.559830997551
0 76 0.294069665267
0 77 0.439230899107
0 78 0.916725929343
0 79 0.835885914142
0 80 0.200041734592
0 81 0.845512912570
0 82 0.281330795746
0 83 0.094696244039
0 84 0.305649165598
0 85 0.747095138375
0 86 0.211241742697
0 87 0.771347418463
0 88 0.082307415661
0 89 0.803120699295
0 90 0.546112702689
0 91 0.088196185147
0 92 0.343483061997
0 93 0.213056982996
0 94 0.467122527408
0 95 0.283820325596
0 96 0.629208904843
0 97 0.133711514881
0 98 0.245733096116
0 99 0.939070628450
1 0 0.227272288093
1 1 0.827627338582
1 2 0.895268358112
1 3 0.971657586079
1 4 0.872491468386
1 5 0.982860831395
1 6 0.938485013743
1 7 0.404617486151
1 8 0.770496773731
1 9 0.434098670258
1 10 0.246739276488
1 11 0.642489427622
1 12 0.738227501928
1 13 0.161519856358
1 14 0.114136609804
1 15 0.305937642438
1 16 0.077718927318
1 17 0.070275009695
1 18 0.482583829437
1 19 0.647837548106
1 20 0.690542266494
1 21 0.118715643066
1 22 0.220338084670
1 23 0.666515010092
1 24 0.317936225181
1 25 0.987421359440
1 26 0.037265188983
1 27 0.803879659331
1 28 0.496857470107
1 29 0.472390193912
1 30 0.197222177506
1 31 0.944036722847
1 32 0.100350277971
1 33 0.312294856065
1 34 0.863187938854
1 35 0.168497993496
1 36 0.396376640364
1 37 0.219034455998
1 38 0.907552201213
1 39 0.207600685482
1 40 0.104778817897
1 41 0.843897475101
1 42 0.623771343086
1 43 0.961930855263
1 44 0.866603774257
1 45 0.809441692382
1 46 0.365197755234
1 47 0.264784717776
1 48 0.358493647097
1 49 0.824166258460
1 50 0.088729818255
1 51 0.609622577539
1 52 0.822332044181
1 53 0.791919472225
1 54 0.164944896868
1 55 0.634359277606
1 56 0.520860530035
1 57 0.212246393949
1 58 0.150901233664
1 59 0.880543341123
1 60 0.348113405965
1 61 0.591574629205
1 62 0.166401979120
1 63 0.743232574565
1 64 0.561237318263
1 65 0.482761298450
1 66 0.970269831999
1 67 0.221575117486
1 68 0.961808779944
1 69 0.325750806316
1 70 0.004379023512
1 71 0.857981880509
1 72 0.434122162355
1 73 0.614857188998
1 74 0.671703137374
1 75 0.693153696518
1 76 0.844630134193
1 77 0.424038911688
1 78 0.046781399427
1 79 0.365654819378
1 80 0.878681158612
1 81 0.068805800521
1 82 0.928915048761
1 83 0.679494406135
1 84 0.762077989190
1 85 0.501449310937
1 86 0.342095388931
1 87 0.989150449380
1 88 0.903542367279
1 89 0.466639648294
1 90 0.965094665780
1 91 0.866060095768
1 92 0.212089688780
1 93 0.928500457230
1 94 0.578486154358
1 95 0.821573083284
1 96 0.187440103594
1 97 0.204801160172
1 98 0.359604557508
1 99 0.859346185172
2 0 0.253579806102
2 1 0.105730453873
2 2 0.106970580658
2 3 0.202599007291
2 4 0.876447805280
2 5 0.942770719585
2 6 0.497036469584
2 7 0.731005723022
2 8 0.189563304739
2 9 0.745118439836
2 10 0.539045330703
2 11 0.396475005004
2 12 0.551852733355
2 13 0.188553730099
2 14 0.114901946361
2 15 0.734687932864
2 16 0.268669591253
2 17 0.246122806316
2 18 0.621722156147
2 19 0.997681310414
2 20 0.430873985218
2 21 0.810242986480
2 22 0.568765746312
2 23 0.722981877526
2 24 0.041272961139
2 25 0.966381740270
2 26 0.988005176685
2 27 0.632491869113
2 28 0.952152251653
2 29 0.401433358275
2 30 0.145241066330
2 31 0.694416310519
2 32 0.173402000716
2 33 0.038419536432
2 34 0.582486684824
2 35 0.238164096099
2 36 0.889734443394
2 37 0.800783637820
2 38 0.280262515115
2 39 0.846361702982
2 40 0.401532173394
2 41 0.260060733207
2 42 0.739956074443
2 43 0.646414771694
2 44 0.741206857284
2 45 0.105341966544
2 46 0.881052877651
2 47 0.045577430630
2 48 0.744088894882
2 49 0.212401419018
2 50 0.487053283287
2 51 0.512012094234
2 52 0.580216026836
2 53 0.547621844242
2 54 0.863049058547
2 55 0.138466245156
2 56 0.544085471870
2 57 0.044304342960
2 58 0.103038399189
2 59 0.977383242843
2 60 0.391066907064
2 61 0.371703471903
2 62 0.752161281219
2 63 0.245741991457
2 64 0.855309813303
2 65 0.224510310935
2 66 0.495927158669
2 67 0.333575819308
2 68 0.230841673340
2 69 0.562262114878
2 70 0.490663813311
2 71 0.795403619029
2 72 0.023608960469
2 73 0.704860592356
2 74 0.263869085181
2 75 0.474973385581
2 76 0.939123740888
2 77 0.210195541995
2 78 0.393108370368
2 79 0.211216540332
2 80 0.008361615993
2 81 0.086727532871
2 82 0.612384338634
2 83 0.931720557253
2 84 0.937413603503
2 85 0.792587661084
2 86 0.259009198984
2 87 0.409450589887
2 88 0.066324119334
2 89 0.419474925816
2 90 0.188771214237
2 91 0.858821664580
2 92 0.090364793901
2 93 0.029295047105
2 94 0.602247283623
2 95 0.633296360618
2 96 0.409651596544
2 97 0.348964629805
2 98 0.664603352822
2 99 0.764405487453
3 0 0.491289970588
3 1 0.587702895028
3 2 0.493195199606
3 3 0.932936506798
3 4 0.649164404056
3 5 0.256842027815
3 6 0.225588821091
3 7 0.500136837784
3 8 0.439724457705
3 9 0.277038707579
3 10 0.136030627792
3 11 0.082708644242
3 12 0.182609283296
3 13 0.985867282538
3 14 0.202205956345
3 15 0.770761476193
3 16 0.479329724148
3 17 0.176428860192
3 18 0.339290736802
3 19 0.054280175990
3 20 0.926182726928
3 21 0.098539503713
3 22 0.870723250175
3 23 0.397408974266
3 24 0.399465901102
3 25 0.560469628026
3 26 0.717321413709
3 27 0.679317804818
3 28 0.945280029895
3 29 0.321167796205
3 30 0.603195537805
3 31 0.266787423063
3 32 0.542424764816
3 33 0.578294223382
3 34 0.007231290916
3 35 0.384417257979
3 36 0.000570569119
3 37 0.828914191483
3 38 0.972041654871
3 39 0.089515865267
3 40 0.650422228806
3 41 0.409633310717
3 42 0.637513258362
3 43 0.536526775158
3 44 0.703843327792
3 45 0.788065379030
3 46 0.198519691408
3 47 0.313360800502
3 48 0.739928701942
3 49 0.431267486143
3 50 0.259441940347
3 51 0.963474660254
3 52 0.722241300867
3 53 0.090157186745
3 54 0.450143202804
3 55 0.451594070456
3 56 0.460523797678
3 57 0.104550926670
3 58 0.138573861093
3 59 0.962369824431
3 60 0.863825547738
3 61 0.950095713466
3 62 0.812773220108
3 63 0.291229059925
3 64 0.877907464376
3 65 0.556497077395
3 66 0.441704770396
3 67 0.317876228980
3 68 0.555991689967
3 69 0.386913197970
3 70 0.971309426000
3 71 0.994838735802
3 72 0.154123209497
3 73 0.628841356997
3 74 0.855053661257
3 75 0.130225738754
3 76 0.203989367399
3 77 0.256331162701
3 78 0.351902250854
3 79 0.037205615428
3 80 0.091577661479
3 81 0.681315429160
3 82 0.211951612705
3 83 0.023615475069
3 84 0.357259813979
3 85 0.284510770220
3 86 0.039447546375
3 87 0.579882189122
3 88 0.068366835410
3 89 0.811066930188
3 90 0.556508922178
3 91 0.608942553921
3 92 0.947947616778
3 93 0.319110574181
3 94 0.562615981602
3 95 0.511338749215
3 96 0.914560528665
3 97 0.874188958723
3 98 0.547818665501
3 99 0.092182705133
4 0 0.843721308429
4 1 0.713307941300
4 2 0.218252097869
4 3 0.471158824251
4 4 0.848933650367
4 5 0.775809623077
4 6 0.790190890331
4 7 0.942828259846
4 8 0.388313217858
4 9 0.011431333503
4 10 0.685862014259
4 11 0.510701870967
4 12 0.019591616923
4 13 0.927321713073
4 14 0.484347682354
4 15 0.045296454662
4 16 0.853079602603
4 17 0.240211595033
4 18 0.247565689438
4 19 0.594189436634
4 20 0.700148550622
4 21 0.346553237640
4 22 0.403617498946
4 23 0.733461166188
4 24 0.296445803081
4 25 0.276378023543
4 26 0.431838477232
4 27 0.391948148455
4 28 0.521888277698
4 29 0.933068605229
4 30 0.718187995413
4 31 0.814206894030
4 32 0.379841258700
4 33 0.752747149170
4 34 0.819413221913
4 35 0.112842785411
4 36 0.896286851480
4 37 0.594211971686
4 38 0.754142296218
4 39 0.883007128242
4 40 0.171850966029
4 41 0.672122159451
4 42 0.524727336954
4 43 0.814433378334
4 44 0.502827574231
4 45 0.935325469801
4 46 0.922394568493
4 47 0.285751709314
4 48 0.712733804351
4 49 0.757289830991
4 50 0.346926304608
4 51 0.330609516717
4 52 0.628085991903
4 53 0.034140012900
4 54 0.499948446962
4 55 0.247699677105
4 56 0.091264989842
4 57 0.840589825871
4 58 0.193809881463
4 59 0.280455252566
4 60 0.552312100743
4 61 0.266827728863
4 62 0.147812199364
4 63 0.192223360070
4 64 0.484317673519
4 65 0.270307075855
4 66 0.169954748035
4 67 0.563483308774
4 68 0.994167575088
4 69 0.194465803588
4 70 0.329957945318
4 71 0.414245250188
4 72 0.992885386826
4 73 0.171282582071
4 74 0.724443513741
4 75 0.395586906804
4 76 0.198985713922
4 77 0.978230961252
4 78 0.764602868801
4 79 0.211197820210
4 80 0.199207070463
4 81 0.929008803498
4 82 0.017124835698
4 83 0.489726796332
4 84 0.139245146044
4 85 0.562538543435
4 86 0.681154735934
4 87 0.069689586468
4 88 0.312977361045
4 89 0.114016696233
4 90 0.837397974273
4 91 0.859308950638
4 92 0.835340096631
4 93 0.571590365350
4 94 0.239003398364
4 95 0.432046854395
4 96 0.762167387875
4 97 0.907903545464
4 98 0.264751986584
4 99 0.268161987040
0 0 10
0 1 10
0 2 6
0 3 11
0 4 10
0 5 8
0 6 12
0 7 11
0 8 9
0 9 5
0 10 7
0 11 13
0 12 7
0 13 6
0 14 9
0 15 9
0 16 11
0 17 7
0 18 6
0 19 7
0 20 12
0 21 10
0 22 10
0 23 10
0 24 11
0 25 10
0 26 10
0 27 10
0 28 12
0 29 13
0 30 11
0 31 10
0 32 7
0 33 10
0 34 11
0 35 10
0 36 11
0 37 7
0 38 12
0 39 10
0 40 9
0 41 6
0 42 5
0 43 11
0 44 10
0 45 5
0 46 7
0 47 12
0 48 12
0 49 9
0 50 11
0 51 12
0 52 10
0 53 6
0 54 12
0 55 10
0 56 10
0 57 11
0 58 10
0 59 7
0 60 8
0 61 6
0 62 10
0 63 10
0 64 12
0 65 7
0 66 12
0 67 12
0 68 11
0 69 9
0 70 11
0 71 11
0 72 11
0 73 11
0 74 11
0 75 5
0 76 10
0 77 6
0 78 11
0 79 12
0 80 8
0 81 13
0 82 10
0 83 12
0 84 7
0 85 10
0 86 11
0 87 7
0 88 11
0 89 8
0 90 10
0 91 11
0 92 6
0 93 7
0 94 12
0 95 5
0 96 6
0 97 13
0 98 7
0 99 6
1 0 10
1 1 10
1 2 7
1 3 10
1 4 11
1 5 8
1 6 12
1 7 10
1 8 9
1 9 7
1 10 6
1 11 13
1 12 7
1 13 5
1 14 10
1 15 9
1 16 11
1 17 5
1 18 7
1 19 7
1 20 11
1 21 12
1 22 11
1 23 10
1 24 9
1 25 10
1 26 10
1 27 11
1 28 11
1 29 13
1 30 10
1 31 12
1 32 7
1 33 11
1 34 11
1 35 10
1 36 11
1 37 8
1 38 12
1 39 10
1 40 8
1 41 7
1 42 7
1 43 11
1 44 12
1 45 7
1 46 7
1 47 12
1 48 13
1 49 11
1 50 13
1 51 11
1 52 10
1 53 8
1 54 13
1 55 10
1 56 11
1 57 12
1 58 10
1 59 5
1 60 8
1 61 6
1 62 11
1 63 10
1 64 10
1 65 5
1 66 12
1 67 12
1 68 13
1 69 7
1 70 10
1 71 10
1 72 13
1 73 9
1 74 10
1 75 6
1 76 10
1 77 8
1 78 11
1 79 11
1 80 6
1 81 12
1 82 11
1 83 11
1 84 7
1 85 10
1 86 13
1 87 6
1 88 11
1 89 9
1 90 8
1 91 12
1 92 6
1 93 6
1 94 12
1 95 6
1 96 8
1 97 13
1 98 5
1 99 6
2 0 11
2 1 9
2 2 6
2 3 9
2 4 11
2 5 8
2 6 10
2 7 10
2 8 8
2 9 7
2 10 6
2 11 12
2 12 6
2 13 6
2 14 9
2 15 9
2 16 9
2 17 6
2 18 7
2 19 6
2 20 13
2 21 11
2 22 11
2 23 9
2 24 9
2 25 10
2 26 9
2 27 11
2 28 12
2 29 12
2 30 10
2 31 11
2 32 7
2 33 10
2 34 10
2 35 9
2 36 12
2 37 7
2 38 12
2 39 11
2 40 10
2 41 5
2 42 5
2 43 11
2 44 12
2 45 7
2 46 6
2 47 12
2 48 12
2 49 9
2 50 13
2 51 13
2 52 10
2 53 7
2 54 11
2 55 10
2 56 10
2 57 12
2 58 12
2 59 6
2 60 9
2 61 5
2 62 9
2 63 10
2 64 12
2 65 7
2 66 11
2 67 11
2 68 11
2 69 8
2 70 11
2 71 9
2 72 13
2 73 9
2 74 10
2 75 7
2 76 10
2 77 7
2 78 13
2 79 12
2 80 6
2 81 12
2 82 10
2 83 11
2 84 5
2 85 8
2 86 13
2 87 8
2 88 13
2 89 10
2 90 9
2 91 10
2 92 7
2 93 6
2 94 13
2 95 7
2 96 6
2 97 11
2 98 5
2 99 6
3 0 9
3 1 8
3 2 8
3 3 10
3 4 11
3 5 6
3 6 12
3 7 11
3 8 9
3 9 5
3 10 7
3 11 12
3 12 7
3 13 6
3 14 10
3 15 7
3 16 11
3 17 6
3 18 5
3 19 5
3 20 12
3 21 12
3 22 12
3 23 11
3 24 11
3 25 9
3 26 9
3 27 10
3 28 11
3 29 12
3 30 11
3 31 10
3 32 9
3 33 11
3 34 10
3 35 10
3 36 13
3 37 7
3 38 12
3 39 12
3 40 10
3 41 5
3 42 7
3 43 12
3 44 12
3 45 7
3 46 6
3 47 12
3 48 12
3 49 10
3 50 13
3 51 11
3 52 10
3 53 6
3 54 11
3 55 10
3 56 12
3 57 10
3 58 10
3 59 6
3 60 10
3 61 5
3 62 10
3 63 10
3 64 11
3 65 6
3 66 13
3 67 12
3 68 12
3 69 9
3 70 11
3 71 11
3 72 11
3 73 10
3 74 10
3 75 5
3 76 10
3 77 6
3 78 13
3 79 12
3 80 8
3 81 12
3 82 10
3 83 12
3 84 5
3 85 10
3 86 11
3 87 8
3 88 11
3 89 9
3 90 8
3 91 11
3 92 6
3 93 5
3 94 12
3 95 7
3 96 7
3 97 12
3 98 7
3 99 5
4 0 8
4 1 7
4 2 5
4 3 7
4 4 10
4 5 6
4 6 9
4 7 7
4 8 6
4 9 5
4 10 5
4 11 9
4 12 5
4 13 5
4 14 9
4 15 6
4 16 7
4 17 3
4 18 3
4 19 4
4 20 11
4 21 8
4 22 10
4 23 7
4 24 8
4 25 6
4 26 7
4 27 9
4 28 11
4 29 10
4 30 8
4 31 10
4 32 6
4 33 9
4 34 9
4 35 9
4 36 9
4 37 6
4 38 9
4 39 10
4 40 6
4 41 5
4 42 4
4 43 10
4 44 8
4 45 5
4 46 5
4 47 9
4 48 9
4 49 7
4 50 11
4 51 10
4 52 8
4 53 4
4 54 11
4 55 10
4 56 10
4 57 8
4 58 9
4 59 4
4 60 6
4 61 3
4 62 8
4 63 8
4 64 10
4 65 3
4 66 9
4 67 9
4 68 9
4 69 6
4 70 8
4 71 9
4 72 9
4 73 9
4 74 7
4 75 3
4 76 9
4 77 4
4 78 9
4 79 11
4 80 4
4 81 10
4 82 8
4 83 10
4 84 3
4 85 7
4 86 9
4 87 5
4 88 9
4 89 7
4 90 7
4 91 9
4 92 5
4 93 5
4 94 10
4 95 5
4 96 6
4 97 10
4 98 4
4 99 4
