5 100 10 6 10.0 3.0 1.0 95
7 160 9
5 70 9
8 70 7
2 19 8
0 68 3
7 74 3
6 56 3
3 116 7
9 15 9
5 148 3
1 18 8
3 105 8
8 168 3
3 26 8
4 100 9
9 15 3
3 93 8
5 145 9
6 56 9
6 110 7
5 138 6
1 106 9
3 122 5
2 40 7
0 92 9
4 58 3
4 88 7
3 82 7
5 147 3
2 52 9
9 142 8
1 60 8
7 33 7
0 56 9
7 37 7
4 88 9
7 143 7
5 57 8
0 75 3
4 138 8
2 79 3
9 210 8
8 105 4
7 89 9
8 205 3
3 126 4
4 40 4
6 194 8
0 48 5
6 100 8
2 99 3
6 86 4
8 107 7
8 61 7
6 166 4
8 159 8
3 124 7
2 84 8
9 118 9
9 42 3
7 163 3
4 7 8
9 108 8
1 26 8
6 64 9
9 38 4
8 135 9
1 92 5
7 137 4
1 6 5
4 8 3
0 55 8
0 60 9
1 78 7
3 126 3
3 114 3
6 36 3
1 80 3
8 5 7
7 113 7
9 32 4
1 100 9
0 45 7
2 20 9
0 28 7
2 11 6
5 62 8
5 99 7
5 66 9
2 123 4
7 100 4
1 63 3
0 30 6
8 131 4
6 186 7
4 42 4
9 65 8
5 147 5
4 3 8
2 128 9
0 0 0.619178363960
0 1 0.319108234597
0 2 0.578677252060
0 3 0.206944838882
0 4 0.056102819488
0 5 0.846043552961
0 6 0.732079025071
0 7 0.160513061234
0 8 0.160036182755
0 9 0.351356695192
0 10 0.052747626150
0 11 0.355674980956
0 12 0.984111502220
0 13 0.222482360956
0 14 0.010252594324
0 15 0.898054533278
0 16 0.711763033624
0 17 0.701004544048
0 18 0.041043369712
0 19 0.934876192478
0 20 0.935842722596
0 21 0.196038522820
0 22 0.123253908903
0 23 0.044003022960
0 24 0.119199084297
0 25 0.046095066721
0 26 0.467994135335
0 27 0.629760658901
0 28 0.511235469186
0 29 0.943446601520
0 30 0.576351967421
0 31 0.145854536758
0 32 0.837603599990
0 33 0.077591228399
0 34 0.291588853663
0 35 0.359654360081
0 36 0.516134981568
0 37 0.536691123012
0 38 0.488214667441
0 39 0.789573958040
0 40 0.569963249831
0 41 0.214429789567
0 42 0.725362169420
0 43 0.871131136097
0 44 0.597071799079
0 45 0.263904621559
0 46 0.579177273953
0 47 0.270329603571
0 48 0.716879574481
0 49 0.318386746736
0 50 0.109251239188
0 51 0.737633731029
0 52 0.292164034820
0 53 0.884568665591
0 54 0.379906896156
0 55 0.148765577487
0 56 0.338471251190
0 57 0.274776695131
0 58 0.274525950157
0 59 0.774595981883
0 60 0.318245729678
0 61 0.097203761639
0 62 0.447705948957
0 63 0.642387019452
0 64 0.715161603995
0 65 0.705412484117
0 66 0.339878995634
0 67 0.696181028649
0 68 0.614037304388
0 69 0.366229915492
0 70 0.135348265457
0 71 0.556685223818
0 72 0.183741460249
0 73 0.021274168993
0 74 0.121676305004
0 75 0.074933709777
0 76 0.380726776570
0 77 0.570626388263
0 78 0.757468822995
0 79 0.081080639502
0 80 0.319535675904
0 81 0.115135213685
0 82 0.726206508614
0 83 0.327527368765
0 84 0.852275957017
0 85 0.223138814028
0 86 0.169385016843
0 87 0.171397116081
0 88 0.551449100170
0 89 0.233744874686
0 90 0.704716760929
0 91 0.808301942821
0 92 0.390738935511
0 93 0.695944903880
0 94 0.040593294572
0 95 0.457664554231
0 96 0.662230905276
0 97 0.570867917992
0 98 0.751201039405
0 99 0.511691759039
1 0 0.866341030887
1 1 0.779037625783
1 2 0.387207694371
1 3 0.914737131529
1 4 0.576373368139
1 5 0.804250313957
1 6 0.710006060680
1 7 0.408638104179
1 8 0.938704671477
1 9 0.603380496552
1 10 0.100733618813
1 11 0.991383517622
1 12 0.056161025587
1 13 0.763472089104
1 14 0.332566819254
1 15 0.402816564899
1 16 0.451445106572
1 17 0.642246183646
1 18 0.024792984225
1 19 0.774526533857
1 20 0.857398276696
1 21 0.230816716183
1 22 0.742346898189
1 23 0.534278554286
1 24 0.310584618375
1 25 0.367445073325
1 26 0.637005705541
1 27 0.629074810387
1 28 0.467571924485
1 29 0.312796129163
1 30 0.416715062547
1 31 0.929159035735
1 32 0.432487305191
1 33 0.127197059066
1 34 0.188144161428
1 35 0.775014601845
1 36 0.797362340792
1 37 0.026133205793
1 38 0.797944509340
1 39 0.022950832323
1 40 0.429474970027
1 41 0.407233987379
1 42 0.472474480015
1 43 0.342756400223
1 44 0.952474781136
1 45 0.705889827511
1 46 0.803271865785
1 47 0.738064304289
1 48 0.933821884063
1 49 0.036294413632
1 50 0.377118387298
1 51 0.654586654344
1 52 0.077649848256
1 53 0.988611523082
1 54 0.355986117791
1 55 0.667197819581
1 56 0.302832296246
1 57 0.498950500320
1 58 0.845937539092
1 59 0.870540392844
1 60 0.339049802699
1 61 0.638348464617
1 62 0.620735218043
1 63 0.999803198495
1 64 0.909045226664
1 65 0.590492475803
1 66 0.227255443031
1 67 0.813531739107
1 68 0.874511447167
1 69 0.545794708566
1 70 0.784303351211
1 71 0.007928801014
1 72 0.822608812928
1 73 0.694194454656
1 74 0.681818330308
1 75 0.332918946827
1 76 0.038439750914
1 77 0.150991503978
1 78 0.327937040268
1 79 0.737383269625
1 80 0.368577987417
1 81 0.974477241191
1 82 0.179681783241
1 83 0.553860446549
1 84 0.033093490839
1 85 0.741008956088
1 86 0.473935195935
1 87 0.227900768917
1 88 0.749035409008
1 89 0.039494022060
1 90 0.233861942544
1 91 0.962979703763
1 92 0.168452445579
1 93 0.391127242285
1 94 0.405024135579
1 95 0.139176675507
1 96 0.685064553674
1 97 0.556371757543
1 98 0.785602094822
1 99 0.608263413353
2 0 0.041807742516
2 1 0.278617673614
2 2 0.824306007017
2 3 0.404637812623
2 4 0.243378696560
2 5 0.205701794937
2 6 0.453181026295
2 7 0.931220462903
2 8 0.414866570978
2 9 0.925339605157
2 10 0.315658175881
2 11 0.462026291679
2 12 0.535724070479
2 13 0.610373242231
2 14 0.999435171088
2 15 0.573682627444
2 16 0.560601342178
2 17 0.264028629618
2 18 0.583091968283
2 19 0.630178255309
2 20 0.789580181978
2 21 0.980678942866
2 22 0.903779785112
2 23 0.844678817704
2 24 0.870979213920
2 25 0.399704647339
2 26 0.635030705122
2 27 0.007641486097
2 28 0.916321026853
2 29 0.489204985060
2 30 0.303083489148
2 31 0.961014997732
2 32 0.728252464994
2 33 0.836301042528
2 34 0.626644151513
2 35 0.544261911603
2 36 0.096204491819
2 37 0.855011431041
2 38 0.846735171782
2 39 0.590509766035
2 40 0.740277780129
2 41 0.439796325090
2 42 0.896584967486
2 43 0.270524810852
2 44 0.920521564445
2 45 0.829491521412
2 46 0.851343529073
2 47 0.918901899399
2 48 0.757659413190
2 49 0.333269542185
2 50 0.845070830206
2 51 0.678483978623
2 52 0.414687517196
2 53 0.157227037163
2 54 0.805922325471
2 55 0.255494597388
2 56 0.980178744174
2 57 0.474964846595
2 58 0.974573131526
2 59 0.888497221855
2 60 0.649977837212
2 61 0.963983021557
2 62 0.514646031293
2 63 0.684994081984
2 64 0.334959348523
2 65 0.286231654333
2 66 0.757043787424
2 67 0.392410717159
2 68 0.544572198169
2 69 0.078139731607
2 70 0.768812550797
2 71 0.934322794459
2 72 0.750824136425
2 73 0.525929836524
2 74 0.368223999471
2 75 0.067432157229
2 76 0.766416796111
2 77 0.489448451245
2 78 0.546314297012
2 79 0.831584693783
2 80 0.271959998546
2 81 0.049274318947
2 82 0.823523890915
2 83 0.408630301741
2 84 0.540517736502
2 85 0.752535928672
2 86 0.094591872605
2 87 0.444762830615
2 88 0.812047601569
2 89 0.388609787196
2 90 0.560838122867
2 91 0.858501159441
2 92 0.946867160998
2 93 0.046967353685
2 94 0.320466632108
2 95 0.718698220047
2 96 0.253010952144
2 97 0.758671074934
2 98 0.595988567519
2 99 0.067799589642
3 0 0.684581819752
3 1 0.764871125950
3 2 0.273215482811
3 3 0.687598856416
3 4 0.152287170558
3 5 0.274846608166
3 6 0.339938684115
3 7 0.062939791092
3 8 0.807961133579
3 9 0.290902134179
3 10 0.203706756387
3 11 0.627662042417
3 12 0.684306423832
3 13 0.741156451364
3 14 0.704068134364
3 15 0.830117349928
3 16 0.807892252716
3 17 0.140002130051
3 18 0.068014539278
3 19 0.141253302255
3 20 0.895035455996
3 21 0.329073018877
3 22 0.178104017983
3 23 0.601416254572
3 24 0.216802275231
3 25 0.686578206970
3 26 0.529410696322
3 27 0.092419206769
3 28 0.960711809172
3 29 0.203539324137
3 30 0.572390282211
3 31 0.335566848704
3 32 0.046423144896
3 33 0.888590817754
3 34 0.896480074074
3 35 0.548220856639
3 36 0.101598369952
3 37 0.451443311233
3 38 0.627486125712
3 39 0.750540418417
3 40 0.480036962336
3 41 0.390031300289
3 42 0.775911074989
3 43 0.147341515977
3 44 0.476389999944
3 45 0.797377371464
3 46 0.529454955345
3 47 0.119655088311
3 48 0.952487627412
3 49 0.760992648300
3 50 0.579977218417
3 51 0.109251937539
3 52 0.526972979111
3 53 0.552658091357
3 54 0.088425851967
3 55 0.727431754023
3 56 0.634157149462
3 57 0.206876581747
3 58 0.046951843354
3 59 0.555744976558
3 60 0.779094805161
3 61 0.150574719602
3 62 0.647392352333
3 63 0.924960600647
3 64 0.552795141095
3 65 0.627149289649
3 66 0.060304282862
3 67 0.098143915332
3 68 0.959420257329
3 69 0.979088089206
3 70 0.365223371343
3 71 0.297541120755
3 72 0.661285933717
3 73 0.421843596831
3 74 0.393198047023
3 75 0.153167954236
3 76 0.729291515511
3 77 0.968857613537
3 78 0.418372135315
3 79 0.504257045673
3 80 0.830369930718
3 81 0.979243888225
3 82 0.501808577107
3 83 0.321465106757
3 84 0.211621046321
3 85 0.625836049816
3 86 0.404842217096
3 87 0.151110935309
3 88 0.935605086253
3 89 0.414486913431
3 90 0.753447414560
3 91 0.703485881846
3 92 0.303888054312
3 93 0.182103805206
3 94 0.723227265236
3 95 0.465586704693
3 96 0.401559332392
3 97 0.827033408868
3 98 0.295064328746
3 99 0.121472841023
4 0 0.189529305560
4 1 0.522336802773
4 2 0.313713841199
4 3 0.404297850900
4 4 0.840622706800
4 5 0.200291159789
4 6 0.459164107490
4 7 0.746476251221
4 8 0.914877129350
4 9 0.968291766831
4 10 0.172626815818
4 11 0.499812713643
4 12 0.263329573573
4 13 0.351057971662
4 14 0.431131257709
4 15 0.061300543332
4 16 0.357932300149
4 17 0.584055389730
4 18 0.828327180898
4 19 0.784048865895
4 20 0.890132092568
4 21 0.111703323647
4 22 0.016848814269
4 23 0.842167753022
4 24 0.297922925436
4 25 0.425636691494
4 26 0.964403218202
4 27 0.768976544174
4 28 0.241739411414
4 29 0.443824586638
4 30 0.140333208683
4 31 0.106598850879
4 32 0.726435798651
4 33 0.737618876516
4 34 0.528177152596
4 35 0.228784143163
4 36 0.005276216670
4 37 0.546544008896
4 38 0.008342272091
4 39 0.135665633431
4 40 0.650018481890
4 41 0.190934548907
4 42 0.138584412899
4 43 0.310539330723
4 44 0.997640594591
4 45 0.619207362502
4 46 0.925441081428
4 47 0.148889161352
4 48 0.564637813294
4 49 0.135944678869
4 50 0.425462163151
4 51 0.555707097051
4 52 0.369654853856
4 53 0.905050927455
4 54 0.213700544054
4 55 0.835556146238
4 56 0.219666264890
4 57 0.448426928976
4 58 0.505252443732
4 59 0.840139331328
4 60 0.097193915651
4 61 0.763454153989
4 62 0.027885038183
4 63 0.820828717213
4 64 0.685584488488
4 65 0.940628936413
4 66 0.167593572290
4 67 0.834200002465
4 68 0.260684086385
4 69 0.256763379905
4 70 0.372019204071
4 71 0.406957745262
4 72 0.855117669756
4 73 0.178221821889
4 74 0.407151396241
4 75 0.370939324879
4 76 0.511866295611
4 77 0.185465708379
4 78 0.399589518151
4 79 0.416460972316
4 80 0.010057580648
4 81 0.556841476885
4 82 0.234967321019
4 83 0.106475201630
4 84 0.235924384813
4 85 0.924262110045
4 86 0.333001935543
4 87 0.507474120114
4 88 0.936878012215
4 89 0.936276577737
4 90 0.448182716300
4 91 0.083657849716
4 92 0.243820600439
4 93 0.529960431695
4 94 0.772096506041
4 95 0.023538906498
4 96 0.166909003046
4 97 0.370399453794
4 98 0.656115132568
4 99 0.130642623027
0 0 11
0 1 11
0 2 8
0 3 10
0 4 6
0 5 4
0 6 5
0 7 10
0 8 12
0 9 4
0 10 9
0 11 9
0 12 4
0 13 9
0 14 10
0 15 6
0 16 10
0 17 10
0 18 12
0 19 9
0 20 8
0 21 11
0 22 8
0 23 8
0 24 12
0 25 6
0 26 10
0 27 8
0 28 5
0 29 11
0 30 11
0 31 10
0 32 8
0 33 10
0 34 10
0 35 11
0 36 10
0 37 10
0 38 4
0 39 11
0 40 6
0 41 10
0 42 7
0 43 10
0 44 4
0 45 5
0 46 7
0 47 11
0 48 8
0 49 10
0 50 6
0 51 5
0 52 8
0 53 9
0 54 7
0 55 10
0 56 10
0 57 10
0 58 10
0 59 4
0 60 5
0 61 9
0 62 10
0 63 11
0 64 11
0 65 7
0 66 12
0 67 6
0 68 5
0 69 7
0 70 4
0 71 11
0 72 12
0 73 10
0 74 6
0 75 6
0 76 4
0 77 4
0 78 10
0 79 10
0 80 5
0 81 12
0 82 9
0 83 11
0 84 10
0 85 9
0 86 11
0 87 8
0 88 11
0 89 6
0 90 6
0 91 5
0 92 9
0 93 5
0 94 10
0 95 7
0 96 10
0 97 8
0 98 9
0 99 11
1 0 12
1 1 10
1 2 10
1 3 11
1 4 5
1 5 5
1 6 4
1 7 9
1 8 11
1 9 5
1 10 10
1 11 9
1 12 4
1 13 9
1 14 10
1 15 5
1 16 9
1 17 10
1 18 12
1 19 10
1 20 8
1 21 10
1 22 7
1 23 9
1 24 11
1 25 6
1 26 9
1 27 8
1 28 5
1 29 12
1 30 11
1 31 11
1 32 8
1 33 12
1 34 8
1 35 10
1 36 9
1 37 9
1 38 4
1 39 9
1 40 6
1 41 10
1 42 5
1 43 11
1 44 4
1 45 7
1 46 5
1 47 9
1 48 8
1 49 10
1 50 6
1 51 6
1 52 8
1 53 8
1 54 5
1 55 10
1 56 8
1 57 9
1 58 11
1 59 4
1 60 6
1 61 9
1 62 10
1 63 10
1 64 10
1 65 7
1 66 12
1 67 8
1 68 5
1 69 6
1 70 6
1 71 11
1 72 11
1 73 10
1 74 4
1 75 4
1 76 4
1 77 4
1 78 10
1 79 9
1 80 5
1 81 12
1 82 10
1 83 10
1 84 10
1 85 9
1 86 9
1 87 8
1 88 12
1 89 7
1 90 7
1 91 5
1 92 7
1 93 7
1 94 8
1 95 6
1 96 9
1 97 8
1 98 10
1 99 11
2 0 9
2 1 11
2 2 8
2 3 8
2 4 4
2 5 3
2 6 3
2 7 8
2 8 9
2 9 5
2 10 9
2 11 9
2 12 5
2 13 10
2 14 9
2 15 3
2 16 8
2 17 10
2 18 9
2 19 8
2 20 7
2 21 9
2 22 6
2 23 7
2 24 11
2 25 3
2 26 9
2 27 7
2 28 5
2 29 9
2 30 10
2 31 10
2 32 8
2 33 11
2 34 8
2 35 11
2 36 9
2 37 10
2 38 4
2 39 9
2 40 4
2 41 8
2 42 6
2 43 11
2 44 3
2 45 6
2 46 6
2 47 9
2 48 6
2 49 10
2 50 4
2 51 5
2 52 8
2 53 7
2 54 6
2 55 9
2 56 7
2 57 10
2 58 9
2 59 4
2 60 3
2 61 8
2 62 8
2 63 10
2 64 11
2 65 5
2 66 9
2 67 5
2 68 5
2 69 5
2 70 4
2 71 10
2 72 11
2 73 7
2 74 5
2 75 5
2 76 5
2 77 5
2 78 7
2 79 9
2 80 6
2 81 11
2 82 9
2 83 10
2 84 7
2 85 6
2 86 8
2 87 9
2 88 11
2 89 4
2 90 5
2 91 5
2 92 6
2 93 6
2 94 9
2 95 4
2 96 9
2 97 6
2 98 9
2 99 9
3 0 10
3 1 11
3 2 10
3 3 10
3 4 5
3 5 6
3 6 6
3 7 10
3 8 11
3 9 5
3 10 10
3 11 10
3 12 4
3 13 9
3 14 10
3 15 5
3 16 11
3 17 10
3 18 12
3 19 9
3 20 9
3 21 11
3 22 8
3 23 9
3 24 10
3 25 4
3 26 8
3 27 9
3 28 6
3 29 10
3 30 9
3 31 9
3 32 8
3 33 10
3 34 10
3 35 10
3 36 8
3 37 10
3 38 6
3 39 9
3 40 6
3 41 10
3 42 5
3 43 10
3 44 5
3 45 5
3 46 6
3 47 10
3 48 8
3 49 9
3 50 4
3 51 6
3 52 8
3 53 9
3 54 7
3 55 9
3 56 9
3 57 11
3 58 11
3 59 6
3 60 4
3 61 10
3 62 9
3 63 10
3 64 10
3 65 5
3 66 10
3 67 7
3 68 6
3 69 8
3 70 6
3 71 10
3 72 11
3 73 9
3 74 4
3 75 6
3 76 4
3 77 5
3 78 9
3 79 8
3 80 5
3 81 10
3 82 10
3 83 10
3 84 9
3 85 9
3 86 10
3 87 10
3 88 12
3 89 5
3 90 5
3 91 4
3 92 7
3 93 6
3 94 10
3 95 5
3 96 11
3 97 7
3 98 9
3 99 12
4 0 11
4 1 12
4 2 9
4 3 10
4 4 7
4 5 5
4 6 6
4 7 11
4 8 13
4 9 7
4 10 11
4 11 12
4 12 6
4 13 12
4 14 13
4 15 5
4 16 12
4 17 12
4 18 12
4 19 11
4 20 9
4 21 13
4 22 7
4 23 11
4 24 12
4 25 5
4 26 11
4 27 11
4 28 7
4 29 12
4 30 11
4 31 10
4 32 9
4 33 13
4 34 10
4 35 12
4 36 9
4 37 10
4 38 7
4 39 11
4 40 6
4 41 12
4 42 8
4 43 11
4 44 6
4 45 8
4 46 7
4 47 12
4 48 9
4 49 12
4 50 5
4 51 6
4 52 10
4 53 10
4 54 8
4 55 12
4 56 9
4 57 10
4 58 13
4 59 6
4 60 7
4 61 12
4 62 12
4 63 12
4 64 13
4 65 7
4 66 13
4 67 9
4 68 6
4 69 7
4 70 7
4 71 11
4 72 11
4 73 9
4 74 6
4 75 5
4 76 6
4 77 5
4 78 10
4 79 11
4 80 7
4 81 13
4 82 10
4 83 12
4 84 11
4 85 8
4 86 12
4 87 11
4 88 11
4 89 7
4 90 8
4 91 7
4 92 10
4 93 7
4 94 9
4 95 7
4 96 12
4 97 8
4 98 10
4 99 11
