5 100 10 6 10.0 3.0 1.0 95
6 146 6
9 12 6
3 78 8
1 107 7
5 50 8
0 97 9
9 215 8
9 115 9
7 169 6
0 90 7
9 248 9
9 38 3
8 23 6
6 36 9
6 8 9
3 93 6
5 145 7
5 29 3
9 78 8
8 58 8
1 18 7
6 122 3
1 86 4
9 58 7
9 18 4
8 2 7
1 107 3
4 155 5
9 32 3
2 92 3
3 105 7
3 102 6
9 60 9
7 137 3
2 113 9
0 63 9
7 22 8
8 19 8
7 184 3
6 144 7
3 64 7
5 152 8
6 56 9
4 87 8
8 124 4
4 57 8
4 147 3
6 30 7
0 52 3
5 88 7
0 29 3
1 43 5
5 26 6
2 109 8
4 135 9
5 38 4
2 60 4
8 121 3
0 15 4
5 161 8
1 29 8
6 66 8
7 193 7
4 57 8
7 156 7
2 112 3
7 186 6
1 46 3
2 100 7
0 46 8
3 146 3
3 22 7
4 147 7
1 51 7
5 150 9
5 24 3
7 41 7
2 93 8
2 44 8
2 103 4
0 61 8
1 13 9
3 84 9
7 202 7
7 212 9
4 35 4
3 70 3
3 50 9
1 54 7
4 162 7
0 26 9
4 100 3
8 180 9
8 170 7
8 156 7
0 89 5
2 107 7
8 208 3
6 148 3
6 134 5
0 0 0.969369451995
0 1 0.117730937285
0 2 0.078693303316
0 3 0.924803440983
0 4 0.985507356831
0 5 0.091271247188
0 6 0.261509278947
0 7 0.844991646697
0 8 0.675533124002
0 9 0.480897516282
0 10 0.865316308802
0 11 0.123008852364
0 12 0.584309492444
0 13 0.103194406137
0 14 0.288411369329
0 15 0.445361199033
0 16 0.718716764583
0 17 0.325009072847
0 18 0.073961248101
0 19 0.332097520291
0 20 0.659633078063
0 21 0.796728342455
0 22 0.996062897459
0 23 0.680989195313
0 24 0.902979726528
0 25 0.669888197399
0 26 0.855920399030
0 27 0.941639746519
0 28 0.152701514649
0 29 0.738132118841
0 30 0.681303459770
0 31 0.297221114774
0 32 0.493000461338
0 33 0.424916347662
0 34 0.903745856191
0 35 0.002272225348
0 36 0.645684927568
0 37 0.816596139194
0 38 0.668580541150
0 39 0.829898323297
0 40 0.994974773550
0 41 0.434300626725
0 42 0.978508580809
0 43 0.075707895208
0 44 0.304730812076
0 45 0.782147636974
0 46 0.471192533819
0 47 0.707768586115
0 48 0.224066716198
0 49 0.625960636079
0 50 0.263383894994
0 51 0.776421973230
0 52 0.911176116726
0 53 0.022363193853
0 54 0.916530219117
0 55 0.469747721327
0 56 0.618588736830
0 57 0.262445639365
0 58 0.007932767950
0 59 0.536162421370
0 60 0.342097744917
0 61 0.106930450964
0 62 0.445023293327
0 63 0.881259109176
0 64 0.997446837420
0 65 0.730799153406
0 66 0.365032259657
0 67 0.018309621541
0 68 0.715702793467
0 69 0.413021206106
0 70 0.725836201944
0 71 0.327229902075
0 72 0.423076794311
0 73 0.569132825666
0 74 0.181395338308
0 75 0.794961288205
0 76 0.107206068439
0 77 0.170928645399
0 78 0.186575751876
0 79 0.239528699455
0 80 0.167175398949
0 81 0.079232182445
0 82 0.240368897971
0 83 0.165647521998
0 84 0.623855364549
0 85 0.057518910516
0 86 0.118207592514
0 87 0.221926584153
0 88 0.725784282976
0 89 0.780916343507
0 90 0.722248436844
0 91 0.100520809742
0 92 0.339970582255
0 93 0.692395922054
0 94 0.160582089435
0 95 0.426195940392
0 96 0.550884632453
0 97 0.063064718802
0 98 0.798406881784
0 99 0.715639738072
1 0 0.553868575309
1 1 0.646225605852
1 2 0.923462059986
1 3 0.560214841604
1 4 0.237120890739
1 5 0.582873240761
1 6 0.803021364652
1 7 0.375981102492
1 8 0.392107463364
1 9 0.875326360693
1 10 0.858982648085
1 11 0.501001759221
1 12 0.394676827784
1 13 0.770486999666
1 14 0.944858082545
1 15 0.692853054990
1 16 0.414061738139
1 17 0.635052302037
1 18 0.440874478065
1 19 0.025255702461
1 20 0.839318131565
1 21 0.126018484002
1 22 0.693886621497
1 23 0.003301677489
1 24 0.093835941865
1 25 0.844083375331
1 26 0.098037624832
1 27 0.038521691420
1 28 0.016940357747
1 29 0.230502900466
1 30 0.011068673864
1 31 0.527553010349
1 32 0.968543435441
1 33 0.525783122283
1 34 0.643042449174
1 35 0.766610002851
1 36 0.691202205813
1 37 0.836969204785
1 38 0.015934981427
1 39 0.089442690675
1 40 0.328659135291
1 41 0.200151138779
1 42 0.744323273446
1 43 0.740093086212
1 44 0.021131880133
1 45 0.769063323053
1 46 0.761772862765
1 47 0.240526167149
1 48 0.692779441448
1 49 0.563599381986
1 50 0.145354207237
1 51 0.675146630890
1 52 0.211341038854
1 53 0.656295353457
1 54 0.379670413734
1 55 0.150303927253
1 56 0.597493758990
1 57 0.039338820743
1 58 0.788787508356
1 59 0.700421334841
1 60 0.889491405331
1 61 0.325491050910
1 62 0.066974914213
1 63 0.191855851418
1 64 0.889253554414
1 65 0.501114331581
1 66 0.652046348986
1 67 0.350676570894
1 68 0.106251373537
1 69 0.014614883383
1 70 0.997065673090
1 71 0.410879766764
1 72 0.825282759994
1 73 0.653037448843
1 74 0.408583731174
1 75 0.589907632670
1 76 0.382526028579
1 77 0.339873184868
1 78 0.738832267602
1 79 0.665675139375
1 80 0.949794679539
1 81 0.977089716843
1 82 0.805560935584
1 83 0.794315951760
1 84 0.864671581020
1 85 0.758671032574
1 86 0.187668726507
1 87 0.269275529198
1 88 0.942918379622
1 89 0.897244663485
1 90 0.923677207756
1 91 0.065770445775
1 92 0.028567635575
1 93 0.512235948559
1 94 0.281946832009
1 95 0.204052181810
1 96 0.311164478377
1 97 0.644171135825
1 98 0.937874247942
1 99 0.811839806863
2 0 0.520298833017
2 1 0.296592754539
2 2 0.888460439272
2 3 0.210680538532
2 4 0.532694842193
2 5 0.921821197587
2 6 0.645238709095
2 7 0.795346876432
2 8 0.242204524602
2 9 0.208703188894
2 10 0.475976284798
2 11 0.276834447723
2 12 0.710002444453
2 13 0.389486706037
2 14 0.124158261853
2 15 0.637863131406
2 16 0.606160208853
2 17 0.386239393982
2 18 0.449973899772
2 19 0.534140854744
2 20 0.287083602885
2 21 0.918318210351
2 22 0.345470401680
2 23 0.736833536989
2 24 0.864685112875
2 25 0.338242819537
2 26 0.065563494637
2 27 0.320469932617
2 28 0.659011028542
2 29 0.611818889974
2 30 0.377312304739
2 31 0.986540628382
2 32 0.257718339692
2 33 0.396063807484
2 34 0.864339687521
2 35 0.030126990238
2 36 0.201037712922
2 37 0.671749715293
2 38 0.457270166700
2 39 0.419322103898
2 40 0.514000529146
2 41 0.921680969570
2 42 0.265186118360
2 43 0.250447422284
2 44 0.451951424043
2 45 0.140779673747
2 46 0.520110963055
2 47 0.563810862933
2 48 0.308580619638
2 49 0.513181716060
2 50 0.835216578232
2 51 0.487834412735
2 52 0.071544096752
2 53 0.609314119794
2 54 0.221701675262
2 55 0.842894739110
2 56 0.934280660474
2 57 0.401160395944
2 58 0.708196980314
2 59 0.006553938374
2 60 0.192312487505
2 61 0.613787826482
2 62 0.219814122144
2 63 0.663757100632
2 64 0.865602197706
2 65 0.358473962339
2 66 0.412386706317
2 67 0.436705357037
2 68 0.000848014805
2 69 0.765011185694
2 70 0.681163735733
2 71 0.224710031219
2 72 0.405162318386
2 73 0.841779654156
2 74 0.303931771319
2 75 0.400128120473
2 76 0.063154254215
2 77 0.253220702894
2 78 0.816353978321
2 79 0.186550497331
2 80 0.517018333682
2 81 0.350499150430
2 82 0.648299156683
2 83 0.609795699064
2 84 0.912615185587
2 85 0.673309872155
2 86 0.483978896101
2 87 0.585016337295
2 88 0.264995430453
2 89 0.688632560535
2 90 0.516224084410
2 91 0.826534265942
2 92 0.047177389954
2 93 0.964233544254
2 94 0.773217922238
2 95 0.779766368376
2 96 0.624527604090
2 97 0.444703432362
2 98 0.802250798542
2 99 0.050523481047
3 0 0.720952181703
3 1 0.550020177601
3 2 0.147021243035
3 3 0.042014838113
3 4 0.545475267518
3 5 0.025875207154
3 6 0.707585847795
3 7 0.337871346070
3 8 0.534880083945
3 9 0.672199239404
3 10 0.637990377829
3 11 0.928562287984
3 12 0.564916223728
3 13 0.689547041919
3 14 0.851861975175
3 15 0.037581888390
3 16 0.295067791216
3 17 0.870104684554
3 18 0.831940936819
3 19 0.102104967429
3 20 0.373871749235
3 21 0.114598166476
3 22 0.751489480932
3 23 0.660384370726
3 24 0.329626535892
3 25 0.649221284692
3 26 0.153618463144
3 27 0.639004509399
3 28 0.159849942410
3 29 0.687621834855
3 30 0.266270539070
3 31 0.967429054389
3 32 0.424462805826
3 33 0.688493435312
3 34 0.963502783849
3 35 0.791659522563
3 36 0.864307113803
3 37 0.192466696002
3 38 0.734651444374
3 39 0.441874127196
3 40 0.989758581088
3 41 0.328582056889
3 42 0.219455667868
3 43 0.130728476645
3 44 0.662610663630
3 45 0.443450745973
3 46 0.163887274329
3 47 0.149368276983
3 48 0.860451796206
3 49 0.530232916859
3 50 0.650046376393
3 51 0.207582640063
3 52 0.446138892455
3 53 0.508075007834
3 54 0.339123461056
3 55 0.716169027027
3 56 0.025692773560
3 57 0.041073700054
3 58 0.502106767896
3 59 0.017263932407
3 60 0.640472833317
3 61 0.272642260214
3 62 0.273349074354
3 63 0.687341932314
3 64 0.305683864873
3 65 0.179408683571
3 66 0.879781197985
3 67 0.078353659186
3 68 0.196523691178
3 69 0.860551797992
3 70 0.428272766016
3 71 0.439259241465
3 72 0.744149782824
3 73 0.624312996786
3 74 0.894229693283
3 75 0.983609006552
3 76 0.888835240929
3 77 0.912661330083
3 78 0.179064950116
3 79 0.705535355059
3 80 0.206279727916
3 81 0.359719726570
3 82 0.939680411131
3 83 0.836664607762
3 84 0.226842792528
3 85 0.036003925472
3 86 0.051929614322
3 87 0.108396619563
3 88 0.742286121949
3 89 0.817654043504
3 90 0.105607935450
3 91 0.468769001635
3 92 0.072066770993
3 93 0.734307832655
3 94 0.594331282900
3 95 0.747669160246
3 96 0.994518840445
3 97 0.550927702506
3 98 0.217194443513
3 99 0.854800868540
4 0 0.400337438907
4 1 0.658002356939
4 2 0.513674269468
4 3 0.535191695366
4 4 0.327993338201
4 5 0.698483635054
4 6 0.481401381554
4 7 0.478470870754
4 8 0.577051897443
4 9 0.780619839780
4 10 0.167191161214
4 11 0.379666369569
4 12 0.746441330563
4 13 0.569045176431
4 14 0.031837551955
4 15 0.942165166103
4 16 0.160304579625
4 17 0.769489993287
4 18 0.111036965641
4 19 0.980510838336
4 20 0.549557030527
4 21 0.368798201011
4 22 0.048948213638
4 23 0.133781964915
4 24 0.156382688357
4 25 0.944717004623
4 26 0.307914447163
4 27 0.013006735504
4 28 0.450321828643
4 29 0.393427264464
4 30 0.990345893313
4 31 0.093975327491
4 32 0.207880613894
4 33 0.064127556208
4 34 0.456593906958
4 35 0.248407220063
4 36 0.690868541764
4 37 0.403040306448
4 38 0.414348389375
4 39 0.278787966246
4 40 0.222856525399
4 41 0.748975359924
4 42 0.251224471337
4 43 0.629525217550
4 44 0.797038552024
4 45 0.824636998439
4 46 0.588273903919
4 47 0.911732968793
4 48 0.915544937295
4 49 0.543802317733
4 50 0.226626663466
4 51 0.162136400945
4 52 0.667003825733
4 53 0.077784317800
4 54 0.873636303247
4 55 0.840707294622
4 56 0.098123482118
4 57 0.260915945173
4 58 0.067480458347
4 59 0.074144314636
4 60 0.923838917507
4 61 0.498655939383
4 62 0.001127169536
4 63 0.828069323884
4 64 0.311609611499
4 65 0.087731417787
4 66 0.826429176890
4 67 0.959559328218
4 68 0.402874554372
4 69 0.417692605791
4 70 0.862441412758
4 71 0.457858544288
4 72 0.046325093527
4 73 0.318222044621
4 74 0.103871085082
4 75 0.268724499470
4 76 0.547274273334
4 77 0.998796014170
4 78 0.585686244844
4 79 0.313918854696
4 80 0.817959215883
4 81 0.831299284852
4 82 0.447431086820
4 83 0.864477337710
4 84 0.011660554768
4 85 0.423267895254
4 86 0.549678529876
4 87 0.842579655886
4 88 0.334758460247
4 89 0.686815606720
4 90 0.186912326127
4 91 0.510665868130
4 92 0.569181596976
4 93 0.086478325821
4 94 0.595440572753
4 95 0.095988680195
4 96 0.235530211565
4 97 0.017554071299
4 98 0.227547072591
4 99 0.498055796897
0 0 9
0 1 8
0 2 12
0 3 9
0 4 12
0 5 12
0 6 11
0 7 11
0 8 8
0 9 9
0 10 11
0 11 7
0 12 9
0 13 12
0 14 11
0 15 8
0 16 10
0 17 7
0 18 10
0 19 11
0 20 9
0 21 5
0 22 7
0 23 9
0 24 7
0 25 11
0 26 7
0 27 9
0 28 6
0 29 5
0 30 10
0 31 9
0 32 11
0 33 7
0 34 11
0 35 13
0 36 12
0 37 12
0 38 7
0 39 11
0 40 10
0 41 12
0 42 12
0 43 10
0 44 6
0 45 11
0 46 5
0 47 11
0 48 6
0 49 11
0 50 7
0 51 7
0 52 9
0 53 11
0 54 12
0 55 6
0 56 7
0 57 6
0 58 6
0 59 11
0 60 12
0 61 12
0 62 9
0 63 11
0 64 10
0 65 6
0 66 8
0 67 7
0 68 9
0 69 11
0 70 5
0 71 10
0 72 9
0 73 11
0 74 11
0 75 5
0 76 10
0 77 11
0 78 12
0 79 6
0 80 12
0 81 11
0 82 12
0 83 10
0 84 13
0 85 8
0 86 7
0 87 13
0 88 10
0 89 9
0 90 13
0 91 7
0 92 11
0 93 10
0 94 11
0 95 7
0 96 10
0 97 7
0 98 5
0 99 9
1 0 7
1 1 9
1 2 11
1 3 10
1 4 11
1 5 11
1 6 11
1 7 11
1 8 8
1 9 8
1 10 11
1 11 4
1 12 8
1 13 10
1 14 12
1 15 9
1 16 9
1 17 6
1 18 11
1 19 10
1 20 8
1 21 4
1 22 5
1 23 9
1 24 6
1 25 9
1 26 4
1 27 6
1 28 5
1 29 6
1 30 9
1 31 9
1 32 12
1 33 5
1 34 12
1 35 12
1 36 9
1 37 11
1 38 6
1 39 8
1 40 9
1 41 11
1 42 10
1 43 11
1 44 6
1 45 10
1 46 5
1 47 9
1 48 6
1 49 10
1 50 5
1 51 7
1 52 8
1 53 10
1 54 12
1 55 6
1 56 6
1 57 6
1 58 5
1 59 11
1 60 10
1 61 10
1 62 9
1 63 10
1 64 10
1 65 4
1 66 9
1 67 4
1 68 8
1 69 11
1 70 6
1 71 10
1 72 8
1 73 8
1 74 11
1 75 5
1 76 9
1 77 9
1 78 11
1 79 6
1 80 10
1 81 10
1 82 10
1 83 8
1 84 12
1 85 6
1 86 5
1 87 10
1 88 10
1 89 8
1 90 12
1 91 5
1 92 12
1 93 8
1 94 10
1 95 7
1 96 10
1 97 5
1 98 4
1 99 7
2 0 9
2 1 7
2 2 9
2 3 8
2 4 10
2 5 10
2 6 11
2 7 12
2 8 8
2 9 10
2 10 12
2 11 6
2 12 9
2 13 10
2 14 11
2 15 9
2 16 8
2 17 6
2 18 9
2 19 10
2 20 9
2 21 5
2 22 5
2 23 9
2 24 5
2 25 8
2 26 6
2 27 7
2 28 4
2 29 6
2 30 9
2 31 8
2 32 12
2 33 6
2 34 11
2 35 12
2 36 11
2 37 10
2 38 6
2 39 9
2 40 8
2 41 9
2 42 12
2 43 9
2 44 7
2 45 10
2 46 4
2 47 9
2 48 4
2 49 9
2 50 6
2 51 8
2 52 9
2 53 10
2 54 11
2 55 6
2 56 5
2 57 4
2 58 6
2 59 9
2 60 9
2 61 10
2 62 10
2 63 10
2 64 9
2 65 5
2 66 7
2 67 5
2 68 9
2 69 10
2 70 4
2 71 8
2 72 9
2 73 9
2 74 12
2 75 4
2 76 9
2 77 11
2 78 9
2 79 6
2 80 11
2 81 10
2 82 11
2 83 8
2 84 12
2 85 5
2 86 6
2 87 10
2 88 10
2 89 10
2 90 10
2 91 6
2 92 11
2 93 9
2 94 10
2 95 7
2 96 10
2 97 5
2 98 5
2 99 7
3 0 8
3 1 10
3 2 10
3 3 10
3 4 11
3 5 12
3 6 10
3 7 12
3 8 9
3 9 9
3 10 11
3 11 5
3 12 9
3 13 13
3 14 12
3 15 10
3 16 10
3 17 6
3 18 12
3 19 10
3 20 10
3 21 7
3 22 8
3 23 11
3 24 7
3 25 9
3 26 5
3 27 7
3 28 7
3 29 6
3 30 10
3 31 10
3 32 11
3 33 6
3 34 12
3 35 13
3 36 12
3 37 12
3 38 6
3 39 10
3 40 10
3 41 11
3 42 13
3 43 11
3 44 8
3 45 10
3 46 6
3 47 9
3 48 6
3 49 9
3 50 5
3 51 8
3 52 9
3 53 10
3 54 11
3 55 7
3 56 6
3 57 7
3 58 6
3 59 10
3 60 11
3 61 11
3 62 9
3 63 10
3 64 11
3 65 5
3 66 9
3 67 5
3 68 10
3 69 11
3 70 5
3 71 11
3 72 11
3 73 11
3 74 12
3 75 7
3 76 10
3 77 12
3 78 12
3 79 7
3 80 12
3 81 12
3 82 12
3 83 10
3 84 11
3 85 8
3 86 6
3 87 12
3 88 10
3 89 10
3 90 13
3 91 5
3 92 11
3 93 11
3 94 9
3 95 7
3 96 11
3 97 5
3 98 6
3 99 9
4 0 7
4 1 9
4 2 11
4 3 10
4 4 10
4 5 10
4 6 10
4 7 10
4 8 7
4 9 10
4 10 12
4 11 5
4 12 9
4 13 12
4 14 11
4 15 8
4 16 8
4 17 4
4 18 10
4 19 10
4 20 9
4 21 6
4 22 6
4 23 8
4 24 6
4 25 8
4 26 5
4 27 6
4 28 6
4 29 4
4 30 10
4 31 7
4 32 12
4 33 4
4 34 12
4 35 11
4 36 9
4 37 11
4 38 6
4 39 8
4 40 8
4 41 10
4 42 10
4 43 9
4 44 6
4 45 9
4 46 4
4 47 10
4 48 4
4 49 8
4 50 5
4 51 6
4 52 8
4 53 11
4 54 12
4 55 6
4 56 6
4 57 4
4 58 7
4 59 9
4 60 11
4 61 9
4 62 10
4 63 11
4 64 8
4 65 6
4 66 7
4 67 4
4 68 8
4 69 9
4 70 5
4 71 9
4 72 9
4 73 9
4 74 11
4 75 5
4 76 9
4 77 11
4 78 11
4 79 7
4 80 9
4 81 12
4 82 10
4 83 10
4 84 11
4 85 5
4 86 6
4 87 10
4 88 8
4 89 8
4 90 10
4 91 5
4 92 10
4 93 9
4 94 8
4 95 8
4 96 8
4 97 5
4 98 4
4 99 6
