5 100 10 6 10.0 3.0 1.0 95
8 91 5
5 132 9
9 195 7
0 90 9
9 228 7
9 108 3
1 47 9
8 28 3
8 229 7
1 85 6
6 62 3
8 63 5
3 111 8
7 46 7
4 158 8
2 60 8
7 184 8
5 170 9
7 117 3
4 78 9
8 96 3
4 153 5
3 3 9
4 20 7
0 85 5
8 145 7
2 115 6
2 85 9
5 16 3
8 194 8
2 103 8
8 231 8
6 28 6
3 148 9
7 4 3
0 56 8
9 202 8
5 44 9
2 75 3
4 148 9
3 27 6
7 54 9
6 122 8
0 9 7
5 6 9
7 124 4
8 191 9
4 12 8
1 33 6
1 113 9
6 8 6
1 1 8
9 222 7
6 92 3
6 52 8
5 42 6
4 57 3
1 58 7
5 55 8
1 41 8
6 4 9
0 40 6
7 167 7
0 67 7
0 49 3
9 178 3
5 86 8
9 90 9
7 104 4
6 174 7
3 81 7
3 136 3
3 75 8
9 120 6
2 87 9
6 26 8
3 142 4
0 31 9
2 108 5
1 111 3
2 121 8
4 12 5
8 72 8
5 88 5
0 56 7
6 62 7
4 68 9
2 29 7
7 184 9
1 42 3
3 136 3
5 44 3
1 15 9
2 81 3
9 15 7
9 208 6
0 99 3
3 42 7
4 57 3
7 50 7
0 0 0.466024877600
0 1 0.610464227301
0 2 0.856033458674
0 3 0.887524258407
0 4 0.270103927884
0 5 0.351089276691
0 6 0.150669082483
0 7 0.516949019840
0 8 0.959445021169
0 9 0.892146482015
0 10 0.763086888840
0 11 0.228610987363
0 12 0.230204668128
0 13 0.876831481738
0 14 0.187990326034
0 15 0.027606048676
0 16 0.749496260803
0 17 0.722059275214
0 18 0.595012826625
0 19 0.098939193861
0 20 0.315021706896
0 21 0.237760671273
0 22 0.881976463628
0 23 0.785589261983
0 24 0.099208729647
0 25 0.636784785339
0 26 0.478324799663
0 27 0.609436859063
0 28 0.251640566098
0 29 0.689628889900
0 30 0.999878360976
0 31 0.410005435195
0 32 0.815793268603
0 33 0.425309669455
0 34 0.185298975511
0 35 0.922836745242
0 36 0.775530172260
0 37 0.612498697127
0 38 0.769380147987
0 39 0.659302074595
0 40 0.847182079816
0 41 0.641513889340
0 42 0.361003666079
0 43 0.884575749698
0 44 0.614824678405
0 45 0.074265244112
0 46 0.097369868519
0 47 0.884315297590
0 48 0.729338348813
0 49 0.788318024418
0 50 0.803018548627
0 51 0.880526734521
0 52 0.270145739289
0 53 0.245888763772
0 54 0.154413503237
0 55 0.945562711684
0 56 0.117608304419
0 57 0.696303642298
0 58 0.842951472057
0 59 0.288840370981
0 60 0.770821836717
0 61 0.183485346096
0 62 0.764159169312
0 63 0.855736063566
0 64 0.212118737165
0 65 0.407892782409
0 66 0.938467223579
0 67 0.228072122543
0 68 0.790005522678
0 69 0.977608515351
0 70 0.201890546309
0 71 0.952536023969
0 72 0.492287593948
0 73 0.982160872497
0 74 0.199711004802
0 75 0.473138137331
0 76 0.040830796821
0 77 0.715236755964
0 78 0.068948984164
0 79 0.114796142882
0 80 0.200466535592
0 81 0.248326194003
0 82 0.064969629465
0 83 0.912026076661
0 84 0.437001583025
0 85 0.098474214690
0 86 0.712011800930
0 87 0.117371582506
0 88 0.849246960764
0 89 0.350918014417
0 90 0.243598389899
0 91 0.365970488716
0 92 0.413089748941
0 93 0.254229637219
0 94 0.793648305367
0 95 0.603623085131
0 96 0.621260100788
0 97 0.830411316576
0 98 0.295493356083
0 99 0.872939716320
1 0 0.310892517940
1 1 0.135883747427
1 2 0.671643339641
1 3 0.406130888246
1 4 0.891636674865
1 5 0.458614361151
1 6 0.284358484540
1 7 0.319710478192
1 8 0.931204802269
1 9 0.456274986681
1 10 0.027839521922
1 11 0.983283982346
1 12 0.787975457671
1 13 0.925220840899
1 14 0.725469947459
1 15 0.748609020078
1 16 0.022910130805
1 17 0.853890669865
1 18 0.238588230281
1 19 0.022349876936
1 20 0.656360692548
1 21 0.979556979334
1 22 0.539823361005
1 23 0.648468533356
1 24 0.574294410053
1 25 0.637477429265
1 26 0.673891744976
1 27 0.500527416482
1 28 0.784291706366
1 29 0.850072595984
1 30 0.469008504474
1 31 0.064581685784
1 32 0.648420433002
1 33 0.296957813846
1 34 0.005676930687
1 35 0.998300774329
1 36 0.879732474231
1 37 0.774232811893
1 38 0.288756269483
1 39 0.336190860772
1 40 0.951570953728
1 41 0.696974869192
1 42 0.545012098468
1 43 0.073526439263
1 44 0.743459064443
1 45 0.921633407357
1 46 0.197061653666
1 47 0.646207316474
1 48 0.799757671659
1 49 0.046843450702
1 50 0.183697024762
1 51 0.205061293845
1 52 0.607837855757
1 53 0.274914566373
1 54 0.350046484185
1 55 0.572412290519
1 56 0.182512341302
1 57 0.276731519786
1 58 0.483507087975
1 59 0.439356177928
1 60 0.534633844751
1 61 0.775841618400
1 62 0.486245881318
1 63 0.242944873007
1 64 0.585744928145
1 65 0.298631345783
1 66 0.768191711901
1 67 0.311771669186
1 68 0.276366432830
1 69 0.560899138177
1 70 0.088590518956
1 71 0.365906075918
1 72 0.399450677443
1 73 0.008646068839
1 74 0.861816157717
1 75 0.116857715352
1 76 0.600232202644
1 77 0.381116131263
1 78 0.072171752876
1 79 0.335063481995
1 80 0.170946986983
1 81 0.960134033771
1 82 0.860567780400
1 83 0.299660872746
1 84 0.138018348338
1 85 0.431959488772
1 86 0.958789225986
1 87 0.919064308742
1 88 0.334857884471
1 89 0.184729649507
1 90 0.132503485540
1 91 0.304645796571
1 92 0.790541281581
1 93 0.904190359805
1 94 0.436432922711
1 95 0.564088186346
1 96 0.265054556033
1 97 0.551807947502
1 98 0.987291573709
1 99 0.493361162760
2 0 0.867947528329
2 1 0.516802693114
2 2 0.679906316503
2 3 0.490940087063
2 4 0.546577957078
2 5 0.045842939851
2 6 0.686358557638
2 7 0.176150992133
2 8 0.271499071919
2 9 0.161455033395
2 10 0.473751879577
2 11 0.003562855338
2 12 0.848947452336
2 13 0.368933554302
2 14 0.099904172098
2 15 0.625804777231
2 16 0.660423893134
2 17 0.448462674278
2 18 0.512432978143
2 19 0.517206228640
2 20 0.097166108776
2 21 0.577211429234
2 22 0.768799005763
2 23 0.369397013511
2 24 0.522690638795
2 25 0.256788397642
2 26 0.165520790122
2 27 0.675821949284
2 28 0.609512643847
2 29 0.380882574040
2 30 0.406072232608
2 31 0.850958556757
2 32 0.927810900957
2 33 0.612114797873
2 34 0.135092571772
2 35 0.086301958265
2 36 0.973386161910
2 37 0.627082138332
2 38 0.871821262115
2 39 0.099928497767
2 40 0.138467972883
2 41 0.308196138339
2 42 0.622503822053
2 43 0.768617350389
2 44 0.548258412240
2 45 0.759252178911
2 46 0.369341079677
2 47 0.267743798117
2 48 0.992367517025
2 49 0.568163126888
2 50 0.017547846828
2 51 0.036934073397
2 52 0.891896109709
2 53 0.420223055491
2 54 0.225682122647
2 55 0.874609007734
2 56 0.483540687631
2 57 0.162526139557
2 58 0.463571204281
2 59 0.510859145531
2 60 0.498602750247
2 61 0.709021125591
2 62 0.071465862059
2 63 0.952323836444
2 64 0.363875355481
2 65 0.877407443322
2 66 0.731401445844
2 67 0.562592059172
2 68 0.126890519070
2 69 0.735636631436
2 70 0.780799863600
2 71 0.144155958081
2 72 0.942320277046
2 73 0.727837720228
2 74 0.751075500697
2 75 0.441275960180
2 76 0.717374287662
2 77 0.531132633456
2 78 0.771692465287
2 79 0.277749054726
2 80 0.074007674274
2 81 0.717444997761
2 82 0.128492524489
2 83 0.705921421633
2 84 0.719322890562
2 85 0.233517018629
2 86 0.544730532491
2 87 0.054765775810
2 88 0.593911720883
2 89 0.784225663716
2 90 0.746515024622
2 91 0.882178173631
2 92 0.125731915679
2 93 0.952341658328
2 94 0.285747333187
2 95 0.108395131346
2 96 0.963857412791
2 97 0.355710542609
2 98 0.206622844609
2 99 0.282793981070
3 0 0.161192188268
3 1 0.226903960840
3 2 0.330972812208
3 3 0.784068255350
3 4 0.494082407593
3 5 0.750819994237
3 6 0.621793926813
3 7 0.627305531298
3 8 0.206873734722
3 9 0.531869445515
3 10 0.711970888344
3 11 0.766977652092
3 12 0.855942836738
3 13 0.682726766515
3 14 0.239292286731
3 15 0.543240366159
3 16 0.295476236559
3 17 0.899597110516
3 18 0.114945630534
3 19 0.142401042085
3 20 0.461380825569
3 21 0.599319150135
3 22 0.621604499164
3 23 0.409093388703
3 24 0.282294369935
3 25 0.854259397232
3 26 0.040904406967
3 27 0.279802559727
3 28 0.387515979544
3 29 0.445822120283
3 30 0.803066998330
3 31 0.814725669015
3 32 0.110728224688
3 33 0.979305397234
3 34 0.075470200352
3 35 0.844497990111
3 36 0.352473966079
3 37 0.945652300450
3 38 0.661032316172
3 39 0.617124322577
3 40 0.930171362595
3 41 0.013092028706
3 42 0.014513529613
3 43 0.498237863868
3 44 0.151570128485
3 45 0.340627858260
3 46 0.727397611427
3 47 0.836028429452
3 48 0.382323683149
3 49 0.753211945915
3 50 0.212370277271
3 51 0.021240641933
3 52 0.476902680549
3 53 0.673020040224
3 54 0.082839212615
3 55 0.498716455293
3 56 0.566110420663
3 57 0.026328817127
3 58 0.755781605681
3 59 0.399948931101
3 60 0.826151074648
3 61 0.020074470300
3 62 0.249009546761
3 63 0.031171101534
3 64 0.881787625301
3 65 0.145552923462
3 66 0.586038065110
3 67 0.242883744512
3 68 0.097348376394
3 69 0.244942246123
3 70 0.205179427197
3 71 0.061952213560
3 72 0.336201603839
3 73 0.804713397222
3 74 0.061836297674
3 75 0.773492549360
3 76 0.389573555621
3 77 0.207399967374
3 78 0.154155658724
3 79 0.953722719555
3 80 0.503297164462
3 81 0.081017559543
3 82 0.586563036927
3 83 0.399773867410
3 84 0.802433991788
3 85 0.831847127643
3 86 0.995442356891
3 87 0.192450714720
3 88 0.100205512292
3 89 0.485153424296
3 90 0.401827724074
3 91 0.502107521694
3 92 0.791919108201
3 93 0.345990108197
3 94 0.862292030826
3 95 0.970127325542
3 96 0.934250252486
3 97 0.311284060683
3 98 0.769011622772
3 99 0.109355701009
4 0 0.362367945280
4 1 0.055981730846
4 2 0.128613093214
4 3 0.381959834714
4 4 0.663618588923
4 5 0.044333640585
4 6 0.768690697979
4 7 0.209394010826
4 8 0.917132872153
4 9 0.141057653691
4 10 0.645536594126
4 11 0.233629685502
4 12 0.387609664697
4 13 0.659174514189
4 14 0.426094093322
4 15 0.132120120088
4 16 0.628482752994
4 17 0.991824458434
4 18 0.025510148783
4 19 0.976161103738
4 20 0.071897173476
4 21 0.025430177577
4 22 0.778591715743
4 23 0.900043688360
4 24 0.376476500044
4 25 0.592596338161
4 26 0.627507349657
4 27 0.392518947528
4 28 0.601568924558
4 29 0.387355159800
4 30 0.952839021887
4 31 0.696795982603
4 32 0.320077768093
4 33 0.083959465156
4 34 0.396538407664
4 35 0.191456184690
4 36 0.008702500685
4 37 0.185001627760
4 38 0.730128474027
4 39 0.711093826252
4 40 0.563204862493
4 41 0.714279849809
4 42 0.664497438048
4 43 0.234048160214
4 44 0.249619884040
4 45 0.488624193958
4 46 0.118006008463
4 47 0.177834405461
4 48 0.372881283098
4 49 0.596873520484
4 50 0.564185732999
4 51 0.377423255972
4 52 0.635278108323
4 53 0.224645112522
4 54 0.491123700802
4 55 0.115484981485
4 56 0.161996217512
4 57 0.374347455621
4 58 0.034869927168
4 59 0.067830324927
4 60 0.146747677859
4 61 0.603272994223
4 62 0.587061495094
4 63 0.409392944891
4 64 0.609661946504
4 65 0.611431262483
4 66 0.091522455093
4 67 0.104043757385
4 68 0.447059351301
4 69 0.462953786272
4 70 0.465414668285
4 71 0.146658766778
4 72 0.223116120097
4 73 0.582847229147
4 74 0.116037050230
4 75 0.619439807213
4 76 0.681311566755
4 77 0.478682771343
4 78 0.617765668568
4 79 0.300956424027
4 80 0.703767945224
4 81 0.510898092401
4 82 0.286369485485
4 83 0.707257163641
4 84 0.881042192568
4 85 0.737969934106
4 86 0.618139519200
4 87 0.774363628511
4 88 0.961673508022
4 89 0.020519100527
4 90 0.140649532319
4 91 0.930485527677
4 92 0.411092070795
4 93 0.297013234388
4 94 0.310697502494
4 95 0.164325432518
4 96 0.554756993695
4 97 0.873330051033
4 98 0.117974442514
4 99 0.523431105500
0 0 7
0 1 9
0 2 9
0 3 10
0 4 8
0 5 4
0 6 11
0 7 5
0 8 7
0 9 6
0 10 4
0 11 7
0 12 8
0 13 7
0 14 8
0 15 9
0 16 10
0 17 9
0 18 4
0 19 11
0 20 3
0 21 5
0 22 11
0 23 7
0 24 7
0 25 7
0 26 8
0 27 10
0 28 3
0 29 8
0 30 9
0 31 9
0 32 6
0 33 9
0 34 4
0 35 8
0 36 9
0 37 11
0 38 4
0 39 10
0 40 8
0 41 11
0 42 10
0 43 7
0 44 10
0 45 6
0 46 9
0 47 8
0 48 7
0 49 11
0 50 6
0 51 9
0 52 7
0 53 3
0 54 9
0 55 8
0 56 5
0 57 9
0 58 10
0 59 8
0 60 11
0 61 8
0 62 7
0 63 7
0 64 5
0 65 4
0 66 8
0 67 10
0 68 6
0 69 7
0 70 7
0 71 3
0 72 9
0 73 7
0 74 11
0 75 8
0 76 6
0 77 10
0 78 7
0 79 5
0 80 9
0 81 7
0 82 8
0 83 5
0 84 7
0 85 8
0 86 11
0 87 9
0 88 10
0 89 4
0 90 3
0 91 4
0 92 10
0 93 3
0 94 8
0 95 8
0 96 5
0 97 7
0 98 3
0 99 9
1 0 8
1 1 11
1 2 9
1 3 12
1 4 10
1 5 6
1 6 12
1 7 4
1 8 8
1 9 8
1 10 4
1 11 8
1 12 9
1 13 8
1 14 11
1 15 9
1 16 10
1 17 10
1 18 4
1 19 10
1 20 5
1 21 8
1 22 11
1 23 8
1 24 7
1 25 10
1 26 9
1 27 10
1 28 5
1 29 10
1 30 10
1 31 11
1 32 9
1 33 11
1 34 4
1 35 9
1 36 11
1 37 12
1 38 6
1 39 11
1 40 8
1 41 12
1 42 9
1 43 10
1 44 12
1 45 7
1 46 11
1 47 11
1 48 8
1 49 12
1 50 7
1 51 11
1 52 8
1 53 4
1 54 11
1 55 7
1 56 4
1 57 8
1 58 11
1 59 11
1 60 10
1 61 9
1 62 9
1 63 9
1 64 4
1 65 6
1 66 9
1 67 11
1 68 7
1 69 8
1 70 10
1 71 6
1 72 9
1 73 8
1 74 10
1 75 9
1 76 7
1 77 12
1 78 8
1 79 6
1 80 10
1 81 6
1 82 11
1 83 7
1 84 8
1 85 10
1 86 12
1 87 9
1 88 12
1 89 4
1 90 5
1 91 4
1 92 10
1 93 6
1 94 9
1 95 9
1 96 4
1 97 10
1 98 5
1 99 8
2 0 7
2 1 10
2 2 8
2 3 11
2 4 10
2 5 4
2 6 10
2 7 5
2 8 9
2 9 9
2 10 6
2 11 7
2 12 11
2 13 10
2 14 10
2 15 9
2 16 10
2 17 12
2 18 5
2 19 10
2 20 6
2 21 6
2 22 11
2 23 9
2 24 6
2 25 10
2 26 8
2 27 12
2 28 5
2 29 9
2 30 10
2 31 11
2 32 8
2 33 11
2 34 6
2 35 9
2 36 10
2 37 10
2 38 5
2 39 10
2 40 8
2 41 11
2 42 10
2 43 8
2 44 10
2 45 6
2 46 10
2 47 9
2 48 8
2 49 11
2 50 7
2 51 10
2 52 10
2 53 6
2 54 11
2 55 7
2 56 4
2 57 8
2 58 9
2 59 9
2 60 12
2 61 7
2 62 10
2 63 10
2 64 4
2 65 5
2 66 9
2 67 10
2 68 6
2 69 8
2 70 10
2 71 4
2 72 10
2 73 9
2 74 10
2 75 10
2 76 5
2 77 12
2 78 6
2 79 5
2 80 10
2 81 7
2 82 9
2 83 6
2 84 8
2 85 8
2 86 12
2 87 9
2 88 10
2 89 5
2 90 4
2 91 6
2 92 11
2 93 6
2 94 10
2 95 7
2 96 5
2 97 9
2 98 6
2 99 8
3 0 8
3 1 13
3 2 12
3 3 14
3 4 10
3 5 7
3 6 14
3 7 7
3 8 12
3 9 10
3 10 6
3 11 10
3 12 11
3 13 12
3 14 11
3 15 11
3 16 12
3 17 14
3 18 8
3 19 13
3 20 6
3 21 8
3 22 14
3 23 10
3 24 10
3 25 11
3 26 10
3 27 12
3 28 8
3 29 13
3 30 11
3 31 13
3 32 9
3 33 12
3 34 6
3 35 13
3 36 11
3 37 12
3 38 8
3 39 14
3 40 10
3 41 12
3 42 11
3 43 10
3 44 14
3 45 9
3 46 12
3 47 11
3 48 9
3 49 13
3 50 9
3 51 11
3 52 10
3 53 7
3 54 12
3 55 10
3 56 8
3 57 12
3 58 11
3 59 11
3 60 14
3 61 11
3 62 10
3 63 11
3 64 8
3 65 7
3 66 12
3 67 12
3 68 8
3 69 11
3 70 12
3 71 6
3 72 13
3 73 11
3 74 14
3 75 12
3 76 7
3 77 13
3 78 8
3 79 7
3 80 12
3 81 8
3 82 12
3 83 9
3 84 11
3 85 10
3 86 12
3 87 10
3 88 13
3 89 7
3 90 7
3 91 7
3 92 13
3 93 6
3 94 11
3 95 9
3 96 8
3 97 11
3 98 6
3 99 11
4 0 10
4 1 13
4 2 11
4 3 14
4 4 10
4 5 8
4 6 12
4 7 7
4 8 12
4 9 9
4 10 7
4 11 10
4 12 13
4 13 11
4 14 13
4 15 11
4 16 11
4 17 12
4 18 7
4 19 14
4 20 8
4 21 10
4 22 12
4 23 10
4 24 8
4 25 12
4 26 9
4 27 13
4 28 6
4 29 13
4 30 11
4 31 12
4 32 10
4 33 12
4 34 8
4 35 11
4 36 12
4 37 14
4 38 8
4 39 13
4 40 11
4 41 14
4 42 13
4 43 11
4 44 14
4 45 8
4 46 14
4 47 12
4 48 10
4 49 13
4 50 10
4 51 12
4 52 12
4 53 6
4 54 11
4 55 9
4 56 6
4 57 10
4 58 11
4 59 12
4 60 12
4 61 9
4 62 10
4 63 10
4 64 6
4 65 7
4 66 12
4 67 13
4 68 9
4 69 10
4 70 11
4 71 7
4 72 13
4 73 11
4 74 13
4 75 12
4 76 9
4 77 14
4 78 9
4 79 6
4 80 12
4 81 8
4 82 12
4 83 8
4 84 10
4 85 12
4 86 13
4 87 11
4 88 14
4 89 8
4 90 6
4 91 7
4 92 13
4 93 8
4 94 12
4 95 10
4 96 8
4 97 11
4 98 7
4 99 12
