5 100 10 6 10.0 3.0 1.0 95
5 40 5
9 35 3
7 61 5
6 22 3
9 212 9
6 20 7
0 94 3
5 81 3
3 99 3
2 113 9
9 58 4
6 186 8
7 117 8
7 130 9
8 203 8
4 105 7
6 146 6
6 34 9
9 178 8
5 92 7
1 71 6
6 28 9
3 51 8
0 57 7
1 75 7
3 99 7
2 105 8
8 68 3
2 93 5
1 65 7
8 49 7
4 5 9
6 136 9
4 135 3
5 40 6
4 67 9
3 30 7
1 102 8
9 200 9
8 166 3
5 132 8
0 44 8
2 105 8
7 139 8
6 56 6
1 51 3
9 130 7
0 96 8
3 33 7
9 162 5
3 98 9
5 46 3
0 92 7
5 147 8
0 33 4
4 157 5
5 38 7
4 140 3
6 112 8
9 205 9
7 182 8
1 58 4
4 50 9
8 72 9
1 82 9
5 174 8
1 36 8
2 17 9
8 182 8
6 14 3
4 155 4
0 52 7
0 7 3
9 232 9
7 152 9
3 16 5
7 128 3
3 138 6
4 152 9
3 146 9
7 202 3
5 79 9
2 123 6
4 87 9
7 59 9
8 7 5
8 84 7
8 187 7
1 88 3
9 218 3
2 104 3
2 35 3
0 34 7
8 14 4
1 70 7
3 27 3
2 131 7
2 33 9
7 56 6
0 22 5
0 0 0.541837319754
0 1 0.288442705925
0 2 0.983603328015
0 3 0.433457291695
0 4 0.127745180737
0 5 0.002304533548
0 6 0.820124064345
0 7 0.831110877849
0 8 0.991037355442
0 9 0.489935462892
0 10 0.615297495257
0 11 0.555999777128
0 12 0.113473507085
0 13 0.996505831617
0 14 0.449112894429
0 15 0.237217237034
0 16 0.711561620957
0 17 0.431045751736
0 18 0.366563423436
0 19 0.392436032726
0 20 0.143946703176
0 21 0.844411925709
0 22 0.113068913252
0 23 0.025614757833
0 24 0.184172112026
0 25 0.152887471909
0 26 0.156014372343
0 27 0.206460975483
0 28 0.362543155933
0 29 0.063119938831
0 30 0.613767314945
0 31 0.194903475474
0 32 0.966258446736
0 33 0.843832604167
0 34 0.576413095938
0 35 0.476029146686
0 36 0.927922190157
0 37 0.408857410556
0 38 0.211880573193
0 39 0.883617178487
0 40 0.445947047582
0 41 0.644693848338
0 42 0.842123549344
0 43 0.366348410539
0 44 0.534722600566
0 45 0.457939145293
0 46 0.538631408338
0 47 0.988027014658
0 48 0.871611599740
0 49 0.866797990798
0 50 0.594206682336
0 51 0.446516237087
0 52 0.033820401526
0 53 0.329648606843
0 54 0.910537416521
0 55 0.556756841171
0 56 0.586499996313
0 57 0.898583792134
0 58 0.248016023396
0 59 0.580605574147
0 60 0.005499772611
0 61 0.377321065928
0 62 0.431244552559
0 63 0.487089943970
0 64 0.343770103400
0 65 0.495709330771
0 66 0.002482448502
0 67 0.723065239699
0 68 0.574004208022
0 69 0.595419980026
0 70 0.313946323668
0 71 0.093649715053
0 72 0.566213071755
0 73 0.351813706019
0 74 0.572527276766
0 75 0.592442901154
0 76 0.685914740567
0 77 0.702693085975
0 78 0.066226079334
0 79 0.053347232984
0 80 0.124887842440
0 81 0.451965183823
0 82 0.284408674543
0 83 0.804201352796
0 84 0.751437897844
0 85 0.202113069578
0 86 0.782334941314
0 87 0.848178790816
0 88 0.883518893662
0 89 0.394260824548
0 90 0.580064760856
0 91 0.050844290639
0 92 0.249916574325
0 93 0.388437728198
0 94 0.924862716400
0 95 0.006683605107
0 96 0.978459974861
0 97 0.277165377315
0 98 0.326850262133
0 99 0.980460643718
1 0 0.702736385293
1 1 0.830657469406
1 2 0.636812756256
1 3 0.982353164259
1 4 0.251233374244
1 5 0.834394082009
1 6 0.861386021333
1 7 0.162169146451
1 8 0.161392258240
1 9 0.047735041910
1 10 0.688038160285
1 11 0.655559915042
1 12 0.663851964377
1 13 0.683199999555
1 14 0.012851113994
1 15 0.827365010949
1 16 0.918067363759
1 17 0.089870314559
1 18 0.692871993298
1 19 0.781386259709
1 20 0.601972491987
1 21 0.351737040951
1 22 0.411698277770
1 23 0.864908460907
1 24 0.636679429447
1 25 0.351798801134
1 26 0.935369580633
1 27 0.373082673395
1 28 0.012771791431
1 29 0.143254063648
1 30 0.489813242550
1 31 0.975177324324
1 32 0.733578550845
1 33 0.232148342456
1 34 0.045476464544
1 35 0.115996347584
1 36 0.948791545441
1 37 0.494985005180
1 38 0.598543401572
1 39 0.058020754069
1 40 0.998793869331
1 41 0.109115155901
1 42 0.816980953095
1 43 0.162146304043
1 44 0.588583036086
1 45 0.064870952888
1 46 0.660795424774
1 47 0.653706339574
1 48 0.542661528457
1 49 0.534142767996
1 50 0.439673816668
1 51 0.625470713065
1 52 0.885365165464
1 53 0.211765680315
1 54 0.013006265851
1 55 0.712464884140
1 56 0.814937818941
1 57 0.875427244320
1 58 0.870505849773
1 59 0.479092497098
1 60 0.738299961302
1 61 0.277090747858
1 62 0.321346992272
1 63 0.808410901468
1 64 0.984042685783
1 65 0.579295149527
1 66 0.663987208587
1 67 0.373063409732
1 68 0.088075335920
1 69 0.190796171773
1 70 0.704869870999
1 71 0.467338925446
1 72 0.282420317144
1 73 0.322983553658
1 74 0.587931105883
1 75 0.121957625368
1 76 0.780040898406
1 77 0.186953606498
1 78 0.606524249483
1 79 0.073346772065
1 80 0.564762744177
1 81 0.977485528661
1 82 0.399427500501
1 83 0.398746636254
1 84 0.784338228676
1 85 0.390212314514
1 86 0.733684627780
1 87 0.929554408992
1 88 0.157588734881
1 89 0.706929690175
1 90 0.541181426142
1 91 0.343973484538
1 92 0.665544296326
1 93 0.951979422932
1 94 0.119838633732
1 95 0.945509416578
1 96 0.119740175296
1 97 0.639586666022
1 98 0.052054936522
1 99 0.538491534577
2 0 0.855358220860
2 1 0.153639696982
2 2 0.825906351594
2 3 0.659530413942
2 4 0.045183862232
2 5 0.091286635259
2 6 0.370212996996
2 7 0.998743886919
2 8 0.381046239778
2 9 0.662827192345
2 10 0.785285705480
2 11 0.746090833394
2 12 0.430798361061
2 13 0.633426003887
2 14 0.004979596655
2 15 0.454179441797
2 16 0.872241856329
2 17 0.088860013286
2 18 0.379160924564
2 19 0.447665629243
2 20 0.514336729482
2 21 0.646905650290
2 22 0.033596223514
2 23 0.596375356726
2 24 0.232403242330
2 25 0.336105151785
2 26 0.351848751372
2 27 0.975142369001
2 28 0.024601334789
2 29 0.129693954189
2 30 0.767036143703
2 31 0.068244615234
2 32 0.326571300262
2 33 0.930977252700
2 34 0.701656596395
2 35 0.876510092766
2 36 0.381897724302
2 37 0.400075428448
2 38 0.497927614790
2 39 0.625181069186
2 40 0.963343833891
2 41 0.106404241141
2 42 0.591130172219
2 43 0.848242505338
2 44 0.023456195428
2 45 0.986614759228
2 46 0.300557113445
2 47 0.244301822750
2 48 0.953523203547
2 49 0.131451230935
2 50 0.253775951407
2 51 0.851257805158
2 52 0.738127825161
2 53 0.957151033567
2 54 0.232687551918
2 55 0.628812270384
2 56 0.354604554555
2 57 0.283000816895
2 58 0.373367236391
2 59 0.888574472895
2 60 0.327345191838
2 61 0.003538529481
2 62 0.189184433920
2 63 0.018071829064
2 64 0.950891365540
2 65 0.100347981224
2 66 0.589510574924
2 67 0.934602608348
2 68 0.598263885114
2 69 0.159219998459
2 70 0.978027340843
2 71 0.409920997893
2 72 0.234076625014
2 73 0.798289707486
2 74 0.026898765385
2 75 0.284404481949
2 76 0.264115385675
2 77 0.019998132580
2 78 0.651481474324
2 79 0.580886431884
2 80 0.821914986048
2 81 0.564887384910
2 82 0.339448791617
2 83 0.556371556884
2 84 0.758112292560
2 85 0.158215230028
2 86 0.602058057759
2 87 0.011952603128
2 88 0.711510697631
2 89 0.627090461417
2 90 0.144708132737
2 91 0.580278735083
2 92 0.483656284326
2 93 0.049542848141
2 94 0.243027362377
2 95 0.924770067446
2 96 0.056775182246
2 97 0.039730039168
2 98 0.950773183779
2 99 0.054234882407
3 0 0.485108409668
3 1 0.444298887314
3 2 0.562955215207
3 3 0.314591825153
3 4 0.819445934030
3 5 0.698783747812
3 6 0.632072239483
3 7 0.015125105244
3 8 0.485814359856
3 9 0.859984316639
3 10 0.558621341515
3 11 0.408547528916
3 12 0.652708708812
3 13 0.907090363809
3 14 0.678179569476
3 15 0.826445437568
3 16 0.347558328283
3 17 0.985944802921
3 18 0.608133239822
3 19 0.835687752146
3 20 0.749595326633
3 21 0.134501760548
3 22 0.041687361593
3 23 0.255298442088
3 24 0.707925779505
3 25 0.564784632614
3 26 0.092584529771
3 27 0.683400668946
3 28 0.029590700210
3 29 0.448580549623
3 30 0.429721266496
3 31 0.800262844218
3 32 0.088283302867
3 33 0.555991156380
3 34 0.440372382409
3 35 0.910951888501
3 36 0.109389622161
3 37 0.128169528737
3 38 0.779716690787
3 39 0.866793674448
3 40 0.023515608713
3 41 0.357947465900
3 42 0.977681151516
3 43 0.621324304235
3 44 0.673374429385
3 45 0.390548725438
3 46 0.922569191571
3 47 0.215269195620
3 48 0.065675360226
3 49 0.053535961834
3 50 0.972710897439
3 51 0.964393551599
3 52 0.819090285670
3 53 0.861353041376
3 54 0.736437367523
3 55 0.163601902160
3 56 0.768270645367
3 57 0.308651813329
3 58 0.504975747354
3 59 0.109332787634
3 60 0.197552020432
3 61 0.100001212307
3 62 0.610558538054
3 63 0.983465173169
3 64 0.243912444980
3 65 0.593885861032
3 66 0.982406891710
3 67 0.126354815210
3 68 0.357428492306
3 69 0.859934347448
3 70 0.042124773033
3 71 0.136107520551
3 72 0.085395896398
3 73 0.073968890995
3 74 0.896863519013
3 75 0.750152939219
3 76 0.127491656578
3 77 0.201486834484
3 78 0.501178813099
3 79 0.834854464483
3 80 0.113220387309
3 81 0.924237350029
3 82 0.888895083961
3 83 0.282427525782
3 84 0.077815371832
3 85 0.707500903088
3 86 0.708722111775
3 87 0.373897862536
3 88 0.233554543940
3 89 0.162240695396
3 90 0.699216437700
3 91 0.265232603094
3 92 0.318612802528
3 93 0.952529533983
3 94 0.983053437553
3 95 0.518571395714
3 96 0.755087082831
3 97 0.622123039898
3 98 0.011349070625
3 99 0.793781894839
4 0 0.086414219519
4 1 0.518342965765
4 2 0.340144074319
4 3 0.122454377314
4 4 0.224863585560
4 5 0.190436228385
4 6 0.729746573645
4 7 0.605201329097
4 8 0.034682035747
4 9 0.398303838002
4 10 0.411793660147
4 11 0.018012705408
4 12 0.816369440261
4 13 0.418991299828
4 14 0.324368786508
4 15 0.811277131443
4 16 0.479188421276
4 17 0.363921768724
4 18 0.306512908220
4 19 0.151535404907
4 20 0.798361783675
4 21 0.657998962699
4 22 0.209300510662
4 23 0.570981793523
4 24 0.562588785628
4 25 0.430469039647
4 26 0.314423146824
4 27 0.309421449326
4 28 0.727154229676
4 29 0.048214292829
4 30 0.063690580679
4 31 0.292109846945
4 32 0.575983196888
4 33 0.956893919105
4 34 0.838469363891
4 35 0.231997421733
4 36 0.032559302719
4 37 0.536627074029
4 38 0.285420710803
4 39 0.503061780792
4 40 0.082098602703
4 41 0.265756501546
4 42 0.069579488226
4 43 0.499988465550
4 44 0.542491317177
4 45 0.682250489038
4 46 0.725484647951
4 47 0.491773172553
4 48 0.262321047070
4 49 0.697772656803
4 50 0.925341914659
4 51 0.411597148828
4 52 0.242358461066
4 53 0.198439138358
4 54 0.129843266932
4 55 0.153074937060
4 56 0.204366795692
4 57 0.034691421443
4 58 0.167668070911
4 59 0.046839633880
4 60 0.988521282308
4 61 0.041640284259
4 62 0.804021444929
4 63 0.755465958464
4 64 0.960438775376
4 65 0.885508165527
4 66 0.316887299531
4 67 0.035604099795
4 68 0.304778852862
4 69 0.253569047807
4 70 0.943097140207
4 71 0.866923567941
4 72 0.627738798061
4 73 0.401271739637
4 74 0.015094853244
4 75 0.752143872446
4 76 0.033725134908
4 77 0.026779319142
4 78 0.396482224950
4 79 0.401575608903
4 80 0.471869398580
4 81 0.209969436416
4 82 0.089882425037
4 83 0.828519761398
4 84 0.598327377620
4 85 0.852880258449
4 86 0.168215210137
4 87 0.800658710532
4 88 0.905854499265
4 89 0.367575605447
4 90 0.911215970709
4 91 0.574106069492
4 92 0.962136649436
4 93 0.619606806609
4 94 0.946080551473
4 95 0.358639759702
4 96 0.898737957973
4 97 0.246455021059
4 98 0.153985085742
4 99 0.622271401867
0 0 6
0 1 4
0 2 6
0 3 4
0 4 11
0 5 8
0 6 5
0 7 5
0 8 3
0 9 10
0 10 5
0 11 10
0 12 9
0 13 11
0 14 8
0 15 8
0 16 7
0 17 11
0 18 9
0 19 7
0 20 7
0 21 9
0 22 10
0 23 8
0 24 9
0 25 8
0 26 9
0 27 4
0 28 6
0 29 9
0 30 8
0 31 11
0 32 10
0 33 3
0 34 8
0 35 10
0 36 8
0 37 9
0 38 10
0 39 5
0 40 8
0 41 8
0 42 10
0 43 10
0 44 6
0 45 5
0 46 8
0 47 9
0 48 7
0 49 6
0 50 10
0 51 5
0 52 8
0 53 9
0 54 5
0 55 5
0 56 7
0 57 5
0 58 9
0 59 9
0 60 10
0 61 6
0 62 9
0 63 9
0 64 10
0 65 8
0 66 10
0 67 9
0 68 9
0 69 4
0 70 5
0 71 9
0 72 5
0 73 10
0 74 10
0 75 7
0 76 3
0 77 6
0 78 11
0 79 11
0 80 3
0 81 10
0 82 6
0 83 11
0 84 9
0 85 6
0 86 7
0 87 9
0 88 4
0 89 4
0 90 3
0 91 4
0 92 8
0 93 6
0 94 9
0 95 5
0 96 9
0 97 9
0 98 6
0 99 7
1 0 6
1 1 4
1 2 7
1 3 4
1 4 11
1 5 9
1 6 5
1 7 4
1 8 6
1 9 10
1 10 6
1 11 11
1 12 10
1 13 10
1 14 9
1 15 9
1 16 7
1 17 10
1 18 10
1 19 9
1 20 9
1 21 12
1 22 9
1 23 9
1 24 8
1 25 8
1 26 9
1 27 5
1 28 7
1 29 9
1 30 8
1 31 10
1 32 12
1 33 6
1 34 9
1 35 11
1 36 10
1 37 11
1 38 11
1 39 4
1 40 11
1 41 10
1 42 10
1 43 10
1 44 8
1 45 6
1 46 9
1 47 10
1 48 9
1 49 7
1 50 11
1 51 4
1 52 10
1 53 10
1 54 5
1 55 7
1 56 10
1 57 4
1 58 11
1 59 11
1 60 9
1 61 6
1 62 10
1 63 11
1 64 12
1 65 11
1 66 9
1 67 10
1 68 11
1 69 4
1 70 6
1 71 8
1 72 6
1 73 10
1 74 10
1 75 7
1 76 6
1 77 7
1 78 10
1 79 10
1 80 5
1 81 10
1 82 9
1 83 10
1 84 12
1 85 6
1 86 9
1 87 9
1 88 5
1 89 5
1 90 6
1 91 6
1 92 10
1 93 5
1 94 10
1 95 4
1 96 10
1 97 10
1 98 8
1 99 8
2 0 10
2 1 7
2 2 9
2 3 7
2 4 14
2 5 10
2 6 7
2 7 6
2 8 6
2 9 13
2 10 9
2 11 13
2 12 13
2 13 14
2 14 13
2 15 10
2 16 10
2 17 14
2 18 13
2 19 10
2 20 10
2 21 13
2 22 11
2 23 11
2 24 11
2 25 12
2 26 12
2 27 8
2 28 10
2 29 12
2 30 12
2 31 14
2 32 13
2 33 7
2 34 11
2 35 14
2 36 12
2 37 11
2 38 13
2 39 8
2 40 13
2 41 11
2 42 13
2 43 13
2 44 11
2 45 7
2 46 11
2 47 11
2 48 12
2 49 8
2 50 12
2 51 8
2 52 11
2 53 12
2 54 7
2 55 10
2 56 12
2 57 7
2 58 12
2 59 12
2 60 13
2 61 7
2 62 13
2 63 13
2 64 12
2 65 13
2 66 13
2 67 14
2 68 11
2 69 8
2 70 7
2 71 12
2 72 7
2 73 13
2 74 13
2 75 10
2 76 7
2 77 9
2 78 12
2 79 14
2 80 7
2 81 14
2 82 9
2 83 14
2 84 14
2 85 10
2 86 11
2 87 10
2 88 7
2 89 7
2 90 6
2 91 8
2 92 11
2 93 9
2 94 12
2 95 7
2 96 10
2 97 13
2 98 10
2 99 10
3 0 7
3 1 3
3 2 7
3 3 3
3 4 9
3 5 8
3 6 4
3 7 4
3 8 5
3 9 11
3 10 4
3 11 9
3 12 10
3 13 10
3 14 8
3 15 9
3 16 7
3 17 10
3 18 8
3 19 9
3 20 6
3 21 10
3 22 10
3 23 8
3 24 9
3 25 9
3 26 10
3 27 4
3 28 6
3 29 9
3 30 7
3 31 10
3 32 9
3 33 4
3 34 6
3 35 9
3 36 9
3 37 10
3 38 11
3 39 3
3 40 10
3 41 8
3 42 10
3 43 9
3 44 6
3 45 5
3 46 7
3 47 8
3 48 8
3 49 5
3 50 9
3 51 3
3 52 9
3 53 8
3 54 4
3 55 6
3 56 7
3 57 3
3 58 9
3 59 10
3 60 8
3 61 6
3 62 9
3 63 10
3 64 10
3 65 10
3 66 8
3 67 9
3 68 9
3 69 4
3 70 5
3 71 7
3 72 5
3 73 10
3 74 10
3 75 5
3 76 5
3 77 7
3 78 11
3 79 9
3 80 3
3 81 9
3 82 7
3 83 9
3 84 9
3 85 6
3 86 7
3 87 9
3 88 3
3 89 5
3 90 4
3 91 5
3 92 8
3 93 6
3 94 8
3 95 5
3 96 8
3 97 11
3 98 8
3 99 5
4 0 9
4 1 6
4 2 10
4 3 6
4 4 12
4 5 10
4 6 8
4 7 8
4 8 8
4 9 14
4 10 9
4 11 13
4 12 12
4 13 14
4 14 12
4 15 12
4 16 10
4 17 13
4 18 13
4 19 12
4 20 9
4 21 12
4 22 12
4 23 10
4 24 11
4 25 12
4 26 13
4 27 7
4 28 8
4 29 11
4 30 11
4 31 14
4 32 13
4 33 7
4 34 9
4 35 12
4 36 12
4 37 11
4 38 14
4 39 7
4 40 12
4 41 12
4 42 11
4 43 11
4 44 10
4 45 6
4 46 10
4 47 11
4 48 11
4 49 9
4 50 13
4 51 8
4 52 11
4 53 12
4 54 9
4 55 8
4 56 10
4 57 8
4 58 11
4 59 14
4 60 11
4 61 7
4 62 14
4 63 12
4 64 13
4 65 11
4 66 12
4 67 14
4 68 13
4 69 8
4 70 9
4 71 10
4 72 6
4 73 13
4 74 13
4 75 10
4 76 8
4 77 9
4 78 13
4 79 13
4 80 8
4 81 12
4 82 9
4 83 12
4 84 14
4 85 9
4 86 12
4 87 12
4 88 7
4 89 8
4 90 6
4 91 6
4 92 12
4 93 9
4 94 11
4 95 8
4 96 10
4 97 13
4 98 9
4 99 9
