5 100 10 6 10.0 3.0 1.0 95
8 21 7
2 99 5
7 78 3
4 62 9
1 61 8
9 75 9
0 15 8
7 35 6
2 5 8
7 195 6
2 16 7
9 30 5
4 112 5
5 128 3
2 39 3
0 81 8
8 70 7
5 15 8
1 92 3
8 173 9
7 165 3
6 62 7
3 129 8
9 212 7
4 48 3
9 8 9
8 100 4
0 78 3
5 44 5
1 76 7
2 53 8
2 131 3
8 173 4
5 117 3
9 212 3
0 51 8
0 40 7
5 9 9
3 10 7
3 15 6
5 128 5
3 100 7
0 65 4
9 205 9
6 166 7
4 53 7
5 158 8
4 157 8
0 54 8
7 143 9
0 6 3
7 91 9
1 104 8
2 61 9
7 204 8
8 182 3
6 170 6
2 101 9
9 112 4
7 50 8
4 3 8
2 15 7
1 36 7
5 154 8
3 111 3
6 110 3
6 148 7
4 35 3
6 146 8
1 18 4
3 9 7
4 143 7
7 100 7
6 90 7
4 30 7
3 21 6
8 215 3
8 23 7
1 4 9
6 46 8
3 86 3
1 107 3
9 5 3
8 79 7
3 142 7
5 2 8
0 81 8
1 23 6
1 13 7
0 49 5
9 70 8
2 44 5
6 98 3
4 17 6
7 212 8
6 170 5
9 65 9
8 203 7
5 182 8
3 134 7
0 0 0.337632406926
0 1 0.029017388867
0 2 0.778764063795
0 3 0.861071893432
0 4 0.412531220268
0 5 0.030310498433
0 6 0.861353660311
0 7 0.288929073373
0 8 0.272315989654
0 9 0.826146536464
0 10 0.089119601328
0 11 0.889770760287
0 12 0.534532972366
0 13 0.384621480737
0 14 0.690781016325
0 15 0.090859391147
0 16 0.464274382186
0 17 0.952854850904
0 18 0.851002431848
0 19 0.217569010140
0 20 0.252794874626
0 21 0.320079716157
0 22 0.066374389098
0 23 0.749666112747
0 24 0.223468809363
0 25 0.052072425712
0 26 0.966462203055
0 27 0.747337736778
0 28 0.462725028964
0 29 0.169793743406
0 30 0.797684441921
0 31 0.003226394385
0 32 0.407365121801
0 33 0.511410853279
0 34 0.421127943084
0 35 0.615510139463
0 36 0.657981013468
0 37 0.833210773672
0 38 0.676206234652
0 39 0.630624680809
0 40 0.429014541026
0 41 0.739614911784
0 42 0.944021475399
0 43 0.500432748164
0 44 0.245565175032
0 45 0.775742308973
0 46 0.585562944213
0 47 0.283334394420
0 48 0.948341404740
0 49 0.543416575356
0 50 0.174461894278
0 51 0.197497030275
0 52 0.743398217458
0 53 0.254078718310
0 54 0.682930834499
0 55 0.529237258288
0 56 0.393927182216
0 57 0.266836271893
0 58 0.218281975172
0 59 0.798420667722
0 60 0.701823284899
0 61 0.498103089881
0 62 0.929660117358
0 63 0.303567948558
0 64 0.834685101332
0 65 0.066828187983
0 66 0.612941338593
0 67 0.377214868449
0 68 0.022113525944
0 69 0.688195643829
0 70 0.710858086396
0 71 0.413164302565
0 72 0.228797452468
0 73 0.142133500334
0 74 0.459507517617
0 75 0.201806704370
0 76 0.527976768190
0 77 0.315792840703
0 78 0.373685025701
0 79 0.161978065459
0 80 0.035308001454
0 81 0.111750155741
0 82 0.449971816694
0 83 0.120476962954
0 84 0.734959804214
0 85 0.456228750409
0 86 0.663090614793
0 87 0.424897771862
0 88 0.952070639353
0 89 0.798683440478
0 90 0.037574657308
0 91 0.027925749353
0 92 0.520693240873
0 93 0.178409081427
0 94 0.502887458358
0 95 0.859594307863
0 96 0.630675068131
0 97 0.818170191628
0 98 0.218944932739
0 99 0.189710904333
1 0 0.374758724720
1 1 0.249996128309
1 2 0.094794764656
1 3 0.256288289616
1 4 0.137078469773
1 5 0.058656445384
1 6 0.173172216585
1 7 0.245447460744
1 8 0.899940029215
1 9 0.569630629103
1 10 0.630507463207
1 11 0.940091390972
1 12 0.926695048535
1 13 0.582725102413
1 14 0.165622157045
1 15 0.454081511553
1 16 0.383654244760
1 17 0.403905596806
1 18 0.085535816967
1 19 0.083049594104
1 20 0.683938933741
1 21 0.548404832688
1 22 0.545864838767
1 23 0.890546691593
1 24 0.985619840689
1 25 0.651618857093
1 26 0.689059623143
1 27 0.282066474729
1 28 0.970772799752
1 29 0.214399874947
1 30 0.042253501900
1 31 0.726362407851
1 32 0.284299453559
1 33 0.485255186261
1 34 0.539771965514
1 35 0.502724619586
1 36 0.370774625666
1 37 0.549470479770
1 38 0.451215416172
1 39 0.080557878430
1 40 0.199988463267
1 41 0.704274806909
1 42 0.052672736611
1 43 0.629507531185
1 44 0.464428809358
1 45 0.690784761474
1 46 0.435449042644
1 47 0.564165480657
1 48 0.000831733889
1 49 0.344065810123
1 50 0.853517930095
1 51 0.695661343797
1 52 0.197703896983
1 53 0.966164341331
1 54 0.530759555629
1 55 0.489450746239
1 56 0.436723197452
1 57 0.917819315357
1 58 0.628353829138
1 59 0.873270105867
1 60 0.206929702707
1 61 0.606844700755
1 62 0.945105609826
1 63 0.752086622805
1 64 0.112118119935
1 65 0.599768407341
1 66 0.116512132356
1 67 0.248296274472
1 68 0.793454366670
1 69 0.695299554713
1 70 0.190278742853
1 71 0.732876825850
1 72 0.204664114993
1 73 0.884089645483
1 74 0.846200091260
1 75 0.713455994580
1 76 0.322757956157
1 77 0.177463520122
1 78 0.337971014339
1 79 0.536931949820
1 80 0.314296459482
1 81 0.539063237914
1 82 0.644130301451
1 83 0.085353491416
1 84 0.026636653179
1 85 0.791924506144
1 86 0.275902502027
1 87 0.509786352323
1 88 0.533164766297
1 89 0.092832157264
1 90 0.927946024461
1 91 0.815142049344
1 92 0.185135416225
1 93 0.351186606856
1 94 0.768773379820
1 95 0.456523516312
1 96 0.061407213345
1 97 0.338621448835
1 98 0.774589390478
1 99 0.379063871481
2 0 0.972122045760
2 1 0.981518365022
2 2 0.701200347470
2 3 0.932452244493
2 4 0.397823290141
2 5 0.641577820673
2 6 0.049771545280
2 7 0.311895421019
2 8 0.959276557205
2 9 0.427719864243
2 10 0.351217638173
2 11 0.406367374658
2 12 0.926749311621
2 13 0.610920773271
2 14 0.019568397049
2 15 0.748797286257
2 16 0.110424353783
2 17 0.293288088507
2 18 0.984726948451
2 19 0.445253754421
2 20 0.872229854265
2 21 0.670624072577
2 22 0.360231292472
2 23 0.090870079769
2 24 0.824693396503
2 25 0.434397516664
2 26 0.453504488372
2 27 0.345278356674
2 28 0.541434855433
2 29 0.544499012892
2 30 0.088501805516
2 31 0.597553560543
2 32 0.343953623395
2 33 0.305257641050
2 34 0.571427600621
2 35 0.251626947148
2 36 0.537619425141
2 37 0.231964101649
2 38 0.127344965808
2 39 0.287487643118
2 40 0.732138632075
2 41 0.379739707721
2 42 0.377307373691
2 43 0.889909028116
2 44 0.215869074912
2 45 0.990523696969
2 46 0.219180721756
2 47 0.269930616006
2 48 0.364423405546
2 49 0.025579820503
2 50 0.580929347401
2 51 0.557621783115
2 52 0.722151639186
2 53 0.057856522315
2 54 0.063265440741
2 55 0.845807648955
2 56 0.747526404918
2 57 0.593600642320
2 58 0.211724792041
2 59 0.374594715183
2 60 0.579966998798
2 61 0.550144489385
2 62 0.501106455121
2 63 0.252326955962
2 64 0.987159112799
2 65 0.375714637510
2 66 0.682971050159
2 67 0.979914908905
2 68 0.117479332816
2 69 0.526821063988
2 70 0.002339578962
2 71 0.242218726796
2 72 0.686728042139
2 73 0.551940046112
2 74 0.205272277299
2 75 0.435061179825
2 76 0.202780783707
2 77 0.939471874664
2 78 0.967625618297
2 79 0.207691103389
2 80 0.658780531699
2 81 0.963306399527
2 82 0.953511606395
2 83 0.314455452321
2 84 0.922763544661
2 85 0.503254480376
2 86 0.420068998223
2 87 0.912906069722
2 88 0.824493912926
2 89 0.367299734004
2 90 0.778027321489
2 91 0.347476074363
2 92 0.341517130844
2 93 0.104403154289
2 94 0.654542767517
2 95 0.259103480431
2 96 0.859086992290
2 97 0.683990434798
2 98 0.161611352677
2 99 0.878816875992
3 0 0.510188358342
3 1 0.299680601974
3 2 0.343031787479
3 3 0.530483800572
3 4 0.708778622292
3 5 0.079698281946
3 6 0.103227688085
3 7 0.858925942239
3 8 0.927912084812
3 9 0.748724036556
3 10 0.183387906041
3 11 0.781647668137
3 12 0.109946361118
3 13 0.235121920385
3 14 0.048712368322
3 15 0.171626736527
3 16 0.467016763890
3 17 0.222635945833
3 18 0.989239372794
3 19 0.468356625057
3 20 0.697165051187
3 21 0.570316935939
3 22 0.383070774674
3 23 0.255047485684
3 24 0.703699255170
3 25 0.307930965916
3 26 0.869025493857
3 27 0.791397349209
3 28 0.976142408275
3 29 0.653043148310
3 30 0.853039640869
3 31 0.151074805635
3 32 0.253166966101
3 33 0.697053309700
3 34 0.072597684357
3 35 0.468775977392
3 36 0.617474661820
3 37 0.498356950934
3 38 0.410133070554
3 39 0.045216509247
3 40 0.918457886378
3 41 0.357755440227
3 42 0.052078662559
3 43 0.350146306534
3 44 0.647429412568
3 45 0.098621485539
3 46 0.888482600723
3 47 0.357860358040
3 48 0.195779844800
3 49 0.836698430693
3 50 0.249021898415
3 51 0.565290012549
3 52 0.303277218755
3 53 0.422688180333
3 54 0.651757759554
3 55 0.457533779201
3 56 0.144011655263
3 57 0.793728491549
3 58 0.386086775956
3 59 0.991675082906
3 60 0.852326086560
3 61 0.608963685053
3 62 0.992681899507
3 63 0.265299321508
3 64 0.950715896947
3 65 0.536993228829
3 66 0.367962574744
3 67 0.306984934914
3 68 0.885324593437
3 69 0.429680473726
3 70 0.470596832351
3 71 0.850426780769
3 72 0.723722753884
3 73 0.522509757306
3 74 0.456331643769
3 75 0.382100554402
3 76 0.354176815046
3 77 0.992353753136
3 78 0.397468022497
3 79 0.360734292959
3 80 0.948865640613
3 81 0.043292192474
3 82 0.570832364813
3 83 0.240169317333
3 84 0.981380575967
3 85 0.040311919007
3 86 0.742444812461
3 87 0.753263315658
3 88 0.302931024273
3 89 0.652474787652
3 90 0.761778883345
3 91 0.995210509963
3 92 0.416250788508
3 93 0.754253358576
3 94 0.926524843491
3 95 0.636967096227
3 96 0.191920276364
3 97 0.782321407972
3 98 0.837782496129
3 99 0.918561334485
4 0 0.899084793088
4 1 0.277462069965
4 2 0.124578715316
4 3 0.062143272777
4 4 0.043323501544
4 5 0.286374177515
4 6 0.624789352952
4 7 0.142224051174
4 8 0.629441129656
4 9 0.058786433270
4 10 0.142046108688
4 11 0.252421968453
4 12 0.368064665163
4 13 0.870531491440
4 14 0.575895702901
4 15 0.528175423715
4 16 0.986730865576
4 17 0.218524186371
4 18 0.978023217966
4 19 0.511564131228
4 20 0.239108771921
4 21 0.221377973064
4 22 0.330925094544
4 23 0.290985904461
4 24 0.856774482354
4 25 0.220458725070
4 26 0.176614968811
4 27 0.519625980230
4 28 0.348726240637
4 29 0.893362247148
4 30 0.225762180694
4 31 0.657099634993
4 32 0.783090251441
4 33 0.207148429148
4 34 0.643237720245
4 35 0.838985964202
4 36 0.207897658608
4 37 0.042704649777
4 38 0.637801890501
4 39 0.270623393460
4 40 0.418923120195
4 41 0.022891596531
4 42 0.329445459231
4 43 0.341919198899
4 44 0.739960713216
4 45 0.061779633726
4 46 0.071910948719
4 47 0.954607409149
4 48 0.520692677626
4 49 0.217905839953
4 50 0.216930639199
4 51 0.001065251518
4 52 0.384744797313
4 53 0.708054804897
4 54 0.526242542593
4 55 0.869614097282
4 56 0.149974519036
4 57 0.890552875528
4 58 0.685906952772
4 59 0.132863505611
4 60 0.079333814138
4 61 0.102129730845
4 62 0.697814226234
4 63 0.565188058439
4 64 0.329259378221
4 65 0.289446668663
4 66 0.808808431643
4 67 0.903007096897
4 68 0.194009580535
4 69 0.908314869080
4 70 0.674364471230
4 71 0.264113829569
4 72 0.846305788677
4 73 0.546018320579
4 74 0.606886401864
4 75 0.809208096949
4 76 0.683722094815
4 77 0.190372138905
4 78 0.388677996470
4 79 0.021331916265
4 80 0.960182530075
4 81 0.117442853547
4 82 0.060129767404
4 83 0.156592315427
4 84 0.460578907217
4 85 0.767605467883
4 86 0.635457485077
4 87 0.889205336244
4 88 0.627801243793
4 89 0.691092175010
4 90 0.580372672349
4 91 0.254493235341
4 92 0.692056987812
4 93 0.053453868620
4 94 0.233368100036
4 95 0.490251495809
4 96 0.999210963797
4 97 0.339507525611
4 98 0.236580527642
4 99 0.403215080839
0 0 10
0 1 8
0 2 8
0 3 13
0 4 12
0 5 13
0 6 11
0 7 10
0 8 12
0 9 9
0 10 11
0 11 8
0 12 8
0 13 8
0 14 8
0 15 11
0 16 11
0 17 11
0 18 8
0 19 13
0 20 8
0 21 12
0 22 11
0 23 11
0 24 6
0 25 12
0 26 8
0 27 6
0 28 8
0 29 10
0 30 13
0 31 6
0 32 7
0 33 6
0 34 7
0 35 12
0 36 10
0 37 14
0 38 11
0 39 11
0 40 8
0 41 11
0 42 9
0 43 12
0 44 12
0 45 11
0 46 13
0 47 13
0 48 11
0 49 14
0 50 7
0 51 14
0 52 12
0 53 12
0 54 12
0 55 8
0 56 10
0 57 14
0 58 8
0 59 11
0 60 13
0 61 10
0 62 11
0 63 12
0 64 8
0 65 8
0 66 11
0 67 6
0 68 11
0 69 7
0 70 12
0 71 10
0 72 12
0 73 10
0 74 10
0 75 10
0 76 6
0 77 11
0 78 12
0 79 12
0 80 7
0 81 6
0 82 6
0 83 10
0 84 11
0 85 11
0 86 12
0 87 11
0 88 11
0 89 8
0 90 12
0 91 8
0 92 7
0 93 10
0 94 11
0 95 10
0 96 14
0 97 11
0 98 12
0 99 10
1 0 10
1 1 7
1 2 6
1 3 13
1 4 12
1 5 13
1 6 12
1 7 9
1 8 11
1 9 8
1 10 10
1 11 9
1 12 9
1 13 6
1 14 5
1 15 12
1 16 11
1 17 12
1 18 7
1 19 12
1 20 6
1 21 10
1 22 11
1 23 11
1 24 5
1 25 13
1 26 8
1 27 5
1 28 7
1 29 10
1 30 12
1 31 7
1 32 8
1 33 5
1 34 5
1 35 11
1 36 9
1 37 13
1 38 10
1 39 8
1 40 9
1 41 9
1 42 8
1 43 12
1 44 10
1 45 11
1 46 10
1 47 10
1 48 12
1 49 13
1 50 7
1 51 13
1 52 11
1 53 12
1 54 10
1 55 6
1 56 9
1 57 13
1 58 6
1 59 10
1 60 12
1 61 10
1 62 11
1 63 10
1 64 6
1 65 6
1 66 10
1 67 5
1 68 10
1 69 8
1 70 9
1 71 10
1 72 10
1 73 9
1 74 11
1 75 10
1 76 6
1 77 11
1 78 11
1 79 12
1 80 6
1 81 7
1 82 5
1 83 10
1 84 9
1 85 10
1 86 12
1 87 9
1 88 9
1 89 8
1 90 11
1 91 9
1 92 7
1 93 9
1 94 10
1 95 8
1 96 13
1 97 10
1 98 12
1 99 10
2 0 7
2 1 7
2 2 4
2 3 11
2 4 8
2 5 9
2 6 10
2 7 6
2 8 9
2 9 7
2 10 7
2 11 7
2 12 6
2 13 4
2 14 4
2 15 10
2 16 9
2 17 9
2 18 5
2 19 11
2 20 3
2 21 7
2 22 9
2 23 8
2 24 5
2 25 11
2 26 5
2 27 4
2 28 7
2 29 9
2 30 10
2 31 5
2 32 5
2 33 5
2 34 4
2 35 8
2 36 7
2 37 9
2 38 7
2 39 6
2 40 7
2 41 9
2 42 4
2 43 10
2 44 7
2 45 8
2 46 8
2 47 9
2 48 10
2 49 10
2 50 3
2 51 9
2 52 9
2 53 10
2 54 9
2 55 4
2 56 8
2 57 11
2 58 4
2 59 10
2 60 9
2 61 8
2 62 8
2 63 10
2 64 4
2 65 4
2 66 9
2 67 5
2 68 8
2 69 6
2 70 7
2 71 8
2 72 9
2 73 7
2 74 7
2 75 8
2 76 5
2 77 9
2 78 11
2 79 9
2 80 4
2 81 5
2 82 4
2 83 8
2 84 9
2 85 10
2 86 10
2 87 8
2 88 7
2 89 5
2 90 9
2 91 5
2 92 4
2 93 6
2 94 10
2 95 6
2 96 9
2 97 8
2 98 9
2 99 8
3 0 10
3 1 7
3 2 7
3 3 13
3 4 10
3 5 11
3 6 12
3 7 9
3 8 11
3 9 9
3 10 11
3 11 7
3 12 7
3 13 7
3 14 6
3 15 10
3 16 11
3 17 10
3 18 7
3 19 13
3 20 7
3 21 11
3 22 11
3 23 9
3 24 6
3 25 12
3 26 6
3 27 5
3 28 8
3 29 9
3 30 12
3 31 5
3 32 6
3 33 6
3 34 6
3 35 11
3 36 9
3 37 12
3 38 11
3 39 9
3 40 9
3 41 9
3 42 6
3 43 13
3 44 10
3 45 9
3 46 12
3 47 11
3 48 12
3 49 11
3 50 5
3 51 11
3 52 12
3 53 11
3 54 12
3 55 6
3 56 9
3 57 11
3 58 8
3 59 12
3 60 11
3 61 9
3 62 10
3 63 12
3 64 7
3 65 7
3 66 9
3 67 5
3 68 10
3 69 6
3 70 11
3 71 11
3 72 10
3 73 9
3 74 11
3 75 8
3 76 7
3 77 11
3 78 12
3 79 11
3 80 6
3 81 7
3 82 7
3 83 9
3 84 10
3 85 11
3 86 10
3 87 10
3 88 10
3 89 9
3 90 12
3 91 9
3 92 5
3 93 9
3 94 12
3 95 9
3 96 12
3 97 10
3 98 10
3 99 11
4 0 9
4 1 5
4 2 4
4 3 10
4 4 9
4 5 10
4 6 10
4 7 7
4 8 9
4 9 8
4 10 9
4 11 6
4 12 5
4 13 3
4 14 3
4 15 9
4 16 7
4 17 8
4 18 4
4 19 10
4 20 3
4 21 8
4 22 8
4 23 9
4 24 3
4 25 11
4 26 5
4 27 5
4 28 5
4 29 7
4 30 10
4 31 4
4 32 4
4 33 3
4 34 4
4 35 10
4 36 8
4 37 11
4 38 7
4 39 6
4 40 5
4 41 7
4 42 4
4 43 10
4 44 9
4 45 7
4 46 10
4 47 8
4 48 8
4 49 11
4 50 5
4 51 11
4 52 10
4 53 9
4 54 8
4 55 3
4 56 6
4 57 11
4 58 6
4 59 8
4 60 9
4 61 7
4 62 8
4 63 9
4 64 5
4 65 3
4 66 7
4 67 3
4 68 10
4 69 6
4 70 7
4 71 8
4 72 7
4 73 7
4 74 8
4 75 6
4 76 4
4 77 8
4 78 10
4 79 8
4 80 5
4 81 4
4 82 4
4 83 7
4 84 9
4 85 10
4 86 10
4 87 6
4 88 9
4 89 7
4 90 9
4 91 5
4 92 3
4 93 6
4 94 9
4 95 6
4 96 11
4 97 9
4 98 9
4 99 7
