5 100 10 6 10.0 3.0 1.0 95
9 90 8
7 15 3
7 4 8
2 39 6
5 13 8
8 208 9
0 8 6
7 184 4
8 84 9
8 154 7
3 10 3
6 142 3
0 4 3
0 19 9
6 142 9
3 21 9
1 28 7
5 180 9
0 57 9
0 85 3
8 63 7
7 2 6
1 70 6
8 114 6
4 65 9
2 124 9
7 169 7
6 114 5
5 182 5
6 198 7
6 70 8
6 78 7
4 8 3
8 105 3
1 66 3
4 147 7
3 98 8
6 194 8
2 104 3
9 88 7
5 59 8
2 40 6
4 13 8
5 50 9
1 72 9
3 36 3
6 76 3
5 130 3
0 68 5
5 68 7
1 29 9
5 7 3
5 114 7
0 94 9
9 122 9
1 63 7
4 160 6
9 155 8
8 26 8
4 48 3
7 82 3
2 93 7
1 98 3
8 194 6
3 27 8
4 92 9
2 53 8
7 17 8
1 41 8
1 42 8
7 154 8
9 75 6
2 56 7
2 4 8
3 75 5
2 119 9
8 189 8
3 81 8
9 230 3
1 75 6
4 160 7
0 74 9
0 39 8
0 69 8
4 5 8
3 8 8
2 65 3
5 130 4
9 170 6
3 51 4
6 90 8
7 113 9
9 228 7
3 14 7
9 162 8
9 185 3
7 195 7
4 7 5
6 146 4
8 133 3
0 0 0.921140524693
0 1 0.145897750749
0 2 0.192224106309
0 3 0.148598065535
0 4 0.611141056174
0 5 0.836394242115
0 6 0.523575657753
0 7 0.281283421805
0 8 0.722542641388
0 9 0.229495948664
0 10 0.598573137967
0 11 0.841128643606
0 12 0.102573938721
0 13 0.923568351421
0 14 0.266120772173
0 15 0.556285332075
0 16 0.524431427888
0 17 0.841616098598
0 18 0.118477564505
0 19 0.993187588061
0 20 0.780548720853
0 21 0.287539727469
0 22 0.706132074049
0 23 0.779435252372
0 24 0.961847966324
0 25 0.502636658985
0 26 0.976265211482
0 27 0.135995084356
0 28 0.381448814410
0 29 0.229181373538
0 30 0.622589371274
0 31 0.775766245393
0 32 0.527998011850
0 33 0.132290087461
0 34 0.430163008330
0 35 0.820967741115
0 36 0.883538037147
0 37 0.574262214079
0 38 0.716848238355
0 39 0.661761616197
0 40 0.907450495784
0 41 0.555282892658
0 42 0.731754996947
0 43 0.522856969314
0 44 0.120334821013
0 45 0.545349380715
0 46 0.178750092215
0 47 0.212439921976
0 48 0.567109186102
0 49 0.045053107443
0 50 0.858153964628
0 51 0.225322413739
0 52 0.987537922044
0 53 0.721348065399
0 54 0.979352190985
0 55 0.458898881423
0 56 0.190047528663
0 57 0.728293375492
0 58 0.927338035934
0 59 0.913357456217
0 60 0.171102908195
0 61 0.594694689622
0 62 0.732978185770
0 63 0.180859562535
0 64 0.490073714242
0 65 0.297888493672
0 66 0.959468302690
0 67 0.117917124563
0 68 0.740887649106
0 69 0.096732920885
0 70 0.369253593769
0 71 0.340805227685
0 72 0.758904194353
0 73 0.716811184368
0 74 0.713792838727
0 75 0.647894204964
0 76 0.060332396534
0 77 0.471336264143
0 78 0.501068737797
0 79 0.475551460174
0 80 0.201609923861
0 81 0.776688446174
0 82 0.418305440825
0 83 0.577842055433
0 84 0.907102587454
0 85 0.650356930977
0 86 0.480265314059
0 87 0.187218414481
0 88 0.767294632767
0 89 0.464719065747
0 90 0.399740417510
0 91 0.908397848693
0 92 0.647069190189
0 93 0.097518550851
0 94 0.238669698242
0 95 0.034008746993
0 96 0.719428498794
0 97 0.114194149137
0 98 0.466918692863
0 99 0.757763842703
1 0 0.256361710545
1 1 0.287357741264
1 2 0.390344332453
1 3 0.788054918994
1 4 0.912969190617
1 5 0.486116286961
1 6 0.542667253393
1 7 0.259385815592
1 8 0.354044406329
1 9 0.248641259922
1 10 0.059789395423
1 11 0.972878429836
1 12 0.389405746522
1 13 0.992098729942
1 14 0.285205701943
1 15 0.718836118659
1 16 0.223958509672
1 17 0.905850135188
1 18 0.009112698739
1 19 0.899976807897
1 20 0.389625364641
1 21 0.568829517806
1 22 0.815125813170
1 23 0.440366544299
1 24 0.036569303310
1 25 0.788412386091
1 26 0.149394734089
1 27 0.998105136745
1 28 0.985874782985
1 29 0.820169311768
1 30 0.130916105324
1 31 0.249612854657
1 32 0.843858935057
1 33 0.982494866787
1 34 0.791003280161
1 35 0.651365078638
1 36 0.726606716531
1 37 0.286380168490
1 38 0.571564678475
1 39 0.564441905621
1 40 0.936318699165
1 41 0.543145795809
1 42 0.948668202219
1 43 0.193631160701
1 44 0.080979114669
1 45 0.015355025364
1 46 0.878125887417
1 47 0.573103262220
1 48 0.974918114667
1 49 0.026863089623
1 50 0.158478579834
1 51 0.474966564233
1 52 0.167257066138
1 53 0.253692619116
1 54 0.074557535678
1 55 0.554114665821
1 56 0.417261202871
1 57 0.121093008393
1 58 0.586028159470
1 59 0.081692099188
1 60 0.886984939635
1 61 0.506430445422
1 62 0.060016454489
1 63 0.217309813747
1 64 0.501176110583
1 65 0.088495106225
1 66 0.947082509621
1 67 0.581834184732
1 68 0.766645749725
1 69 0.489168115877
1 70 0.620234949302
1 71 0.313036891093
1 72 0.771231340848
1 73 0.682613528181
1 74 0.177621607762
1 75 0.307206912316
1 76 0.315450042854
1 77 0.874126342463
1 78 0.524342157092
1 79 0.921372305374
1 80 0.887413630848
1 81 0.851204514430
1 82 0.500050820452
1 83 0.047367862085
1 84 0.397250044689
1 85 0.238423486639
1 86 0.497883224110
1 87 0.123537786626
1 88 0.014660848266
1 89 0.355631360786
1 90 0.408305322640
1 91 0.651660034433
1 92 0.216266557693
1 93 0.719406725873
1 94 0.651803384903
1 95 0.014291313625
1 96 0.058338619485
1 97 0.551617275932
1 98 0.367546116029
1 99 0.149711749411
2 0 0.202800476146
2 1 0.895403710144
2 2 0.858527409735
2 3 0.582379811430
2 4 0.667403486502
2 5 0.568331160284
2 6 0.468313407301
2 7 0.860351992284
2 8 0.639521799462
2 9 0.584531168585
2 10 0.345433582793
2 11 0.609701642188
2 12 0.614893725628
2 13 0.367416192986
2 14 0.456212037629
2 15 0.003332617652
2 16 0.405286151210
2 17 0.502455476613
2 18 0.511237754477
2 19 0.676406298658
2 20 0.970704448138
2 21 0.268580146373
2 22 0.582934368833
2 23 0.254498663844
2 24 0.468155908147
2 25 0.189530196479
2 26 0.488587610603
2 27 0.675367481606
2 28 0.773091467049
2 29 0.402216912353
2 30 0.609554623757
2 31 0.731758249938
2 32 0.376065611414
2 33 0.736597490655
2 34 0.104769800677
2 35 0.572449604984
2 36 0.980111169573
2 37 0.712267120506
2 38 0.734057387290
2 39 0.501381823103
2 40 0.575744862795
2 41 0.410819207944
2 42 0.172165935539
2 43 0.270091874789
2 44 0.971099356404
2 45 0.098854517598
2 46 0.072678570221
2 47 0.626928242992
2 48 0.730105054883
2 49 0.976460806849
2 50 0.615645354820
2 51 0.697023111648
2 52 0.871532763690
2 53 0.403363306813
2 54 0.363053878149
2 55 0.145565411107
2 56 0.833941947623
2 57 0.238762712542
2 58 0.727227683069
2 59 0.859088171935
2 60 0.516658422134
2 61 0.454233748846
2 62 0.925873174832
2 63 0.189449833180
2 64 0.722982313595
2 65 0.088597386097
2 66 0.355156993726
2 67 0.557865915469
2 68 0.015991426778
2 69 0.507149329090
2 70 0.719131028241
2 71 0.874527402542
2 72 0.151169475228
2 73 0.018095686632
2 74 0.725793396311
2 75 0.740179688337
2 76 0.953645659450
2 77 0.312983409726
2 78 0.793026330669
2 79 0.183561149329
2 80 0.288915041139
2 81 0.907741374878
2 82 0.173689829509
2 83 0.099962633660
2 84 0.351269454293
2 85 0.287927877135
2 86 0.754464955957
2 87 0.166701334038
2 88 0.894198403821
2 89 0.214177898597
2 90 0.199116141241
2 91 0.516162736766
2 92 0.153178128441
2 93 0.050033561044
2 94 0.967043947294
2 95 0.678558462030
2 96 0.997387336873
2 97 0.634493382614
2 98 0.015706236257
2 99 0.527335478909
3 0 0.593754327767
3 1 0.466703774205
3 2 0.229289426590
3 3 0.469132907430
3 4 0.892905798092
3 5 0.685253069726
3 6 0.878481699343
3 7 0.110145736568
3 8 0.077010980304
3 9 0.118441778817
3 10 0.112369193774
3 11 0.065123432366
3 12 0.816831825531
3 13 0.983891578173
3 14 0.247964313731
3 15 0.312911907750
3 16 0.520136678787
3 17 0.164183932823
3 18 0.520348204423
3 19 0.626520270653
3 20 0.004889903353
3 21 0.963134447593
3 22 0.256298870193
3 23 0.390565753230
3 24 0.003635550838
3 25 0.710168077518
3 26 0.219861386965
3 27 0.914784780879
3 28 0.013003510355
3 29 0.199988250513
3 30 0.202104455469
3 31 0.106237909212
3 32 0.232891047856
3 33 0.482622970057
3 34 0.797744094932
3 35 0.696829778441
3 36 0.674728550148
3 37 0.818923591609
3 38 0.685447093442
3 39 0.868892153483
3 40 0.219075546061
3 41 0.347617503008
3 42 0.720018693184
3 43 0.168570297479
3 44 0.216774588839
3 45 0.983433828125
3 46 0.212313261126
3 47 0.348058147057
3 48 0.433011940743
3 49 0.955592388480
3 50 0.864562968277
3 51 0.808052189519
3 52 0.283167705565
3 53 0.199803955654
3 54 0.393720102795
3 55 0.568410204423
3 56 0.567855379972
3 57 0.022115773473
3 58 0.100451629090
3 59 0.908394196947
3 60 0.423932618754
3 61 0.094322830377
3 62 0.386649709848
3 63 0.131369556160
3 64 0.052086172867
3 65 0.374070115789
3 66 0.762739498037
3 67 0.382274818708
3 68 0.605997356205
3 69 0.702458540005
3 70 0.344874068815
3 71 0.772980764355
3 72 0.263515127107
3 73 0.362708527852
3 74 0.021149903014
3 75 0.824806522148
3 76 0.165926560572
3 77 0.062613039622
3 78 0.145856572244
3 79 0.810866301133
3 80 0.080582666486
3 81 0.614193681984
3 82 0.000634769134
3 83 0.526518582404
3 84 0.010336878498
3 85 0.365695752751
3 86 0.944126751741
3 87 0.175988867863
3 88 0.173232001404
3 89 0.656754626891
3 90 0.981785232617
3 91 0.153303275470
3 92 0.724898387241
3 93 0.918856846718
3 94 0.495638635510
3 95 0.796981007254
3 96 0.171612797001
3 97 0.068678869567
3 98 0.537021270686
3 99 0.391381661441
4 0 0.746219332280
4 1 0.430801936058
4 2 0.980244254312
4 3 0.616934063958
4 4 0.214198578155
4 5 0.356509461154
4 6 0.322582820247
4 7 0.348867747652
4 8 0.025886125646
4 9 0.728020982555
4 10 0.752554527600
4 11 0.042947731769
4 12 0.564136209735
4 13 0.213540454783
4 14 0.502864674612
4 15 0.034363108812
4 16 0.524417232053
4 17 0.508002702452
4 18 0.566345921069
4 19 0.017593385286
4 20 0.898788443637
4 21 0.955683947376
4 22 0.581962976526
4 23 0.552353212718
4 24 0.898796484636
4 25 0.052836962772
4 26 0.705578360452
4 27 0.546767619492
4 28 0.741039971055
4 29 0.114514040107
4 30 0.130041748293
4 31 0.507775499464
4 32 0.256656947019
4 33 0.309231234325
4 34 0.360507432181
4 35 0.428250858623
4 36 0.447671057544
4 37 0.026465843903
4 38 0.260732682671
4 39 0.552631905663
4 40 0.655321799527
4 41 0.245745761353
4 42 0.585994953244
4 43 0.158125780776
4 44 0.276815310694
4 45 0.692250412671
4 46 0.030310929713
4 47 0.106487599870
4 48 0.049927275090
4 49 0.933725071225
4 50 0.150341982763
4 51 0.667573016165
4 52 0.639505172557
4 53 0.548035446818
4 54 0.030801734357
4 55 0.670473260119
4 56 0.116586023743
4 57 0.404895010012
4 58 0.511630109918
4 59 0.707324227026
4 60 0.718287820299
4 61 0.331155476298
4 62 0.810715753958
4 63 0.515245135843
4 64 0.555689955805
4 65 0.988666524426
4 66 0.612664134645
4 67 0.886910515107
4 68 0.004259993814
4 69 0.762291947860
4 70 0.056974259591
4 71 0.880198049746
4 72 0.788899223132
4 73 0.949223596676
4 74 0.738440387853
4 75 0.095627534719
4 76 0.137538469211
4 77 0.773389145347
4 78 0.676528470449
4 79 0.356343984502
4 80 0.741809879367
4 81 0.124660203397
4 82 0.669562752097
4 83 0.785465816674
4 84 0.853309788751
4 85 0.175848708826
4 86 0.942699393491
4 87 0.840076621748
4 88 0.541902150249
4 89 0.301178540212
4 90 0.328933198915
4 91 0.947094811376
4 92 0.711702575415
4 93 0.877977269856
4 94 0.730959271388
4 95 0.594140239845
4 96 0.645585822273
4 97 0.772935660819
4 98 0.921592073451
4 99 0.139570953531
0 0 10
0 1 7
0 2 12
0 3 8
0 4 11
0 5 12
0 6 9
0 7 8
0 8 11
0 9 10
0 10 6
0 11 6
0 12 5
0 13 13
0 14 12
0 15 13
0 16 11
0 17 13
0 18 13
0 19 7
0 20 11
0 21 10
0 22 8
0 23 10
0 24 12
0 25 13
0 26 11
0 27 7
0 28 9
0 29 9
0 30 10
0 31 11
0 32 7
0 33 6
0 34 6
0 35 11
0 36 11
0 37 12
0 38 7
0 39 10
0 40 12
0 41 9
0 42 12
0 43 12
0 44 11
0 45 7
0 46 5
0 47 7
0 48 8
0 49 10
0 50 13
0 51 5
0 52 11
0 53 11
0 54 13
0 55 10
0 56 8
0 57 10
0 58 10
0 59 5
0 60 6
0 61 10
0 62 6
0 63 9
0 64 11
0 65 12
0 66 10
0 67 11
0 68 12
0 69 11
0 70 12
0 71 9
0 72 11
0 73 11
0 74 8
0 75 13
0 76 11
0 77 10
0 78 6
0 79 10
0 80 9
0 81 11
0 82 12
0 83 10
0 84 12
0 85 11
0 86 6
0 87 8
0 88 9
0 89 6
0 90 10
0 91 12
0 92 11
0 93 10
0 94 12
0 95 7
0 96 10
0 97 7
0 98 7
0 99 5
1 0 13
1 1 8
1 2 12
1 3 9
1 4 11
1 5 13
1 6 11
1 7 7
1 8 12
1 9 10
1 10 7
1 11 8
1 12 6
1 13 13
1 14 12
1 15 12
1 16 10
1 17 12
1 18 13
1 19 7
1 20 10
1 21 10
1 22 10
1 23 11
1 24 13
1 25 12
1 26 10
1 27 8
1 28 9
1 29 11
1 30 13
1 31 12
1 32 8
1 33 8
1 34 7
1 35 12
1 36 11
1 37 11
1 38 6
1 39 12
1 40 12
1 41 9
1 42 11
1 43 12
1 44 13
1 45 6
1 46 8
1 47 6
1 48 8
1 49 10
1 50 12
1 51 7
1 52 12
1 53 12
1 54 12
1 55 10
1 56 11
1 57 13
1 58 13
1 59 6
1 60 8
1 61 11
1 62 8
1 63 11
1 64 13
1 65 13
1 66 11
1 67 12
1 68 13
1 69 13
1 70 11
1 71 10
1 72 10
1 73 12
1 74 10
1 75 12
1 76 13
1 77 12
1 78 8
1 79 11
1 80 12
1 81 12
1 82 11
1 83 11
1 84 12
1 85 12
1 86 6
1 87 7
1 88 10
1 89 7
1 90 13
1 91 14
1 92 11
1 93 12
1 94 11
1 95 8
1 96 12
1 97 9
1 98 9
1 99 6
2 0 10
2 1 5
2 2 10
2 3 7
2 4 10
2 5 10
2 6 7
2 7 6
2 8 9
2 9 8
2 10 4
2 11 4
2 12 4
2 13 9
2 14 9
2 15 10
2 16 9
2 17 10
2 18 11
2 19 4
2 20 8
2 21 6
2 22 7
2 23 7
2 24 11
2 25 11
2 26 9
2 27 5
2 28 6
2 29 9
2 30 9
2 31 8
2 32 5
2 33 3
2 34 4
2 35 8
2 36 10
2 37 10
2 38 3
2 39 8
2 40 8
2 41 8
2 42 8
2 43 9
2 44 9
2 45 4
2 46 4
2 47 3
2 48 7
2 49 9
2 50 10
2 51 3
2 52 7
2 53 11
2 54 10
2 55 7
2 56 7
2 57 9
2 58 9
2 59 5
2 60 5
2 61 8
2 62 4
2 63 7
2 64 9
2 65 11
2 66 10
2 67 10
2 68 9
2 69 9
2 70 8
2 71 6
2 72 8
2 73 9
2 74 5
2 75 9
2 76 8
2 77 10
2 78 4
2 79 7
2 80 9
2 81 10
2 82 8
2 83 8
2 84 10
2 85 9
2 86 5
2 87 5
2 88 6
2 89 4
2 90 9
2 91 11
2 92 9
2 93 8
2 94 8
2 95 4
2 96 7
2 97 7
2 98 5
2 99 5
3 0 8
3 1 3
3 2 10
3 3 8
3 4 10
3 5 11
3 6 8
3 7 6
3 8 9
3 9 8
3 10 3
3 11 3
3 12 3
3 13 10
3 14 9
3 15 10
3 16 7
3 17 10
3 18 11
3 19 3
3 20 7
3 21 8
3 22 8
3 23 8
3 24 9
3 25 9
3 26 9
3 27 5
3 28 6
3 29 8
3 30 8
3 31 9
3 32 5
3 33 4
3 34 4
3 35 8
3 36 9
3 37 9
3 38 5
3 39 7
3 40 10
3 41 6
3 42 9
3 43 10
3 44 10
3 45 4
3 46 4
3 47 5
3 48 6
3 49 7
3 50 9
3 51 3
3 52 9
3 53 10
3 54 9
3 55 9
3 56 6
3 57 9
3 58 10
3 59 4
3 60 5
3 61 8
3 62 4
3 63 7
3 64 10
3 65 11
3 66 9
3 67 8
3 68 10
3 69 8
3 70 9
3 71 6
3 72 8
3 73 10
3 74 7
3 75 10
3 76 10
3 77 8
3 78 4
3 79 6
3 80 7
3 81 9
3 82 10
3 83 8
3 84 9
3 85 9
3 86 4
3 87 6
3 88 8
3 89 4
3 90 9
3 91 11
3 92 8
3 93 9
3 94 8
3 95 3
3 96 9
3 97 6
3 98 5
3 99 4
4 0 9
4 1 3
4 2 9
4 3 8
4 4 9
4 5 11
4 6 6
4 7 6
4 8 11
4 9 9
4 10 3
4 11 3
4 12 4
4 13 10
4 14 10
4 15 11
4 16 7
4 17 10
4 18 9
4 19 3
4 20 9
4 21 6
4 22 7
4 23 8
4 24 9
4 25 11
4 26 7
4 27 7
4 28 5
4 29 9
4 30 8
4 31 9
4 32 5
4 33 5
4 34 3
4 35 7
4 36 8
4 37 8
4 38 3
4 39 9
4 40 9
4 41 7
4 42 9
4 43 10
4 44 11
4 45 3
4 46 5
4 47 4
4 48 7
4 49 9
4 50 9
4 51 4
4 52 9
4 53 11
4 54 11
4 55 7
4 56 7
4 57 9
4 58 8
4 59 5
4 60 5
4 61 8
4 62 4
4 63 6
4 64 10
4 65 10
4 66 9
4 67 9
4 68 10
4 69 8
4 70 10
4 71 8
4 72 7
4 73 8
4 74 5
4 75 10
4 76 8
4 77 8
4 78 4
4 79 7
4 80 9
4 81 11
4 82 10
4 83 9
4 84 10
4 85 10
4 86 5
4 87 4
4 88 8
4 89 6
4 90 8
4 91 11
4 92 8
4 93 8
4 94 10
4 95 5
4 96 7
4 97 7
4 98 5
4 99 3
