5 100 10 6 10.0 3.0 1.0 95
1 50 9
4 127 9
5 13 3
6 44 9
9 172 9
8 93 5
0 92 7
6 62 9
7 208 9
0 66 6
1 72 5
6 86 8
1 104 9
5 11 8
3 124 3
3 26 3
0 97 8
5 138 3
6 84 8
4 112 9
0 11 9
0 94 3
7 108 5
7 124 9
3 40 5
4 132 8
0 81 4
7 91 3
4 47 7
5 110 6
7 104 7
9 128 9
6 142 8
7 163 8
8 110 8
2 71 3
3 108 7
8 21 3
0 65 3
7 182 7
1 70 8
3 22 5
5 95 6
4 33 3
8 175 7
2 132 7
1 84 7
9 10 6
2 20 7
2 32 3
1 79 3
5 24 8
0 78 9
4 102 5
6 56 4
1 56 3
8 121 9
1 51 7
0 6 7
1 54 4
5 6 7
0 79 8
5 6 9
8 208 4
1 89 9
8 63 7
3 146 8
4 68 9
6 194 9
2 113 5
8 198 8
2 64 8
9 215 6
2 7 6
4 137 3
8 177 9
4 25 8
6 130 4
6 160 3
7 50 6
7 206 3
3 18 8
2 91 7
5 37 8
3 87 8
9 242 8
7 100 8
4 32 6
5 94 7
2 125 7
9 220 8
8 215 3
9 30 9
9 50 3
9 58 3
9 82 8
3 63 8
3 9 8
2 7 7
6 62 3
0 0 0.810433344450
0 1 0.341370840199
0 2 0.174783712919
0 3 0.810861116927
0 4 0.704805515097
0 5 0.904787299849
0 6 0.918232670038
0 7 0.737006650585
0 8 0.193659184808
0 9 0.685725905612
0 10 0.689837522428
0 11 0.136650642813
0 12 0.667376785935
0 13 0.303536039714
0 14 0.118827567919
0 15 0.307428551837
0 16 0.177766900732
0 17 0.310139490587
0 18 0.496653378659
0 19 0.586343426132
0 20 0.418691273182
0 21 0.345928696736
0 22 0.234992201983
0 23 0.173364415717
0 24 0.008073784489
0 25 0.081898957648
0 26 0.028618587351
0 27 0.098947665964
0 28 0.118101215326
0 29 0.988206021909
0 30 0.436357235483
0 31 0.678228475362
0 32 0.328262959757
0 33 0.481458994838
0 34 0.296921160473
0 35 0.818514763803
0 36 0.984053472882
0 37 0.392839484424
0 38 0.852555361041
0 39 0.504595838370
0 40 0.850332220043
0 41 0.322292581226
0 42 0.670081028183
0 43 0.728067221718
0 44 0.039181695872
0 45 0.256488106947
0 46 0.162379193401
0 47 0.528380553469
0 48 0.983314361518
0 49 0.937948224685
0 50 0.837717195359
0 51 0.909106880035
0 52 0.907947382705
0 53 0.829799577441
0 54 0.022213233036
0 55 0.239713208352
0 56 0.036473555695
0 57 0.678889345243
0 58 0.105749864853
0 59 0.508197083818
0 60 0.634681438412
0 61 0.063100630605
0 62 0.166911425831
0 63 0.113959560968
0 64 0.961450503781
0 65 0.864038372976
0 66 0.684230401510
0 67 0.823262205239
0 68 0.268674214790
0 69 0.397873471647
0 70 0.500851010079
0 71 0.752283648725
0 72 0.271348727530
0 73 0.388632098435
0 74 0.741001555467
0 75 0.454898345400
0 76 0.612187052646
0 77 0.847090028353
0 78 0.972464888000
0 79 0.749884184581
0 80 0.907126045918
0 81 0.024062915101
0 82 0.740949536514
0 83 0.870045170542
0 84 0.807888043855
0 85 0.412129396732
0 86 0.844000496085
0 87 0.737661530872
0 88 0.454377622209
0 89 0.607160788105
0 90 0.084180646279
0 91 0.220903257928
0 92 0.684491241218
0 93 0.963529780731
0 94 0.310719260156
0 95 0.756063182014
0 96 0.075680113341
0 97 0.239637560483
0 98 0.884746283433
0 99 0.174572592592
1 0 0.663245890756
1 1 0.981507937916
1 2 0.613044393714
1 3 0.605629156162
1 4 0.814191090650
1 5 0.364070875106
1 6 0.020644750097
1 7 0.708523986959
1 8 0.313088767377
1 9 0.693629794662
1 10 0.222927734453
1 11 0.228617401954
1 12 0.854971046985
1 13 0.055894898586
1 14 0.800963518042
1 15 0.945374334502
1 16 0.469284489506
1 17 0.882456376313
1 18 0.853316663009
1 19 0.498308381688
1 20 0.029165151425
1 21 0.173154947619
1 22 0.471124176748
1 23 0.889463897964
1 24 0.647746965598
1 25 0.310071544044
1 26 0.502411358182
1 27 0.646134396556
1 28 0.352569746760
1 29 0.582043836489
1 30 0.079696966284
1 31 0.359379389759
1 32 0.588028444534
1 33 0.694463869222
1 34 0.408047134684
1 35 0.908245413839
1 36 0.721627100354
1 37 0.017111150487
1 38 0.774242997366
1 39 0.367898070308
1 40 0.964823427515
1 41 0.124951406323
1 42 0.250635292167
1 43 0.099741239944
1 44 0.424795666791
1 45 0.768004937719
1 46 0.206938994885
1 47 0.516090400543
1 48 0.080034574977
1 49 0.015395389831
1 50 0.459239426734
1 51 0.348742128864
1 52 0.028352455242
1 53 0.731934269310
1 54 0.462275651825
1 55 0.127710560300
1 56 0.350071310431
1 57 0.249751749708
1 58 0.658347096984
1 59 0.032118630102
1 60 0.470535154376
1 61 0.673778202873
1 62 0.458829167717
1 63 0.869470759521
1 64 0.712781938470
1 65 0.239213158081
1 66 0.069907458382
1 67 0.333967239371
1 68 0.824466183001
1 69 0.706196978554
1 70 0.990851439328
1 71 0.544103140938
1 72 0.966865612179
1 73 0.695083172563
1 74 0.876127844040
1 75 0.116881518385
1 76 0.709433076484
1 77 0.179929660446
1 78 0.491573572511
1 79 0.545472266775
1 80 0.371710290801
1 81 0.700797148388
1 82 0.713901592247
1 83 0.107193285543
1 84 0.592306719653
1 85 0.991546516206
1 86 0.761910792376
1 87 0.598989903211
1 88 0.345129524278
1 89 0.538187830712
1 90 0.651027096301
1 91 0.136473996834
1 92 0.347739093126
1 93 0.014931299881
1 94 0.716296074713
1 95 0.342818500569
1 96 0.563558188678
1 97 0.965696192989
1 98 0.621002233912
1 99 0.636082551546
2 0 0.364006799517
2 1 0.071345175321
2 2 0.344586656471
2 3 0.212040479521
2 4 0.095238097749
2 5 0.738002514161
2 6 0.753188529291
2 7 0.833754029179
2 8 0.764253639963
2 9 0.208623768978
2 10 0.728901490968
2 11 0.705359802054
2 12 0.754853022498
2 13 0.040954132561
2 14 0.405014049982
2 15 0.507138817031
2 16 0.588229160927
2 17 0.538592858944
2 18 0.697168106984
2 19 0.208628079503
2 20 0.834850096358
2 21 0.788844888878
2 22 0.927661118209
2 23 0.536830443949
2 24 0.750140565680
2 25 0.102271378922
2 26 0.389454893445
2 27 0.504858253901
2 28 0.311950019867
2 29 0.341142395510
2 30 0.401559396460
2 31 0.159971533817
2 32 0.362615076403
2 33 0.558924485917
2 34 0.944170260264
2 35 0.347083793174
2 36 0.461587768274
2 37 0.348782443669
2 38 0.233946391342
2 39 0.355049154728
2 40 0.619922706344
2 41 0.071325161925
2 42 0.789232659033
2 43 0.056249012529
2 44 0.904212603275
2 45 0.956288254510
2 46 0.219598737589
2 47 0.398517378340
2 48 0.738850903613
2 49 0.606092144715
2 50 0.279692468409
2 51 0.804116917359
2 52 0.282163334673
2 53 0.373691094393
2 54 0.512674834941
2 55 0.801866045704
2 56 0.457465449323
2 57 0.489859521019
2 58 0.862993198439
2 59 0.870924392718
2 60 0.273550866307
2 61 0.625675656944
2 62 0.804943995200
2 63 0.352928715366
2 64 0.948080088410
2 65 0.931557285189
2 66 0.349205980181
2 67 0.734851021254
2 68 0.463331030641
2 69 0.453413895905
2 70 0.323661407146
2 71 0.802050170232
2 72 0.075375403004
2 73 0.381527878197
2 74 0.296902197422
2 75 0.784487412933
2 76 0.195096264350
2 77 0.267191938925
2 78 0.483317635507
2 79 0.858257135400
2 80 0.444434417265
2 81 0.119996055055
2 82 0.036729308757
2 83 0.979822673730
2 84 0.132761094457
2 85 0.688899744616
2 86 0.563164148156
2 87 0.047893563285
2 88 0.182891855197
2 89 0.258778520972
2 90 0.545197253494
2 91 0.804248791821
2 92 0.658823883612
2 93 0.510169945156
2 94 0.750865405248
2 95 0.276144881599
2 96 0.375841062100
2 97 0.741275055392
2 98 0.960535861457
2 99 0.126555767604
3 0 0.382914425785
3 1 0.585556593437
3 2 0.916884672460
3 3 0.961568401724
3 4 0.784116966823
3 5 0.156339741112
3 6 0.847673715673
3 7 0.231888129034
3 8 0.577868056895
3 9 0.135511185120
3 10 0.765339104748
3 11 0.244725250907
3 12 0.021184345071
3 13 0.034867593837
3 14 0.356841182645
3 15 0.585345986827
3 16 0.845625290165
3 17 0.567433178152
3 18 0.747661649323
3 19 0.477749152298
3 20 0.122794620136
3 21 0.787826022490
3 22 0.162980589403
3 23 0.848353312079
3 24 0.358607012169
3 25 0.225576954652
3 26 0.956676134955
3 27 0.477938075964
3 28 0.464727071561
3 29 0.096511297870
3 30 0.250834033227
3 31 0.282873322728
3 32 0.310001379798
3 33 0.663823806009
3 34 0.539890313609
3 35 0.826841935565
3 36 0.681382230588
3 37 0.397203477092
3 38 0.293976223906
3 39 0.750627368510
3 40 0.465680540565
3 41 0.467637179943
3 42 0.624972829947
3 43 0.302149957570
3 44 0.104607856626
3 45 0.789581453181
3 46 0.616060960597
3 47 0.776831749975
3 48 0.103323658690
3 49 0.613353234116
3 50 0.128395333982
3 51 0.372915192883
3 52 0.160456342194
3 53 0.229769939074
3 54 0.923355980265
3 55 0.777468991860
3 56 0.031309158227
3 57 0.275165404521
3 58 0.837610952486
3 59 0.349748239644
3 60 0.493864242410
3 61 0.074796102970
3 62 0.862777490668
3 63 0.845949819178
3 64 0.663563477410
3 65 0.840762385587
3 66 0.533578761969
3 67 0.031486365203
3 68 0.804201240984
3 69 0.290496299855
3 70 0.406301168737
3 71 0.308105198205
3 72 0.180639323066
3 73 0.729589054191
3 74 0.609900061789
3 75 0.050152445962
3 76 0.460287837561
3 77 0.080931835642
3 78 0.438465334574
3 79 0.475719838548
3 80 0.547873885706
3 81 0.832010107061
3 82 0.292520255496
3 83 0.882387452958
3 84 0.300643530181
3 85 0.338047944311
3 86 0.087133549792
3 87 0.788311316090
3 88 0.263973372823
3 89 0.322897462052
3 90 0.387105581012
3 91 0.278995535804
3 92 0.939988584020
3 93 0.835579629181
3 94 0.981215495473
3 95 0.953348237734
3 96 0.309642359505
3 97 0.584648771279
3 98 0.593469115512
3 99 0.111486511115
4 0 0.437616224953
4 1 0.244421888064
4 2 0.933096451236
4 3 0.425527289989
4 4 0.626628474370
4 5 0.639858621905
4 6 0.982573555266
4 7 0.618305423368
4 8 0.558154528509
4 9 0.946151653653
4 10 0.964259150293
4 11 0.033595463724
4 12 0.170103488122
4 13 0.887086649794
4 14 0.017724999871
4 15 0.266417902857
4 16 0.496707907267
4 17 0.795020253900
4 18 0.347528630606
4 19 0.131884404046
4 20 0.694401477754
4 21 0.911124215158
4 22 0.762750854100
4 23 0.776795849416
4 24 0.338518119475
4 25 0.519192357440
4 26 0.870434624502
4 27 0.959064823924
4 28 0.025937955461
4 29 0.803726040402
4 30 0.592916672483
4 31 0.030366350351
4 32 0.168956008941
4 33 0.304239684054
4 34 0.930953781443
4 35 0.000880287994
4 36 0.550435167806
4 37 0.272232513128
4 38 0.555891243596
4 39 0.285181751724
4 40 0.613671501477
4 41 0.708882166863
4 42 0.429292432948
4 43 0.277815097691
4 44 0.313493456607
4 45 0.549083314963
4 46 0.931136079878
4 47 0.522692894663
4 48 0.866709766923
4 49 0.084036650334
4 50 0.174526803482
4 51 0.110401436722
4 52 0.532624392556
4 53 0.466175987781
4 54 0.468747688680
4 55 0.127300442682
4 56 0.864978936368
4 57 0.005668203610
4 58 0.152625949526
4 59 0.085750405409
4 60 0.969761180271
4 61 0.405033505027
4 62 0.597426675361
4 63 0.589536350842
4 64 0.583135271016
4 65 0.999111791117
4 66 0.158720545351
4 67 0.581639523073
4 68 0.347567423734
4 69 0.857295023243
4 70 0.633637644507
4 71 0.909773697467
4 72 0.078891937120
4 73 0.772673121587
4 74 0.478360525957
4 75 0.215463303352
4 76 0.533882366295
4 77 0.699682752020
4 78 0.053068552077
4 79 0.290096467459
4 80 0.067556138534
4 81 0.397432582935
4 82 0.525763201557
4 83 0.105170492704
4 84 0.011922473050
4 85 0.984710679622
4 86 0.877599279188
4 87 0.575663222446
4 88 0.290851739108
4 89 0.449366995938
4 90 0.309591948222
4 91 0.772053135024
4 92 0.220805792701
4 93 0.502344253968
4 94 0.389390749233
4 95 0.724145052344
4 96 0.954443068338
4 97 0.671055976195
4 98 0.266351555145
4 99 0.714547227844
0 0 13
0 1 14
0 2 8
0 3 12
0 4 14
0 5 9
0 6 11
0 7 13
0 8 13
0 9 9
0 10 8
0 11 12
0 12 14
0 13 13
0 14 8
0 15 7
0 16 12
0 17 7
0 18 13
0 19 12
0 20 14
0 21 8
0 22 9
0 23 13
0 24 10
0 25 12
0 26 7
0 27 6
0 28 10
0 29 10
0 30 12
0 31 12
0 32 12
0 33 13
0 34 12
0 35 7
0 36 10
0 37 6
0 38 7
0 39 12
0 40 11
0 41 9
0 42 11
0 43 8
0 44 10
0 45 11
0 46 11
0 47 11
0 48 11
0 49 8
0 50 8
0 51 13
0 52 13
0 53 10
0 54 9
0 55 7
0 56 14
0 57 12
0 58 11
0 59 7
0 60 11
0 61 13
0 62 14
0 63 9
0 64 14
0 65 11
0 66 11
0 67 14
0 68 14
0 69 8
0 70 11
0 71 12
0 72 9
0 73 11
0 74 6
0 75 13
0 76 12
0 77 7
0 78 7
0 79 11
0 80 6
0 81 13
0 82 10
0 83 13
0 84 12
0 85 13
0 86 13
0 87 11
0 88 12
0 89 10
0 90 11
0 91 8
0 92 12
0 93 6
0 94 8
0 95 11
0 96 13
0 97 12
0 98 11
0 99 7
1 0 11
1 1 11
1 2 5
1 3 12
1 4 13
1 5 8
1 6 9
1 7 13
1 8 11
1 9 8
1 10 7
1 11 12
1 12 12
1 13 12
1 14 5
1 15 6
1 16 10
1 17 6
1 18 12
1 19 12
1 20 13
1 21 5
1 22 8
1 23 11
1 24 7
1 25 11
1 26 8
1 27 5
1 28 9
1 29 9
1 30 10
1 31 11
1 32 12
1 33 11
1 34 10
1 35 7
1 36 9
1 37 7
1 38 5
1 39 11
1 40 11
1 41 7
1 42 10
1 43 7
1 44 10
1 45 11
1 46 10
1 47 8
1 48 9
1 49 7
1 50 5
1 51 11
1 52 12
1 53 8
1 54 7
1 55 5
1 56 13
1 57 9
1 58 10
1 59 7
1 60 11
1 61 10
1 62 11
1 63 6
1 64 12
1 65 9
1 66 12
1 67 12
1 68 12
1 69 7
1 70 11
1 71 12
1 72 8
1 73 8
1 74 5
1 75 12
1 76 10
1 77 7
1 78 6
1 79 9
1 80 7
1 81 12
1 82 10
1 83 11
1 84 12
1 85 10
1 86 12
1 87 8
1 88 11
1 89 11
1 90 12
1 91 7
1 92 13
1 93 7
1 94 6
1 95 11
1 96 11
1 97 10
1 98 10
1 99 6
2 0 10
2 1 12
2 2 6
2 3 10
2 4 12
2 5 8
2 6 8
2 7 12
2 8 11
2 9 9
2 10 6
2 11 11
2 12 10
2 13 9
2 14 6
2 15 6
2 16 9
2 17 5
2 18 9
2 19 12
2 20 10
2 21 5
2 22 7
2 23 11
2 24 8
2 25 11
2 26 5
2 27 5
2 28 9
2 29 8
2 30 8
2 31 10
2 32 11
2 33 10
2 34 10
2 35 5
2 36 8
2 37 6
2 38 4
2 39 8
2 40 9
2 41 8
2 42 8
2 43 4
2 44 9
2 45 9
2 46 10
2 47 8
2 48 8
2 49 6
2 50 6
2 51 10
2 52 11
2 53 8
2 54 7
2 55 5
2 56 12
2 57 8
2 58 8
2 59 5
2 60 8
2 61 11
2 62 10
2 63 5
2 64 11
2 65 10
2 66 10
2 67 12
2 68 12
2 69 7
2 70 9
2 71 11
2 72 8
2 73 9
2 74 5
2 75 11
2 76 11
2 77 7
2 78 5
2 79 8
2 80 4
2 81 9
2 82 10
2 83 9
2 84 9
2 85 9
2 86 10
2 87 7
2 88 9
2 89 9
2 90 9
2 91 5
2 92 11
2 93 5
2 94 6
2 95 9
2 96 10
2 97 11
2 98 9
2 99 4
3 0 9
3 1 11
3 2 4
3 3 11
3 4 10
3 5 5
3 6 7
3 7 11
3 8 11
3 9 8
3 10 6
3 11 10
3 12 10
3 13 9
3 14 5
3 15 4
3 16 8
3 17 5
3 18 9
3 19 10
3 20 10
3 21 4
3 22 6
3 23 9
3 24 6
3 25 9
3 26 6
3 27 4
3 28 9
3 29 8
3 30 7
3 31 9
3 32 10
3 33 10
3 34 10
3 35 5
3 36 9
3 37 5
3 38 3
3 39 7
3 40 8
3 41 5
3 42 7
3 43 5
3 44 7
3 45 9
3 46 7
3 47 8
3 48 7
3 49 5
3 50 5
3 51 8
3 52 11
3 53 5
3 54 6
3 55 4
3 56 11
3 57 7
3 58 7
3 59 5
3 60 8
3 61 10
3 62 10
3 63 5
3 64 10
3 65 9
3 66 10
3 67 11
3 68 10
3 69 7
3 70 8
3 71 9
3 72 8
3 73 8
3 74 4
3 75 10
3 76 10
3 77 4
3 78 3
3 79 8
3 80 3
3 81 9
3 82 7
3 83 10
3 84 8
3 85 9
3 86 9
3 87 6
3 88 8
3 89 9
3 90 9
3 91 5
3 92 11
3 93 3
3 94 4
3 95 8
3 96 8
3 97 10
3 98 7
3 99 5
4 0 12
4 1 11
4 2 5
4 3 12
4 4 12
4 5 7
4 6 8
4 7 11
4 8 12
4 9 9
4 10 8
4 11 9
4 12 11
4 13 11
4 14 5
4 15 5
4 16 9
4 17 5
4 18 10
4 19 11
4 20 12
4 21 6
4 22 8
4 23 10
4 24 8
4 25 9
4 26 5
4 27 4
4 28 9
4 29 8
4 30 8
4 31 11
4 32 10
4 33 9
4 34 11
4 35 5
4 36 8
4 37 4
4 38 5
4 39 8
4 40 9
4 41 8
4 42 9
4 43 4
4 44 10
4 45 10
4 46 8
4 47 9
4 48 9
4 49 5
4 50 6
4 51 9
4 52 10
4 53 7
4 54 5
4 55 6
4 56 11
4 57 8
4 58 9
4 59 6
4 60 8
4 61 9
4 62 12
4 63 6
4 64 11
4 65 8
4 66 11
4 67 12
4 68 11
4 69 6
4 70 9
4 71 10
4 72 8
4 73 8
4 74 5
4 75 11
4 76 11
4 77 7
4 78 6
4 79 9
4 80 4
4 81 11
4 82 8
4 83 9
4 84 10
4 85 9
4 86 11
4 87 7
4 88 8
4 89 8
4 90 9
4 91 4
4 92 11
4 93 4
4 94 5
4 95 11
4 96 11
4 97 10
4 98 9
4 99 6
