5 100 10 6 10.0 3.0 1.0 95
7 141 3
0 23 3
2 99 8
1 38 3
8 152 8
8 86 9
0 49 9
6 74 7
8 107 9
9 5 7
7 154 5
9 120 4
8 173 7
2 40 8
3 24 9
5 57 9
0 20 8
4 48 7
5 59 8
7 130 8
3 39 3
0 95 9
3 128 9
3 141 4
4 48 7
1 35 7
3 82 3
3 34 8
6 52 3
7 46 6
3 16 7
1 116 7
1 74 9
4 103 7
7 208 8
4 30 4
6 36 8
1 15 3
6 176 9
6 46 3
9 22 9
0 38 6
5 108 3
0 13 4
7 113 3
1 30 9
6 16 5
2 83 8
1 64 9
8 173 3
1 4 8
0 86 3
6 142 7
4 2 9
2 25 9
5 101 4
6 122 9
2 84 7
2 100 5
7 193 7
8 222 8
2 120 5
7 182 8
9 132 9
8 42 8
3 38 6
5 33 7
0 67 9
1 1 6
4 70 3
9 90 3
3 26 8
7 24 8
6 102 6
4 18 8
9 38 7
5 160 8
9 128 9
2 24 3
4 135 9
7 139 9
9 75 8
1 96 5
4 165 3
2 101 3
5 141 7
3 70 9
9 72 3
6 64 9
0 12 8
8 98 5
2 119 7
5 16 5
5 73 8
8 68 5
9 12 6
5 139 3
0 85 7
4 105 6
8 217 3
0 0 0.307122603991
0 1 0.619121610755
0 2 0.999130791628
0 3 0.747972817451
0 4 0.538561749781
0 5 0.423314014628
0 6 0.019695623300
0 7 0.815160887515
0 8 0.096077966251
0 9 0.099253142667
0 10 0.232763121762
0 11 0.372853588722
0 12 0.104934778741
0 13 0.622692213648
0 14 0.341690557560
0 15 0.981946334501
0 16 0.449251886411
0 17 0.439234473201
0 18 0.315697694623
0 19 0.464834043373
0 20 0.548745931003
0 21 0.473016814814
0 22 0.953765253269
0 23 0.478160540644
0 24 0.294968200318
0 25 0.615807769412
0 26 0.515765693035
0 27 0.314245938144
0 28 0.547565212472
0 29 0.464328338443
0 30 0.235642751677
0 31 0.935204902391
0 32 0.476672990480
0 33 0.661056728438
0 34 0.474710873176
0 35 0.178209129993
0 36 0.060612402244
0 37 0.747733351255
0 38 0.596008914043
0 39 0.604192264243
0 40 0.600616890682
0 41 0.757961667688
0 42 0.207556579774
0 43 0.115813517434
0 44 0.889673542974
0 45 0.939390032992
0 46 0.515941752070
0 47 0.109727291424
0 48 0.389661256604
0 49 0.348634919635
0 50 0.770682498825
0 51 0.257855211253
0 52 0.251909958683
0 53 0.930354470104
0 54 0.378915072427
0 55 0.176944804542
0 56 0.229696415892
0 57 0.281206659571
0 58 0.718593817889
0 59 0.405451556638
0 60 0.867640697213
0 61 0.618545006964
0 62 0.545132493623
0 63 0.278089536232
0 64 0.200095216471
0 65 0.321426423462
0 66 0.184933820295
0 67 0.187802774528
0 68 0.895837355430
0 69 0.598416311507
0 70 0.779135792067
0 71 0.392612172185
0 72 0.502358841937
0 73 0.955618080565
0 74 0.594184303493
0 75 0.716923524451
0 76 0.332647841044
0 77 0.793857629110
0 78 0.687310574008
0 79 0.575552038347
0 80 0.118532078446
0 81 0.197912943973
0 82 0.543634538868
0 83 0.289553560825
0 84 0.493737165632
0 85 0.756447000639
0 86 0.238433078523
0 87 0.235845453665
0 88 0.667017024688
0 89 0.457014145121
0 90 0.863048832517
0 91 0.663382571906
0 92 0.508226910919
0 93 0.359953644025
0 94 0.762575162274
0 95 0.025797377876
0 96 0.652573807676
0 97 0.950040169815
0 98 0.813372311659
0 99 0.977377527636
1 0 0.785614476516
1 1 0.506390489546
1 2 0.147466881914
1 3 0.484777203062
1 4 0.417814809522
1 5 0.816158574211
1 6 0.795215189955
1 7 0.613443768231
1 8 0.742045719721
1 9 0.109840266629
1 10 0.478815906662
1 11 0.227075488357
1 12 0.699699584147
1 13 0.280929816695
1 14 0.309328962604
1 15 0.729900930002
1 16 0.433795393802
1 17 0.427749323446
1 18 0.873415967018
1 19 0.382045629677
1 20 0.658698541855
1 21 0.792928412502
1 22 0.344787598994
1 23 0.935474213585
1 24 0.027915921913
1 25 0.992616314944
1 26 0.600396522965
1 27 0.795108071158
1 28 0.895853013755
1 29 0.928746252474
1 30 0.515951062871
1 31 0.735446873327
1 32 0.035634648141
1 33 0.753149584057
1 34 0.551032044755
1 35 0.117575697757
1 36 0.639921885140
1 37 0.686702880218
1 38 0.101682224714
1 39 0.983792902487
1 40 0.965502751943
1 41 0.813539239212
1 42 0.704874058709
1 43 0.652243311943
1 44 0.281162346016
1 45 0.804240678427
1 46 0.770501063482
1 47 0.980780246241
1 48 0.170079086265
1 49 0.207953330617
1 50 0.263756223451
1 51 0.445742789444
1 52 0.996820802444
1 53 0.656679143862
1 54 0.942551217055
1 55 0.388198745841
1 56 0.873834353493
1 57 0.414269490675
1 58 0.431048944483
1 59 0.560761111382
1 60 0.677534758786
1 61 0.481760317616
1 62 0.775724017587
1 63 0.789413183665
1 64 0.718468276876
1 65 0.674620493281
1 66 0.006904864619
1 67 0.970536091149
1 68 0.872768886877
1 69 0.358988837979
1 70 0.771766086706
1 71 0.783973060038
1 72 0.982276192843
1 73 0.375492889375
1 74 0.308194180294
1 75 0.272756952988
1 76 0.605995125795
1 77 0.662424054679
1 78 0.321661640024
1 79 0.381932867074
1 80 0.643322376771
1 81 0.737544918780
1 82 0.847297485135
1 83 0.557780549617
1 84 0.422383656179
1 85 0.119518568506
1 86 0.106785928503
1 87 0.985582516157
1 88 0.223052352240
1 89 0.121852534448
1 90 0.620402805554
1 91 0.178380197988
1 92 0.292055988482
1 93 0.221164129508
1 94 0.350692200447
1 95 0.685544655267
1 96 0.746072223372
1 97 0.861045288189
1 98 0.490022397074
1 99 0.597760568425
2 0 0.119139454873
2 1 0.888382669793
2 2 0.128642318542
2 3 0.999565627669
2 4 0.977983122277
2 5 0.332286173142
2 6 0.199013359882
2 7 0.953806786036
2 8 0.205336009664
2 9 0.369707562987
2 10 0.857216302506
2 11 0.678868382103
2 12 0.922989268751
2 13 0.281299656720
2 14 0.770887048751
2 15 0.602516122157
2 16 0.081430417267
2 17 0.137311926335
2 18 0.238916273672
2 19 0.747990594047
2 20 0.835780229679
2 21 0.114248264348
2 22 0.654160094023
2 23 0.123639011332
2 24 0.760112244273
2 25 0.866567256380
2 26 0.217009308612
2 27 0.985350234336
2 28 0.905373956636
2 29 0.610569075460
2 30 0.193366914540
2 31 0.410711774415
2 32 0.520306722955
2 33 0.765035374969
2 34 0.384196057763
2 35 0.986623622666
2 36 0.263508951924
2 37 0.290505337728
2 38 0.824074903415
2 39 0.664588283831
2 40 0.345207516321
2 41 0.166015995684
2 42 0.048442175398
2 43 0.331521229980
2 44 0.809048404037
2 45 0.461607343959
2 46 0.840399790089
2 47 0.809806666070
2 48 0.228270628262
2 49 0.720530477051
2 50 0.950369871390
2 51 0.445253459598
2 52 0.344212153017
2 53 0.945785139265
2 54 0.120490445164
2 55 0.004807382314
2 56 0.784842725646
2 57 0.446054917611
2 58 0.067938821160
2 59 0.208286946908
2 60 0.310255678779
2 61 0.154748098281
2 62 0.857760069276
2 63 0.265617547640
2 64 0.335595304367
2 65 0.585949342523
2 66 0.465365576216
2 67 0.958826869166
2 68 0.328038097762
2 69 0.304792724122
2 70 0.954159680025
2 71 0.749813055531
2 72 0.480249394170
2 73 0.529434055284
2 74 0.845060060578
2 75 0.853795278479
2 76 0.176351639003
2 77 0.072235966240
2 78 0.856228565525
2 79 0.811074834175
2 80 0.231887941199
2 81 0.524049589531
2 82 0.312572630465
2 83 0.608322510859
2 84 0.790740777321
2 85 0.458392947362
2 86 0.195721383307
2 87 0.600699158192
2 88 0.010984877782
2 89 0.443420364370
2 90 0.534734372232
2 91 0.297744586076
2 92 0.557646967206
2 93 0.879374263439
2 94 0.391829636953
2 95 0.723707791902
2 96 0.831036755016
2 97 0.632954759280
2 98 0.577353557820
2 99 0.233346586694
3 0 0.550574447161
3 1 0.423085864069
3 2 0.979475199508
3 3 0.596401016231
3 4 0.543049166558
3 5 0.450507340502
3 6 0.287340076148
3 7 0.935832390458
3 8 0.795162588798
3 9 0.677908588693
3 10 0.985076648420
3 11 0.898813499900
3 12 0.675807160255
3 13 0.656928176974
3 14 0.661950681441
3 15 0.580984833711
3 16 0.460528669863
3 17 0.661734023516
3 18 0.056704517772
3 19 0.944113967722
3 20 0.000371430323
3 21 0.427551314279
3 22 0.837429501011
3 23 0.619403337648
3 24 0.905342125591
3 25 0.840277552679
3 26 0.981129855587
3 27 0.414782115706
3 28 0.891914627216
3 29 0.630735715803
3 30 0.746608771862
3 31 0.453483566071
3 32 0.554865583588
3 33 0.320888012820
3 34 0.242926790940
3 35 0.678295464354
3 36 0.940883095301
3 37 0.748813523120
3 38 0.023775636641
3 39 0.666975488919
3 40 0.161093637985
3 41 0.804531072220
3 42 0.930966580597
3 43 0.039527932935
3 44 0.282267320436
3 45 0.251118241530
3 46 0.747559491757
3 47 0.116285690766
3 48 0.897078459964
3 49 0.109969358234
3 50 0.758723658650
3 51 0.673665481032
3 52 0.807404910559
3 53 0.047266787311
3 54 0.163664001629
3 55 0.256212619096
3 56 0.109159265245
3 57 0.901694930187
3 58 0.582625238450
3 59 0.614132560100
3 60 0.587646332389
3 61 0.392016232675
3 62 0.575847691569
3 63 0.227594401937
3 64 0.670787573743
3 65 0.068634094949
3 66 0.066836900574
3 67 0.324528267838
3 68 0.524704880401
3 69 0.762761335579
3 70 0.710868290302
3 71 0.589125725948
3 72 0.950396881417
3 73 0.119379655587
3 74 0.051577888075
3 75 0.730120170184
3 76 0.148524187372
3 77 0.599147768989
3 78 0.190669882385
3 79 0.224794599499
3 80 0.120574626296
3 81 0.772165157339
3 82 0.391983369020
3 83 0.088260907188
3 84 0.385780272634
3 85 0.365557418177
3 86 0.754486367733
3 87 0.429297076516
3 88 0.107710274051
3 89 0.217032719931
3 90 0.714306645699
3 91 0.785983836995
3 92 0.101465132522
3 93 0.359021111156
3 94 0.171065728459
3 95 0.899634218471
3 96 0.649086231150
3 97 0.183656919980
3 98 0.278699916815
3 99 0.892926467442
4 0 0.420264258667
4 1 0.505415010467
4 2 0.939819100592
4 3 0.658304292676
4 4 0.127735071918
4 5 0.838210953849
4 6 0.836830505092
4 7 0.637618592806
4 8 0.893522446424
4 9 0.120556568390
4 10 0.892836371294
4 11 0.810406746315
4 12 0.243323377385
4 13 0.194751030998
4 14 0.719115383086
4 15 0.473578740536
4 16 0.235629585465
4 17 0.335063249694
4 18 0.080276376411
4 19 0.289815172028
4 20 0.854614994580
4 21 0.401652495768
4 22 0.011550364246
4 23 0.255312467144
4 24 0.904879721962
4 25 0.228478518688
4 26 0.011003898866
4 27 0.842697384660
4 28 0.007911660155
4 29 0.894488539642
4 30 0.485564121051
4 31 0.082950098154
4 32 0.906907740559
4 33 0.713832319499
4 34 0.973333025635
4 35 0.126735147953
4 36 0.620217015162
4 37 0.673430883407
4 38 0.996610316572
4 39 0.018352009751
4 40 0.410707200262
4 41 0.683558146405
4 42 0.373918664428
4 43 0.971018267809
4 44 0.165305499596
4 45 0.999839739047
4 46 0.896561513536
4 47 0.662373652788
4 48 0.382149569352
4 49 0.008811459412
4 50 0.865887597913
4 51 0.598308563966
4 52 0.974389436424
4 53 0.541758978243
4 54 0.320296564516
4 55 0.060881685434
4 56 0.322389154821
4 57 0.669887633994
4 58 0.155014783523
4 59 0.624481798737
4 60 0.776049735259
4 61 0.542292868960
4 62 0.753271540410
4 63 0.414814028690
4 64 0.901056781406
4 65 0.391175355250
4 66 0.660196393682
4 67 0.879966799378
4 68 0.769773352878
4 69 0.556574021724
4 70 0.282387179594
4 71 0.960386814445
4 72 0.547587020792
4 73 0.351860887125
4 74 0.827007970597
4 75 0.210178554101
4 76 0.184556673255
4 77 0.234996421040
4 78 0.491189414265
4 79 0.433639493926
4 80 0.784941771965
4 81 0.953141107187
4 82 0.467703586173
4 83 0.090079982474
4 84 0.751111730354
4 85 0.351898004002
4 86 0.627883358314
4 87 0.331879522826
4 88 0.013658468242
4 89 0.805305731262
4 90 0.283807956595
4 91 0.409389085956
4 92 0.416520845598
4 93 0.879427959414
4 94 0.733343782668
4 95 0.145660156981
4 96 0.540898942447
4 97 0.357458495691
4 98 0.913924340062
4 99 0.916923839882
0 0 7
0 1 7
0 2 12
0 3 8
0 4 13
0 5 12
0 6 12
0 7 10
0 8 12
0 9 11
0 10 9
0 11 7
0 12 10
0 13 11
0 14 14
0 15 14
0 16 13
0 17 10
0 18 12
0 19 12
0 20 7
0 21 12
0 22 13
0 23 8
0 24 12
0 25 10
0 26 8
0 27 13
0 28 7
0 29 10
0 30 11
0 31 12
0 32 14
0 33 12
0 34 13
0 35 7
0 36 13
0 37 7
0 38 14
0 39 7
0 40 13
0 41 11
0 42 6
0 43 9
0 44 6
0 45 12
0 46 10
0 47 11
0 48 12
0 49 8
0 50 11
0 51 6
0 52 11
0 53 12
0 54 14
0 55 8
0 56 14
0 57 10
0 58 10
0 59 10
0 60 12
0 61 9
0 62 12
0 63 13
0 64 12
0 65 11
0 66 11
0 67 13
0 68 9
0 69 7
0 70 6
0 71 11
0 72 12
0 73 11
0 74 12
0 75 12
0 76 11
0 77 14
0 78 6
0 79 12
0 80 13
0 81 12
0 82 10
0 83 7
0 84 8
0 85 10
0 86 14
0 87 6
0 88 13
0 89 12
0 90 10
0 91 12
0 92 8
0 93 13
0 94 9
0 95 10
0 96 6
0 97 10
0 98 9
0 99 6
1 0 4
1 1 6
1 2 10
1 3 4
1 4 9
1 5 12
1 6 11
1 7 9
1 8 11
1 9 8
1 10 8
1 11 7
1 12 8
1 13 10
1 14 11
1 15 10
1 16 9
1 17 9
1 18 9
1 19 11
1 20 4
1 21 10
1 22 10
1 23 5
1 24 10
1 25 8
1 26 4
1 27 11
1 28 6
1 29 7
1 30 8
1 31 10
1 32 10
1 33 9
1 34 10
1 35 5
1 36 10
1 37 4
1 38 11
1 39 5
1 40 10
1 41 7
1 42 4
1 43 6
1 44 5
1 45 10
1 46 6
1 47 10
1 48 11
1 49 5
1 50 10
1 51 5
1 52 8
1 53 11
1 54 12
1 55 7
1 56 12
1 57 9
1 58 8
1 59 8
1 60 11
1 61 6
1 62 11
1 63 11
1 64 11
1 65 7
1 66 8
1 67 12
1 68 8
1 69 6
1 70 4
1 71 10
1 72 11
1 73 8
1 74 9
1 75 10
1 76 9
1 77 11
1 78 6
1 79 11
1 80 10
1 81 9
1 82 7
1 83 5
1 84 5
1 85 8
1 86 10
1 87 5
1 88 11
1 89 10
1 90 6
1 91 10
1 92 8
1 93 10
1 94 7
1 95 8
1 96 4
1 97 10
1 98 8
1 99 5
2 0 8
2 1 7
2 2 13
2 3 6
2 4 11
2 5 12
2 6 12
2 7 12
2 8 13
2 9 12
2 10 10
2 11 7
2 12 12
2 13 13
2 14 14
2 15 14
2 16 13
2 17 12
2 18 12
2 19 13
2 20 7
2 21 13
2 22 12
2 23 9
2 24 10
2 25 10
2 26 8
2 27 11
2 28 6
2 29 9
2 30 11
2 31 11
2 32 13
2 33 11
2 34 11
2 35 9
2 36 12
2 37 8
2 38 12
2 39 6
2 40 14
2 41 11
2 42 7
2 43 8
2 44 7
2 45 12
2 46 9
2 47 11
2 48 12
2 49 6
2 50 13
2 51 8
2 52 11
2 53 14
2 54 14
2 55 8
2 56 13
2 57 10
2 58 10
2 59 11
2 60 13
2 61 10
2 62 11
2 63 14
2 64 12
2 65 10
2 66 11
2 67 14
2 68 9
2 69 6
2 70 6
2 71 11
2 72 13
2 73 9
2 74 11
2 75 11
2 76 11
2 77 14
2 78 8
2 79 13
2 80 13
2 81 13
2 82 9
2 83 7
2 84 6
2 85 12
2 86 13
2 87 6
2 88 12
2 89 11
2 90 10
2 91 11
2 92 10
2 93 11
2 94 8
2 95 10
2 96 7
2 97 10
2 98 11
2 99 8
3 0 7
3 1 8
3 2 13
3 3 7
3 4 12
3 5 12
3 6 13
3 7 11
3 8 13
3 9 10
3 10 10
3 11 7
3 12 12
3 13 11
3 14 12
3 15 14
3 16 11
3 17 10
3 18 12
3 19 11
3 20 6
3 21 13
3 22 12
3 23 7
3 24 10
3 25 11
3 26 6
3 27 11
3 28 6
3 29 9
3 30 11
3 31 10
3 32 13
3 33 12
3 34 13
3 35 9
3 36 13
3 37 8
3 38 12
3 39 7
3 40 12
3 41 9
3 42 8
3 43 9
3 44 7
3 45 13
3 46 10
3 47 11
3 48 12
3 49 7
3 50 13
3 51 8
3 52 10
3 53 13
3 54 12
3 55 7
3 56 14
3 57 10
3 58 8
3 59 10
3 60 11
3 61 8
3 62 13
3 63 12
3 64 11
3 65 9
3 66 11
3 67 12
3 68 10
3 69 7
3 70 7
3 71 12
3 72 11
3 73 10
3 74 13
3 75 12
3 76 12
3 77 12
3 78 7
3 79 13
3 80 14
3 81 13
3 82 10
3 83 8
3 84 8
3 85 12
3 86 14
3 87 6
3 88 13
3 89 12
3 90 8
3 91 12
3 92 10
3 93 11
3 94 8
3 95 11
3 96 8
3 97 12
3 98 11
3 99 7
4 0 6
4 1 6
4 2 9
4 3 5
4 4 10
4 5 10
4 6 12
4 7 10
4 8 11
4 9 8
4 10 6
4 11 6
4 12 10
4 13 10
4 14 11
4 15 12
4 16 11
4 17 10
4 18 10
4 19 11
4 20 4
4 21 11
4 22 12
4 23 6
4 24 9
4 25 9
4 26 4
4 27 9
4 28 6
4 29 9
4 30 9
4 31 10
4 32 10
4 33 8
4 34 11
4 35 6
4 36 9
4 37 6
4 38 10
4 39 6
4 40 10
4 41 9
4 42 5
4 43 5
4 44 6
4 45 11
4 46 8
4 47 9
4 48 11
4 49 4
4 50 9
4 51 4
4 52 10
4 53 12
4 54 12
4 55 5
4 56 12
4 57 8
4 58 6
4 59 10
4 60 11
4 61 8
4 62 10
4 63 10
4 64 10
4 65 7
4 66 8
4 67 11
4 68 8
4 69 6
4 70 6
4 71 10
4 72 9
4 73 9
4 74 11
4 75 9
4 76 10
4 77 10
4 78 5
4 79 12
4 80 10
4 81 10
4 82 6
4 83 6
4 84 4
4 85 9
4 86 10
4 87 6
4 88 10
4 89 11
4 90 7
4 91 8
4 92 7
4 93 9
4 94 8
4 95 7
4 96 4
4 97 8
4 98 7
4 99 6
