5 100 10 6 10.0 3.0 1.0 95
3 141 6
0 36 3
7 78 4
2 11 9
4 143 7
9 225 7
5 92 3
4 20 7
2 27 9
7 150 3
5 125 5
8 222 9
8 37 4
2 15 9
1 13 6
9 52 7
5 182 9
0 21 9
9 58 8
4 138 5
8 26 7
2 85 6
0 16 3
5 70 8
8 23 3
5 50 8
7 24 9
6 40 9
1 60 7
9 102 3
0 99 5
8 163 8
2 19 3
6 78 9
1 33 7
3 10 5
7 167 7
0 66 8
5 167 7
4 102 3
0 69 9
3 87 9
2 71 7
9 185 8
8 154 3
0 83 7
9 78 9
3 74 8
1 27 5
6 64 3
9 112 7
7 115 4
4 87 7
8 84 9
1 70 3
7 150 8
8 68 9
9 128 4
4 72 4
3 44 8
2 97 3
4 13 9
5 86 3
8 82 5
5 145 9
6 14 4
6 128 9
1 42 7
1 99 8
8 182 9
6 92 3
1 94 3
1 13 9
0 64 8
3 46 8
5 130 5
7 152 9
6 44 5
3 146 3
1 71 7
5 33 9
7 11 7
4 28 9
6 96 8
4 25 9
3 105 3
3 134 7
7 152 3
2 20 4
0 62 8
6 52 8
9 22 5
9 80 3
4 110 3
3 108 9
7 4 9
6 168 9
2 109 8
2 36 8
0 77 4
0 0 0.565947330542
0 1 0.855068494710
0 2 0.677404680129
0 3 0.980312363504
0 4 0.406625259003
0 5 0.716603035494
0 6 0.600245648509
0 7 0.962577416964
0 8 0.469942140862
0 9 0.603195342384
0 10 0.770280699749
0 11 0.351640452828
0 12 0.194159595276
0 13 0.598782242227
0 14 0.153966192497
0 15 0.321995083623
0 16 0.027239403832
0 17 0.309272733604
0 18 0.046073868365
0 19 0.066409463286
0 20 0.235830627035
0 21 0.106894802570
0 22 0.393498433910
0 23 0.026718604878
0 24 0.005623867764
0 25 0.326050022414
0 26 0.030197036341
0 27 0.803222877368
0 28 0.580707773320
0 29 0.361786682653
0 30 0.670393794424
0 31 0.175950529388
0 32 0.861106723502
0 33 0.384440752187
0 34 0.288833711937
0 35 0.729270871531
0 36 0.477418274237
0 37 0.401938708680
0 38 0.206098299365
0 39 0.061320169883
0 40 0.523509085393
0 41 0.321840000144
0 42 0.884557754373
0 43 0.133248918935
0 44 0.699937282751
0 45 0.778799838717
0 46 0.165457172989
0 47 0.862805205078
0 48 0.523123370868
0 49 0.460930903175
0 50 0.528337295550
0 51 0.692700877624
0 52 0.649429185607
0 53 0.954798842270
0 54 0.098224738377
0 55 0.302487815186
0 56 0.141290114978
0 57 0.562839818903
0 58 0.573836786938
0 59 0.057683855109
0 60 0.075680676680
0 61 0.131284156421
0 62 0.241077165985
0 63 0.818293517816
0 64 0.105379368698
0 65 0.740667065031
0 66 0.911349294349
0 67 0.177672337380
0 68 0.770989339275
0 69 0.698672107981
0 70 0.088604576835
0 71 0.650773669889
0 72 0.634671400664
0 73 0.253696843830
0 74 0.263783951993
0 75 0.154912732205
0 76 0.832273296877
0 77 0.498951593200
0 78 0.332374619676
0 79 0.408677419345
0 80 0.741838531225
0 81 0.614406602572
0 82 0.941573305184
0 83 0.899540248490
0 84 0.508557960248
0 85 0.668581612139
0 86 0.317987105213
0 87 0.776767169002
0 88 0.210871252306
0 89 0.643591355290
0 90 0.889091395685
0 91 0.822043292308
0 92 0.857684595656
0 93 0.269902908651
0 94 0.794465849317
0 95 0.597148365274
0 96 0.614504081128
0 97 0.356430900145
0 98 0.909905052761
0 99 0.741321815599
1 0 0.477855391180
1 1 0.135790479752
1 2 0.043526908118
1 3 0.619266663389
1 4 0.887070829455
1 5 0.941602514643
1 6 0.413567496250
1 7 0.342463725992
1 8 0.276978046787
1 9 0.374907651847
1 10 0.024300194503
1 11 0.344768173391
1 12 0.859689617844
1 13 0.021549343673
1 14 0.653110122624
1 15 0.866122393114
1 16 0.852544021393
1 17 0.597672421656
1 18 0.367786664233
1 19 0.695855024716
1 20 0.508540774819
1 21 0.496010362929
1 22 0.290929114151
1 23 0.364753903306
1 24 0.075394252515
1 25 0.731074522776
1 26 0.210929425019
1 27 0.584316979407
1 28 0.405680931075
1 29 0.464190071082
1 30 0.340986081227
1 31 0.502918901999
1 32 0.958525184956
1 33 0.882631760495
1 34 0.532636013741
1 35 0.154618580282
1 36 0.755341297553
1 37 0.271747444624
1 38 0.586498158914
1 39 0.030778703072
1 40 0.848419361636
1 41 0.841858140432
1 42 0.219121200245
1 43 0.312202473266
1 44 0.835564173451
1 45 0.136815760471
1 46 0.260502395328
1 47 0.634396546935
1 48 0.217070295460
1 49 0.086556183886
1 50 0.965806428880
1 51 0.496242074921
1 52 0.919166355109
1 53 0.982762336777
1 54 0.589787542955
1 55 0.636124166387
1 56 0.100373998918
1 57 0.662243296793
1 58 0.814750977254
1 59 0.568134133783
1 60 0.039685833945
1 61 0.008631198972
1 62 0.769326113849
1 63 0.491024392476
1 64 0.854908357996
1 65 0.621194827213
1 66 0.124928403706
1 67 0.406947144337
1 68 0.354321353044
1 69 0.240099552320
1 70 0.699598047575
1 71 0.421848140524
1 72 0.252328768435
1 73 0.118086903570
1 74 0.553987605575
1 75 0.668122266548
1 76 0.641042564663
1 77 0.729461009580
1 78 0.390847169736
1 79 0.316310177145
1 80 0.788775959726
1 81 0.901362063184
1 82 0.690846523848
1 83 0.066587685407
1 84 0.359080730847
1 85 0.557031494253
1 86 0.563823942988
1 87 0.952108484995
1 88 0.530521247968
1 89 0.479409668138
1 90 0.810463720673
1 91 0.730656692334
1 92 0.291176836507
1 93 0.802658036704
1 94 0.890058620125
1 95 0.745052094706
1 96 0.336163928463
1 97 0.762996460598
1 98 0.845795376641
1 99 0.245587816136
2 0 0.559922330128
2 1 0.867785531353
2 2 0.379671134319
2 3 0.064689174035
2 4 0.833967554799
2 5 0.882419483849
2 6 0.745536837795
2 7 0.829783100407
2 8 0.404285585005
2 9 0.072456689710
2 10 0.816431334722
2 11 0.594317981188
2 12 0.976607414737
2 13 0.392748462261
2 14 0.756428194525
2 15 0.987099262548
2 16 0.163392027595
2 17 0.946999125553
2 18 0.043683601672
2 19 0.424356232814
2 20 0.374672947550
2 21 0.031202751096
2 22 0.036729433646
2 23 0.339692912909
2 24 0.037013857405
2 25 0.602523665304
2 26 0.838897418092
2 27 0.993817339488
2 28 0.078196399641
2 29 0.963139965294
2 30 0.119017993773
2 31 0.291746029867
2 32 0.023643164769
2 33 0.385954340099
2 34 0.024178445569
2 35 0.775698380220
2 36 0.032663260454
2 37 0.635662984853
2 38 0.498917399351
2 39 0.849510617436
2 40 0.401735743609
2 41 0.659879152110
2 42 0.640856714123
2 43 0.125711591508
2 44 0.108417639624
2 45 0.986086927879
2 46 0.228508153946
2 47 0.621829911731
2 48 0.055950627975
2 49 0.817276111990
2 50 0.447463088413
2 51 0.007866719706
2 52 0.364087356126
2 53 0.646769237058
2 54 0.336415117479
2 55 0.924854205422
2 56 0.164739245265
2 57 0.616005317115
2 58 0.598725786924
2 59 0.649395656370
2 60 0.268022127781
2 61 0.369302600075
2 62 0.873109474129
2 63 0.689289523244
2 64 0.138199920201
2 65 0.891417625303
2 66 0.395689977345
2 67 0.072090039025
2 68 0.210189354520
2 69 0.427152959194
2 70 0.353878745593
2 71 0.885338390107
2 72 0.135923450511
2 73 0.236462984127
2 74 0.573335128322
2 75 0.173060529885
2 76 0.018464096017
2 77 0.078054645452
2 78 0.767718361225
2 79 0.918189449441
2 80 0.818802700854
2 81 0.558338877938
2 82 0.091311017501
2 83 0.468892236547
2 84 0.689807382190
2 85 0.431223204897
2 86 0.416297855407
2 87 0.515201741385
2 88 0.366539701223
2 89 0.921802842757
2 90 0.932688281480
2 91 0.031986228615
2 92 0.600679839712
2 93 0.880158886893
2 94 0.301695616616
2 95 0.738770236085
2 96 0.201846072358
2 97 0.532073936042
2 98 0.742131638059
2 99 0.996449613806
3 0 0.490902762393
3 1 0.795815133526
3 2 0.273283623683
3 3 0.592400223491
3 4 0.944019512890
3 5 0.269637238661
3 6 0.636917786934
3 7 0.078371569945
3 8 0.478717665190
3 9 0.619141398166
3 10 0.070521226816
3 11 0.700270109508
3 12 0.969277597532
3 13 0.999559853136
3 14 0.716001125054
3 15 0.388218154521
3 16 0.613917212526
3 17 0.429970457604
3 18 0.332639270860
3 19 0.055508391655
3 20 0.916074542333
3 21 0.738185269404
3 22 0.446762952763
3 23 0.505801662507
3 24 0.196809217413
3 25 0.452937607161
3 26 0.512732882193
3 27 0.609529045252
3 28 0.553283490030
3 29 0.581413758970
3 30 0.596933543023
3 31 0.439441454035
3 32 0.276934065686
3 33 0.996274764475
3 34 0.770526956814
3 35 0.551464722456
3 36 0.641798338867
3 37 0.494185050360
3 38 0.962199796036
3 39 0.490845011565
3 40 0.568211104292
3 41 0.874277130626
3 42 0.093071800935
3 43 0.391902162710
3 44 0.678269802578
3 45 0.404381350225
3 46 0.579688823711
3 47 0.722527949632
3 48 0.459950250404
3 49 0.323629664206
3 50 0.384954689155
3 51 0.254078074067
3 52 0.203788041459
3 53 0.004382611415
3 54 0.478567643352
3 55 0.536794656603
3 56 0.085093306814
3 57 0.211255971419
3 58 0.368061022473
3 59 0.330021058487
3 60 0.832211554778
3 61 0.286338946081
3 62 0.057878066313
3 63 0.699403328293
3 64 0.727343057602
3 65 0.943329337559
3 66 0.678445951641
3 67 0.367710642129
3 68 0.673898591327
3 69 0.215235794562
3 70 0.827961322111
3 71 0.836314812443
3 72 0.425873135171
3 73 0.914835960837
3 74 0.538109925749
3 75 0.334312075624
3 76 0.986315891398
3 77 0.273222660708
3 78 0.116080160470
3 79 0.599516643605
3 80 0.788294374902
3 81 0.146498578430
3 82 0.342522247221
3 83 0.843456243709
3 84 0.921117291072
3 85 0.133191285862
3 86 0.343870193830
3 87 0.711420336163
3 88 0.493725198305
3 89 0.585981042424
3 90 0.387439042517
3 91 0.643297178806
3 92 0.829187010969
3 93 0.753388442811
3 94 0.848689933371
3 95 0.708845514559
3 96 0.665042329395
3 97 0.493306916751
3 98 0.534422864682
3 99 0.003869091762
4 0 0.600853994802
4 1 0.870130795186
4 2 0.368953269882
4 3 0.717079584271
4 4 0.439530931307
4 5 0.259409039467
4 6 0.417653806172
4 7 0.016667693271
4 8 0.089291503767
4 9 0.643345729653
4 10 0.627622777483
4 11 0.582343471376
4 12 0.941992808649
4 13 0.467928328883
4 14 0.026915257985
4 15 0.666611781276
4 16 0.828407701933
4 17 0.824304665819
4 18 0.731821304778
4 19 0.729849864885
4 20 0.988054753412
4 21 0.744909841202
4 22 0.942180103788
4 23 0.544820607144
4 24 0.775303296846
4 25 0.727074815454
4 26 0.312381269944
4 27 0.755330580301
4 28 0.862594852964
4 29 0.401760916609
4 30 0.925846284281
4 31 0.667051608453
4 32 0.418221476567
4 33 0.039997167784
4 34 0.530268386555
4 35 0.630847155166
4 36 0.466595374347
4 37 0.711452995463
4 38 0.638225193338
4 39 0.765419073583
4 40 0.360922481811
4 41 0.495717763266
4 42 0.832793430861
4 43 0.056605636987
4 44 0.322349573227
4 45 0.983640893148
4 46 0.016590944284
4 47 0.709801650413
4 48 0.489915491960
4 49 0.899964260182
4 50 0.228864201544
4 51 0.184437419556
4 52 0.802304420986
4 53 0.461465608039
4 54 0.883763778507
4 55 0.185713688312
4 56 0.459642710575
4 57 0.571715222519
4 58 0.623492732294
4 59 0.220699372584
4 60 0.363555145334
4 61 0.076857172754
4 62 0.599146503194
4 63 0.752675014573
4 64 0.564856495992
4 65 0.072836232646
4 66 0.581040125777
4 67 0.224867374132
4 68 0.532682175557
4 69 0.388499183528
4 70 0.657904567352
4 71 0.809199130993
4 72 0.005264526827
4 73 0.502974758681
4 74 0.321070897389
4 75 0.126619123042
4 76 0.871409756060
4 77 0.592136677204
4 78 0.665040565508
4 79 0.146819540844
4 80 0.771892451123
4 81 0.063074092703
4 82 0.163695091617
4 83 0.865528400572
4 84 0.405381027000
4 85 0.083671955566
4 86 0.951307619819
4 87 0.527657120129
4 88 0.808255355485
4 89 0.505202582711
4 90 0.788296205215
4 91 0.973002961280
4 92 0.545811045951
4 93 0.349881096941
4 94 0.851757855557
4 95 0.922174319220
4 96 0.422897897455
4 97 0.042316849102
4 98 0.972757422633
4 99 0.246045733605
0 0 6
0 1 4
0 2 5
0 3 9
0 4 9
0 5 7
0 6 5
0 7 7
0 8 10
0 9 5
0 10 6
0 11 11
0 12 6
0 13 10
0 14 8
0 15 8
0 16 11
0 17 9
0 18 9
0 19 6
0 20 8
0 21 7
0 22 5
0 23 8
0 24 5
0 25 9
0 26 10
0 27 11
0 28 8
0 29 5
0 30 7
0 31 8
0 32 4
0 33 11
0 34 8
0 35 6
0 36 8
0 37 8
0 38 7
0 39 4
0 40 10
0 41 9
0 42 9
0 43 8
0 44 4
0 45 7
0 46 10
0 47 10
0 48 5
0 49 5
0 50 8
0 51 5
0 52 9
0 53 9
0 54 3
0 55 10
0 56 11
0 57 4
0 58 6
0 59 8
0 60 4
0 61 10
0 62 3
0 63 6
0 64 11
0 65 6
0 66 9
0 67 7
0 68 10
0 69 10
0 70 3
0 71 5
0 72 10
0 73 10
0 74 8
0 75 7
0 76 10
0 77 7
0 78 3
0 79 9
0 80 9
0 81 7
0 82 10
0 83 8
0 84 10
0 85 3
0 86 9
0 87 5
0 88 4
0 89 9
0 90 9
0 91 5
0 92 3
0 93 5
0 94 9
0 95 10
0 96 10
0 97 9
0 98 10
0 99 6
1 0 9
1 1 6
1 2 8
1 3 11
1 4 10
1 5 10
1 6 5
1 7 9
1 8 12
1 9 7
1 10 9
1 11 13
1 12 6
1 13 13
1 14 9
1 15 9
1 16 11
1 17 13
1 18 12
1 19 7
1 20 11
1 21 8
1 22 6
1 23 12
1 24 7
1 25 12
1 26 13
1 27 13
1 28 10
1 29 6
1 30 9
1 31 10
1 32 5
1 33 13
1 34 11
1 35 8
1 36 11
1 37 10
1 38 11
1 39 5
1 40 12
1 41 13
1 42 10
1 43 10
1 44 6
1 45 10
1 46 11
1 47 11
1 48 7
1 49 7
1 50 9
1 51 8
1 52 9
1 53 13
1 54 6
1 55 11
1 56 12
1 57 7
1 58 7
1 59 12
1 60 6
1 61 13
1 62 5
1 63 9
1 64 13
1 65 6
1 66 13
1 67 9
1 68 10
1 69 11
1 70 7
1 71 7
1 72 12
1 73 11
1 74 10
1 75 8
1 76 12
1 77 9
1 78 6
1 79 11
1 80 13
1 81 10
1 82 13
1 83 11
1 84 13
1 85 7
1 86 10
1 87 7
1 88 7
1 89 11
1 90 11
1 91 7
1 92 6
1 93 6
1 94 11
1 95 11
1 96 13
1 97 11
1 98 12
1 99 8
2 0 10
2 1 7
2 2 8
2 3 11
2 4 11
2 5 9
2 6 5
2 7 11
2 8 13
2 9 7
2 10 9
2 11 12
2 12 7
2 13 13
2 14 10
2 15 10
2 16 13
2 17 12
2 18 10
2 19 8
2 20 10
2 21 8
2 22 5
2 23 12
2 24 6
2 25 12
2 26 11
2 27 12
2 28 10
2 29 5
2 30 8
2 31 10
2 32 7
2 33 11
2 34 11
2 35 9
2 36 11
2 37 12
2 38 11
2 39 7
2 40 12
2 41 13
2 42 9
2 43 11
2 44 5
2 45 10
2 46 11
2 47 12
2 48 9
2 49 6
2 50 10
2 51 8
2 52 10
2 53 13
2 54 6
2 55 11
2 56 11
2 57 8
2 58 6
2 59 10
2 60 6
2 61 11
2 62 5
2 63 8
2 64 11
2 65 6
2 66 13
2 67 10
2 68 10
2 69 11
2 70 5
2 71 7
2 72 12
2 73 11
2 74 12
2 75 8
2 76 13
2 77 8
2 78 6
2 79 11
2 80 12
2 81 10
2 82 11
2 83 12
2 84 13
2 85 6
2 86 10
2 87 7
2 88 8
2 89 12
2 90 11
2 91 7
2 92 7
2 93 7
2 94 13
2 95 13
2 96 11
2 97 11
2 98 10
2 99 8
3 0 8
3 1 6
3 2 6
3 3 10
3 4 9
3 5 9
3 6 6
3 7 10
3 8 12
3 9 5
3 10 8
3 11 12
3 12 5
3 13 11
3 14 9
3 15 9
3 16 11
3 17 10
3 18 9
3 19 6
3 20 8
3 21 8
3 22 4
3 23 9
3 24 5
3 25 10
3 26 12
3 27 12
3 28 8
3 29 4
3 30 6
3 31 9
3 32 6
3 33 11
3 34 8
3 35 6
3 36 8
3 37 9
3 38 8
3 39 5
3 40 11
3 41 12
3 42 9
3 43 9
3 44 4
3 45 10
3 46 10
3 47 11
3 48 6
3 49 4
3 50 8
3 51 7
3 52 8
3 53 12
3 54 6
3 55 11
3 56 12
3 57 5
3 58 7
3 59 11
3 60 4
3 61 12
3 62 5
3 63 8
3 64 12
3 65 7
3 66 10
3 67 10
3 68 10
3 69 12
3 70 4
3 71 5
3 72 12
3 73 11
3 74 11
3 75 7
3 76 12
3 77 7
3 78 4
3 79 10
3 80 10
3 81 9
3 82 10
3 83 10
3 84 10
3 85 4
3 86 9
3 87 5
3 88 5
3 89 9
3 90 10
3 91 7
3 92 4
3 93 6
3 94 11
3 95 12
3 96 12
3 97 10
3 98 10
3 99 5
4 0 8
4 1 3
4 2 4
4 3 10
4 4 9
4 5 8
4 6 4
4 7 7
4 8 11
4 9 3
4 10 6
4 11 10
4 12 6
4 13 9
4 14 6
4 15 7
4 16 11
4 17 9
4 18 10
4 19 6
4 20 8
4 21 6
4 22 3
4 23 10
4 24 5
4 25 9
4 26 11
4 27 9
4 28 8
4 29 5
4 30 7
4 31 8
4 32 4
4 33 11
4 34 9
4 35 7
4 36 7
4 37 9
4 38 9
4 39 4
4 40 11
4 41 10
4 42 8
4 43 9
4 44 3
4 45 8
4 46 9
4 47 9
4 48 7
4 49 3
4 50 9
4 51 5
4 52 8
4 53 11
4 54 5
4 55 8
4 56 11
4 57 5
4 58 5
4 59 10
4 60 3
4 61 9
4 62 4
4 63 7
4 64 10
4 65 4
4 66 10
4 67 7
4 68 10
4 69 9
4 70 3
4 71 3
4 72 9
4 73 10
4 74 9
4 75 6
4 76 9
4 77 6
4 78 4
4 79 8
4 80 11
4 81 9
4 82 11
4 83 10
4 84 9
4 85 4
4 86 9
4 87 5
4 88 5
4 89 8
4 90 10
4 91 7
4 92 4
4 93 5
4 94 9
4 95 11
4 96 11
4 97 9
4 98 8
4 99 4
