5 100 10 6 10.0 3.0 1.0 95
2 56 9
2 32 3
1 98 7
0 60 8
5 127 5
0 99 3
4 70 5
1 111 5
7 180 9
5 70 9
5 84 7
2 47 4
3 82 3
0 31 9
8 61 8
4 10 9
3 12 7
1 50 9
9 15 9
5 92 9
8 154 8
5 68 9
0 14 8
1 16 3
8 163 3
8 72 3
6 140 8
5 114 3
0 4 4
5 136 3
8 222 4
4 13 7
6 88 3
2 77 5
9 118 7
6 92 4
1 52 8
5 101 6
7 199 3
9 142 9
7 126 9
7 80 5
6 158 7
3 51 3
0 57 7
2 85 7
6 84 3
3 8 7
8 166 8
2 21 9
4 38 3
3 64 5
8 222 9
7 106 9
4 132 4
6 4 8
9 142 9
4 165 7
7 56 3
4 87 9
3 94 7
9 62 9
4 43 9
0 69 8
9 52 6
0 69 6
1 63 3
8 89 9
9 58 3
7 15 7
8 152 5
3 87 6
9 222 3
2 73 8
7 91 9
1 102 7
9 225 7
5 110 9
1 68 4
9 5 4
3 51 9
6 2 8
7 43 4
3 120 9
6 66 9
5 11 7
2 67 7
0 69 8
1 105 7
2 81 3
4 68 9
7 186 9
3 60 7
4 12 3
6 134 8
1 40 7
2 25 8
8 159 8
0 95 3
6 52 5
0 0 0.519283602059
0 1 0.517595197539
0 2 0.514132307161
0 3 0.141832140526
0 4 0.693967850311
0 5 0.196211864733
0 6 0.487381372575
0 7 0.382018507920
0 8 0.652936153079
0 9 0.506645667322
0 10 0.945899281792
0 11 0.789121088433
0 12 0.827246800101
0 13 0.907699708432
0 14 0.805820227958
0 15 0.145631941011
0 16 0.601956715062
0 17 0.614429723499
0 18 0.488050566800
0 19 0.109375831802
0 20 0.631872984838
0 21 0.283873741735
0 22 0.920384634404
0 23 0.578585018572
0 24 0.627187401560
0 25 0.454120781068
0 26 0.150794913582
0 27 0.744665817613
0 28 0.125974487026
0 29 0.584086957383
0 30 0.547350693955
0 31 0.301561753664
0 32 0.276810808585
0 33 0.595745410313
0 34 0.618090841574
0 35 0.931316181928
0 36 0.474721189909
0 37 0.096142614159
0 38 0.185723447200
0 39 0.857781076509
0 40 0.315386925107
0 41 0.482574489531
0 42 0.377262934798
0 43 0.913750162301
0 44 0.542838422041
0 45 0.559112528882
0 46 0.432116857184
0 47 0.537491841235
0 48 0.350728414693
0 49 0.996576879780
0 50 0.407684883687
0 51 0.860074595784
0 52 0.591174645845
0 53 0.802333074011
0 54 0.914457897444
0 55 0.331770662149
0 56 0.344492260614
0 57 0.073036656730
0 58 0.173447485130
0 59 0.270817695104
0 60 0.783425183840
0 61 0.514824654387
0 62 0.162336489309
0 63 0.561368368770
0 64 0.043353290488
0 65 0.835172868614
0 66 0.235914505442
0 67 0.291695202596
0 68 0.134233186743
0 69 0.366651147453
0 70 0.526409156498
0 71 0.172223754468
0 72 0.057267571174
0 73 0.700963954310
0 74 0.184610155213
0 75 0.987199098287
0 76 0.561953290380
0 77 0.264339520684
0 78 0.104645556240
0 79 0.018357074277
0 80 0.535040280246
0 81 0.541464736539
0 82 0.805041853589
0 83 0.839367912810
0 84 0.823055943577
0 85 0.420244722793
0 86 0.609121654727
0 87 0.270400513210
0 88 0.129672825577
0 89 0.395875050609
0 90 0.368115085710
0 91 0.426968399622
0 92 0.853902831999
0 93 0.629503963540
0 94 0.482955864311
0 95 0.858870132726
0 96 0.835775198383
0 97 0.049139213857
0 98 0.129364848915
0 99 0.443079880752
1 0 0.812845476185
1 1 0.045759686017
1 2 0.158414088656
1 3 0.095644328332
1 4 0.499423643042
1 5 0.498132406877
1 6 0.233424089797
1 7 0.900987844851
1 8 0.638340314153
1 9 0.714660995012
1 10 0.055114719660
1 11 0.558960918029
1 12 0.243914987093
1 13 0.747974540518
1 14 0.040924438983
1 15 0.437425475398
1 16 0.280831990557
1 17 0.798601269740
1 18 0.063156215076
1 19 0.034833955503
1 20 0.898529293285
1 21 0.005535189309
1 22 0.659459237431
1 23 0.237855336483
1 24 0.945579933548
1 25 0.673290536174
1 26 0.871031657771
1 27 0.058392583141
1 28 0.148322113508
1 29 0.806842567573
1 30 0.668261971769
1 31 0.182157768089
1 32 0.753507224587
1 33 0.975517113838
1 34 0.504240030259
1 35 0.287726764442
1 36 0.452013232026
1 37 0.184177495810
1 38 0.956630219626
1 39 0.343953054100
1 40 0.675444151356
1 41 0.073627576873
1 42 0.179952052146
1 43 0.190687897818
1 44 0.457575336716
1 45 0.674744303307
1 46 0.593697310888
1 47 0.490441178812
1 48 0.520629110866
1 49 0.412304032622
1 50 0.213265624392
1 51 0.528244454179
1 52 0.843250866223
1 53 0.211196475383
1 54 0.732604540591
1 55 0.769426953412
1 56 0.621155273371
1 57 0.671344881275
1 58 0.252796721162
1 59 0.416471045753
1 60 0.737906484832
1 61 0.681743863195
1 62 0.739769880933
1 63 0.222727860508
1 64 0.069494799291
1 65 0.676977572449
1 66 0.272449522542
1 67 0.907745871944
1 68 0.767494749304
1 69 0.320941167491
1 70 0.992949886337
1 71 0.777721410424
1 72 0.528836040050
1 73 0.681056227872
1 74 0.039329129931
1 75 0.975539780972
1 76 0.366550474754
1 77 0.962801030961
1 78 0.571369294502
1 79 0.243498385718
1 80 0.084774862465
1 81 0.177577751840
1 82 0.489772923780
1 83 0.980755025677
1 84 0.922390696517
1 85 0.081794637532
1 86 0.871141269988
1 87 0.711416933114
1 88 0.779876191689
1 89 0.428211578088
1 90 0.024187388898
1 91 0.828435254779
1 92 0.826470685049
1 93 0.465322993945
1 94 0.364423894741
1 95 0.994440501575
1 96 0.486438707359
1 97 0.533456685540
1 98 0.647715097064
1 99 0.994627602850
2 0 0.260044816444
2 1 0.675967980415
2 2 0.687062744144
2 3 0.176581820430
2 4 0.915983867514
2 5 0.599557877117
2 6 0.567525901836
2 7 0.919010460634
2 8 0.248144691416
2 9 0.248101820954
2 10 0.192787340503
2 11 0.338830514514
2 12 0.580362495444
2 13 0.494502269878
2 14 0.471193178532
2 15 0.216575706346
2 16 0.176319390911
2 17 0.498327966004
2 18 0.635189279708
2 19 0.223561940719
2 20 0.468115837067
2 21 0.867741893940
2 22 0.429691515610
2 23 0.405932000571
2 24 0.588998041810
2 25 0.717076314009
2 26 0.578385674106
2 27 0.032330104682
2 28 0.307529219727
2 29 0.768345119872
2 30 0.319432290327
2 31 0.519269370823
2 32 0.584309173171
2 33 0.647414894151
2 34 0.041113644580
2 35 0.468025359041
2 36 0.848040617867
2 37 0.653547815994
2 38 0.665858239563
2 39 0.736619566957
2 40 0.288034240523
2 41 0.589999556382
2 42 0.580287131340
2 43 0.030596517644
2 44 0.704356666396
2 45 0.992456867546
2 46 0.251946243437
2 47 0.494625467941
2 48 0.688373723653
2 49 0.874608883520
2 50 0.912328740530
2 51 0.279746277887
2 52 0.220576976125
2 53 0.649516711789
2 54 0.251945295971
2 55 0.454546745627
2 56 0.872284815084
2 57 0.226911541607
2 58 0.363533950653
2 59 0.850994485299
2 60 0.521525088822
2 61 0.782371438379
2 62 0.181031257290
2 63 0.595029642156
2 64 0.243761202415
2 65 0.375082155422
2 66 0.814462475128
2 67 0.484459854997
2 68 0.722483333071
2 69 0.109400012476
2 70 0.685963999169
2 71 0.688864622247
2 72 0.639218425039
2 73 0.165193339817
2 74 0.339021122885
2 75 0.430746840799
2 76 0.107871182652
2 77 0.687760556267
2 78 0.444204014973
2 79 0.389716561570
2 80 0.453401224555
2 81 0.543197825335
2 82 0.217028031819
2 83 0.589994215387
2 84 0.375521764799
2 85 0.178850112392
2 86 0.187934444814
2 87 0.864409405351
2 88 0.227565610757
2 89 0.066150751046
2 90 0.863519913660
2 91 0.373724294983
2 92 0.787893676106
2 93 0.723757397724
2 94 0.044565191794
2 95 0.486833326086
2 96 0.693244753718
2 97 0.656733440489
2 98 0.459714579957
2 99 0.252610497366
3 0 0.221116175266
3 1 0.911894208672
3 2 0.622914907725
3 3 0.645495603433
3 4 0.951424602827
3 5 0.725484436229
3 6 0.621691110658
3 7 0.588520917540
3 8 0.700582031486
3 9 0.962105379192
3 10 0.908596751683
3 11 0.121428477242
3 12 0.590296227879
3 13 0.058752551561
3 14 0.746536671449
3 15 0.989600076548
3 16 0.724906415492
3 17 0.583143385003
3 18 0.235175307610
3 19 0.939113411429
3 20 0.354638525341
3 21 0.804701696562
3 22 0.332339717975
3 23 0.723764534315
3 24 0.355687130276
3 25 0.804246890624
3 26 0.863337441197
3 27 0.461085060272
3 28 0.042618009154
3 29 0.659672300070
3 30 0.158382097720
3 31 0.617673546140
3 32 0.190178927337
3 33 0.890492551159
3 34 0.525139779007
3 35 0.716418918300
3 36 0.969946348196
3 37 0.445855764170
3 38 0.510800235792
3 39 0.959338833350
3 40 0.291634699158
3 41 0.293280172839
3 42 0.440487369508
3 43 0.145354909983
3 44 0.293714142994
3 45 0.479475148026
3 46 0.912784047532
3 47 0.625689380950
3 48 0.212153157964
3 49 0.045021675703
3 50 0.586087853360
3 51 0.928369482657
3 52 0.292879662623
3 53 0.623346286436
3 54 0.251767403466
3 55 0.922559289227
3 56 0.309677217589
3 57 0.158306229682
3 58 0.301897693566
3 59 0.598959749996
3 60 0.907390596440
3 61 0.588050237933
3 62 0.999663395199
3 63 0.288283341804
3 64 0.827704216513
3 65 0.092249583954
3 66 0.601044969011
3 67 0.085642978505
3 68 0.071935027124
3 69 0.475682480744
3 70 0.267799352460
3 71 0.151488619713
3 72 0.693575594902
3 73 0.826004760565
3 74 0.556809713820
3 75 0.240689578124
3 76 0.921354477884
3 77 0.299924470927
3 78 0.394071596541
3 79 0.250091901866
3 80 0.433939655961
3 81 0.913304803179
3 82 0.976539190077
3 83 0.775512715331
3 84 0.643932608847
3 85 0.135729207388
3 86 0.419468247220
3 87 0.349598115273
3 88 0.650619688301
3 89 0.901367652693
3 90 0.367822698621
3 91 0.822242011567
3 92 0.402646895238
3 93 0.303279680839
3 94 0.292058325079
3 95 0.910275346473
3 96 0.986681749862
3 97 0.410872384929
3 98 0.708480967799
3 99 0.967609774244
4 0 0.806831946561
4 1 0.745843238725
4 2 0.755670663521
4 3 0.908463857095
4 4 0.767803103316
4 5 0.944425789176
4 6 0.288010592558
4 7 0.102841586039
4 8 0.394487464242
4 9 0.570831296058
4 10 0.534787666562
4 11 0.250578908844
4 12 0.561344788630
4 13 0.323755732573
4 14 0.442347659267
4 15 0.364254730431
4 16 0.642453019186
4 17 0.973317648976
4 18 0.476271691285
4 19 0.897113793995
4 20 0.374207628106
4 21 0.008565092501
4 22 0.707534273066
4 23 0.406433005203
4 24 0.059214750694
4 25 0.292187553409
4 26 0.052708590295
4 27 0.832209385695
4 28 0.122044999507
4 29 0.102141857252
4 30 0.238299695615
4 31 0.569871950546
4 32 0.624835315004
4 33 0.698351216649
4 34 0.530913049663
4 35 0.433454215819
4 36 0.905261431377
4 37 0.184124772686
4 38 0.576877902260
4 39 0.090577454664
4 40 0.220564222168
4 41 0.074979666667
4 42 0.877977582888
4 43 0.590210006594
4 44 0.074704748268
4 45 0.189479356996
4 46 0.729819092267
4 47 0.754483024508
4 48 0.720760444173
4 49 0.970502030204
4 50 0.511011402499
4 51 0.612626217892
4 52 0.953998683392
4 53 0.294948448144
4 54 0.617785261380
4 55 0.838453974529
4 56 0.013961199432
4 57 0.919570373296
4 58 0.728482136478
4 59 0.193110740092
4 60 0.716229626992
4 61 0.810634850468
4 62 0.789801333360
4 63 0.923381129070
4 64 0.488308306171
4 65 0.116312963188
4 66 0.885048131325
4 67 0.326360538123
4 68 0.596514921866
4 69 0.020005702526
4 70 0.745891078693
4 71 0.367250786906
4 72 0.657828930672
4 73 0.463351413010
4 74 0.828479055606
4 75 0.101079110321
4 76 0.188957139342
4 77 0.957173846316
4 78 0.544481329342
4 79 0.702896850891
4 80 0.258667042230
4 81 0.899319507411
4 82 0.454370229137
4 83 0.689644680862
4 84 0.102852692537
4 85 0.847098144842
4 86 0.009283013380
4 87 0.443749889444
4 88 0.947686752786
4 89 0.767769866477
4 90 0.488944268911
4 91 0.574070325511
4 92 0.180497891984
4 93 0.331230204339
4 94 0.448168937474
4 95 0.954469539205
4 96 0.277601454477
4 97 0.803731485475
4 98 0.674148253843
4 99 0.772552219156
0 0 14
0 1 7
0 2 12
0 3 11
0 4 8
0 5 8
0 6 9
0 7 9
0 8 13
0 9 14
0 10 11
0 11 9
0 12 7
0 13 14
0 14 11
0 15 12
0 16 12
0 17 14
0 18 14
0 19 12
0 20 12
0 21 14
0 22 13
0 23 6
0 24 7
0 25 7
0 26 12
0 27 7
0 28 8
0 29 8
0 30 9
0 31 11
0 32 7
0 33 10
0 34 10
0 35 8
0 36 13
0 37 9
0 38 6
0 39 13
0 40 13
0 41 10
0 42 10
0 43 7
0 44 10
0 45 11
0 46 6
0 47 10
0 48 11
0 49 14
0 50 6
0 51 9
0 52 13
0 53 14
0 54 9
0 55 12
0 56 13
0 57 10
0 58 7
0 59 14
0 60 12
0 61 14
0 62 12
0 63 12
0 64 10
0 65 11
0 66 6
0 67 14
0 68 6
0 69 12
0 70 8
0 71 11
0 72 7
0 73 12
0 74 13
0 75 12
0 76 12
0 77 14
0 78 9
0 79 7
0 80 13
0 81 11
0 82 9
0 83 14
0 84 13
0 85 10
0 86 12
0 87 12
0 88 10
0 89 6
0 90 12
0 91 12
0 92 11
0 93 8
0 94 11
0 95 11
0 96 12
0 97 13
0 98 8
0 99 10
1 0 10
1 1 3
1 2 8
1 3 8
1 4 7
1 5 3
1 6 7
1 7 7
1 8 10
1 9 9
1 10 9
1 11 6
1 12 5
1 13 9
1 14 10
1 15 9
1 16 8
1 17 9
1 18 11
1 19 10
1 20 9
1 21 11
1 22 10
1 23 3
1 24 5
1 25 3
1 26 10
1 27 4
1 28 4
1 29 4
1 30 6
1 31 8
1 32 3
1 33 7
1 34 9
1 35 6
1 36 9
1 37 6
1 38 3
1 39 9
1 40 11
1 41 7
1 42 7
1 43 5
1 44 7
1 45 7
1 46 4
1 47 8
1 48 9
1 49 11
1 50 3
1 51 7
1 52 10
1 53 11
1 54 4
1 55 9
1 56 10
1 57 7
1 58 3
1 59 11
1 60 9
1 61 10
1 62 9
1 63 9
1 64 6
1 65 8
1 66 3
1 67 9
1 68 3
1 69 8
1 70 5
1 71 8
1 72 4
1 73 8
1 74 9
1 75 7
1 76 9
1 77 10
1 78 4
1 79 5
1 80 9
1 81 10
1 82 6
1 83 9
1 84 10
1 85 7
1 86 8
1 87 10
1 88 8
1 89 5
1 90 11
1 91 10
1 92 8
1 93 4
1 94 10
1 95 7
1 96 8
1 97 8
1 98 4
1 99 5
2 0 12
2 1 6
2 2 10
2 3 10
2 4 9
2 5 5
2 6 7
2 7 9
2 8 11
2 9 11
2 10 11
2 11 8
2 12 7
2 13 13
2 14 11
2 15 12
2 16 11
2 17 11
2 18 13
2 19 13
2 20 12
2 21 13
2 22 12
2 23 6
2 24 6
2 25 6
2 26 11
2 27 7
2 28 6
2 29 6
2 30 7
2 31 10
2 32 7
2 33 8
2 34 9
2 35 7
2 36 10
2 37 10
2 38 6
2 39 11
2 40 11
2 41 8
2 42 9
2 43 6
2 44 11
2 45 10
2 46 7
2 47 9
2 48 12
2 49 12
2 50 6
2 51 8
2 52 13
2 53 12
2 54 8
2 55 12
2 56 11
2 57 10
2 58 5
2 59 11
2 60 10
2 61 13
2 62 13
2 63 12
2 64 9
2 65 9
2 66 5
2 67 11
2 68 7
2 69 9
2 70 9
2 71 8
2 72 5
2 73 11
2 74 13
2 75 9
2 76 10
2 77 11
2 78 8
2 79 7
2 80 12
2 81 12
2 82 6
2 83 11
2 84 13
2 85 11
2 86 9
2 87 10
2 88 11
2 89 6
2 90 13
2 91 13
2 92 11
2 93 6
2 94 10
2 95 10
2 96 11
2 97 12
2 98 5
2 99 9
3 0 11
3 1 4
3 2 8
3 3 11
3 4 6
3 5 6
3 6 7
3 7 7
3 8 12
3 9 11
3 10 9
3 11 6
3 12 5
3 13 12
3 14 9
3 15 10
3 16 9
3 17 12
3 18 12
3 19 10
3 20 10
3 21 10
3 22 9
3 23 6
3 24 4
3 25 4
3 26 11
3 27 4
3 28 5
3 29 5
3 30 7
3 31 8
3 32 5
3 33 8
3 34 10
3 35 6
3 36 9
3 37 8
3 38 6
3 39 11
3 40 12
3 41 8
3 42 10
3 43 4
3 44 10
3 45 8
3 46 5
3 47 8
3 48 9
3 49 11
3 50 4
3 51 8
3 52 11
3 53 10
3 54 6
3 55 10
3 56 12
3 57 8
3 58 6
3 59 12
3 60 9
3 61 12
3 62 10
3 63 11
3 64 7
3 65 9
3 66 4
3 67 10
3 68 6
3 69 9
3 70 8
3 71 7
3 72 6
3 73 9
3 74 11
3 75 10
3 76 9
3 77 10
3 78 6
3 79 7
3 80 12
3 81 10
3 82 6
3 83 12
3 84 12
3 85 10
3 86 9
3 87 9
3 88 9
3 89 5
3 90 12
3 91 10
3 92 9
3 93 5
3 94 9
3 95 8
3 96 11
3 97 11
3 98 6
3 99 8
4 0 11
4 1 4
4 2 9
4 3 9
4 4 7
4 5 5
4 6 5
4 7 5
4 8 11
4 9 10
4 10 9
4 11 6
4 12 4
4 13 9
4 14 10
4 15 11
4 16 7
4 17 9
4 18 9
4 19 11
4 20 9
4 21 9
4 22 10
4 23 4
4 24 3
4 25 5
4 26 9
4 27 4
4 28 6
4 29 5
4 30 5
4 31 9
4 32 5
4 33 5
4 34 8
4 35 5
4 36 10
4 37 8
4 38 4
4 39 11
4 40 9
4 41 5
4 42 9
4 43 3
4 44 8
4 45 9
4 46 4
4 47 7
4 48 8
4 49 9
4 50 4
4 51 7
4 52 9
4 53 10
4 54 4
4 55 8
4 56 10
4 57 9
4 58 4
4 59 11
4 60 8
4 61 11
4 62 9
4 63 9
4 64 6
4 65 6
4 66 4
4 67 9
4 68 5
4 69 8
4 70 7
4 71 8
4 72 4
4 73 8
4 74 10
4 75 9
4 76 7
4 77 11
4 78 4
4 79 5
4 80 10
4 81 8
4 82 5
4 83 9
4 84 10
4 85 8
4 86 9
4 87 8
4 88 8
4 89 4
4 90 10
4 91 10
4 92 9
4 93 4
4 94 10
4 95 7
4 96 10
4 97 10
4 98 3
4 99 7
