5 100 10 6 10.0 3.0 1.0 95
4 30 4
6 176 7
7 121 9
8 191 9
7 208 8
1 72 9
8 166 9
4 35 6
0 70 9
8 224 8
7 85 7
0 53 7
3 18 7
5 64 8
5 160 9
4 162 3
5 170 7
2 31 3
1 23 8
1 112 3
1 85 8
9 232 5
6 100 3
0 57 9
3 96 8
1 91 3
5 180 3
8 40 7
3 12 6
2 15 3
5 152 9
0 67 9
8 208 3
5 136 9
6 180 6
6 158 8
4 82 7
3 42 8
7 2 3
9 45 9
7 26 9
4 42 8
1 58 9
4 50 8
2 73 7
0 12 8
0 83 6
3 112 7
8 98 7
2 65 5
4 12 7
7 15 3
2 61 9
8 30 3
7 132 6
7 134 8
9 90 7
4 7 7
0 13 6
5 95 3
9 248 6
2 84 7
4 115 9
1 96 5
2 13 9
6 52 8
8 110 8
1 110 7
1 102 8
8 219 4
2 27 8
2 53 6
8 119 6
5 6 4
3 12 3
7 124 8
6 190 7
6 22 9
9 75 8
6 194 8
9 25 7
3 34 9
0 99 3
3 87 3
9 60 3
0 25 3
0 29 9
5 167 8
6 118 6
9 28 3
5 35 6
1 48 6
3 124 6
7 113 5
4 127 3
3 116 7
2 55 8
9 175 7
6 120 3
9 70 9
0 0 0.288796364705
0 1 0.376655966259
0 2 0.967292219543
0 3 0.343558338622
0 4 0.262430118113
0 5 0.705343528816
0 6 0.455114147000
0 7 0.290885651149
0 8 0.025652917746
0 9 0.326537449380
0 10 0.643713419993
0 11 0.433300978492
0 12 0.816885902267
0 13 0.677306583898
0 14 0.009559282689
0 15 0.871556168281
0 16 0.507693902081
0 17 0.232885745770
0 18 0.074696156912
0 19 0.272503760683
0 20 0.421339462338
0 21 0.513371986511
0 22 0.089541707516
0 23 0.661928960545
0 24 0.644570471369
0 25 0.214792723440
0 26 0.796437201330
0 27 0.413166425672
0 28 0.141064859814
0 29 0.170129134607
0 30 0.335150877560
0 31 0.117226359892
0 32 0.047579881674
0 33 0.931880837460
0 34 0.261054667921
0 35 0.523973757581
0 36 0.294929203848
0 37 0.875284018561
0 38 0.102329807220
0 39 0.651083855459
0 40 0.669504890354
0 41 0.758474550516
0 42 0.554484353424
0 43 0.956633757885
0 44 0.147753406023
0 45 0.490074537972
0 46 0.902859638749
0 47 0.955338196684
0 48 0.552585901017
0 49 0.479600461169
0 50 0.238394768206
0 51 0.854106946094
0 52 0.356053572700
0 53 0.001994885271
0 54 0.084821534451
0 55 0.169961503319
0 56 0.880269035219
0 57 0.389178341142
0 58 0.623745026982
0 59 0.406988692410
0 60 0.001930416637
0 61 0.439251955108
0 62 0.698014844160
0 63 0.028309042537
0 64 0.038479065050
0 65 0.444703340249
0 66 0.196551696300
0 67 0.215664258925
0 68 0.349765482191
0 69 0.151418743617
0 70 0.422450109844
0 71 0.757165460864
0 72 0.646297970190
0 73 0.896175285896
0 74 0.168077173393
0 75 0.780573012888
0 76 0.799056870178
0 77 0.806574307741
0 78 0.312946725489
0 79 0.884669503289
0 80 0.652185907970
0 81 0.051648963979
0 82 0.243397141699
0 83 0.260728249124
0 84 0.257098416052
0 85 0.211307284477
0 86 0.266141014939
0 87 0.863045628691
0 88 0.229828932276
0 89 0.921560727970
0 90 0.945149284633
0 91 0.124602637680
0 92 0.110849269039
0 93 0.917360260160
0 94 0.506735504097
0 95 0.063226325558
0 96 0.514366739126
0 97 0.481607842013
0 98 0.688867802904
0 99 0.014684495555
1 0 0.065723751235
1 1 0.757322773685
1 2 0.852348371918
1 3 0.353188432688
1 4 0.287107626327
1 5 0.242141945559
1 6 0.123008821565
1 7 0.182883431305
1 8 0.257630422410
1 9 0.625999721312
1 10 0.544862935966
1 11 0.846954572115
1 12 0.968650726183
1 13 0.764891992039
1 14 0.606243134659
1 15 0.593707922085
1 16 0.354299382061
1 17 0.744674850458
1 18 0.496623532388
1 19 0.306870616215
1 20 0.858646725648
1 21 0.147034933460
1 22 0.548352711520
1 23 0.305143986480
1 24 0.604498263704
1 25 0.081846036068
1 26 0.272365178336
1 27 0.540689112525
1 28 0.724814996607
1 29 0.654440345345
1 30 0.007743199845
1 31 0.870137752731
1 32 0.126032826384
1 33 0.837948136677
1 34 0.442580287807
1 35 0.571245914698
1 36 0.126142961034
1 37 0.451719899532
1 38 0.137360743853
1 39 0.353484088762
1 40 0.979272929320
1 41 0.314268501591
1 42 0.652675982245
1 43 0.167700688291
1 44 0.986138662575
1 45 0.981164018219
1 46 0.408192432662
1 47 0.260813889072
1 48 0.751463002511
1 49 0.611399205941
1 50 0.108324727389
1 51 0.468420365877
1 52 0.008893001504
1 53 0.074594705889
1 54 0.599381206694
1 55 0.220950464951
1 56 0.353940651325
1 57 0.276747470730
1 58 0.528257905231
1 59 0.209866007973
1 60 0.763241220162
1 61 0.974221700494
1 62 0.551211483328
1 63 0.093418563902
1 64 0.110498549286
1 65 0.815712820859
1 66 0.723476546147
1 67 0.711046631165
1 68 0.792198534085
1 69 0.188682704434
1 70 0.821538808973
1 71 0.965690038828
1 72 0.703110142071
1 73 0.998121923574
1 74 0.425539798341
1 75 0.086401177532
1 76 0.754241403769
1 77 0.199391003669
1 78 0.025295258331
1 79 0.460210052931
1 80 0.268590173210
1 81 0.187175075877
1 82 0.523085631017
1 83 0.404266873822
1 84 0.005719088014
1 85 0.781645066731
1 86 0.720526057603
1 87 0.738862660421
1 88 0.792328114967
1 89 0.402612791239
1 90 0.658988577591
1 91 0.632547750153
1 92 0.091374425838
1 93 0.279338348394
1 94 0.361380050479
1 95 0.053140030196
1 96 0.262256030654
1 97 0.324015231308
1 98 0.898343901341
1 99 0.450557211005
2 0 0.206167832456
2 1 0.091999885241
2 2 0.741260894625
2 3 0.455605868964
2 4 0.766860586717
2 5 0.247266032308
2 6 0.535702625993
2 7 0.330152125571
2 8 0.818075344044
2 9 0.498504708419
2 10 0.162255871393
2 11 0.675735048031
2 12 0.530758534669
2 13 0.846528471279
2 14 0.901313412687
2 15 0.893825854535
2 16 0.504071600673
2 17 0.681698448712
2 18 0.534061139453
2 19 0.432737245680
2 20 0.875095868557
2 21 0.972591899915
2 22 0.300445677289
2 23 0.700269985193
2 24 0.089766135051
2 25 0.715761616376
2 26 0.244352243100
2 27 0.126705766522
2 28 0.652250070679
2 29 0.358996902543
2 30 0.938918521615
2 31 0.609477580751
2 32 0.461549880065
2 33 0.269321656855
2 34 0.107088218477
2 35 0.045069589810
2 36 0.292139926066
2 37 0.769871277968
2 38 0.109553878678
2 39 0.787984022746
2 40 0.905995618387
2 41 0.667456231254
2 42 0.663001954202
2 43 0.354919373702
2 44 0.139845547857
2 45 0.309648427741
2 46 0.637414093104
2 47 0.138390887007
2 48 0.427313682723
2 49 0.620411974445
2 50 0.211141099362
2 51 0.088100198032
2 52 0.624028813583
2 53 0.903187236277
2 54 0.122551835805
2 55 0.814184243357
2 56 0.040241652626
2 57 0.891433482062
2 58 0.058661674175
2 59 0.855359056908
2 60 0.477092965053
2 61 0.083353139526
2 62 0.088708895762
2 63 0.935249476420
2 64 0.427492911827
2 65 0.917400046221
2 66 0.120440088843
2 67 0.300314246158
2 68 0.005264453667
2 69 0.317015946141
2 70 0.821928259238
2 71 0.677340569398
2 72 0.717291250563
2 73 0.457511589960
2 74 0.825464740852
2 75 0.197565352221
2 76 0.291383754261
2 77 0.761001214334
2 78 0.078404642720
2 79 0.357789885820
2 80 0.557438884009
2 81 0.387802585244
2 82 0.928924049443
2 83 0.592242967720
2 84 0.583135075504
2 85 0.476330715694
2 86 0.154571374071
2 87 0.981156389652
2 88 0.791392311556
2 89 0.554196800849
2 90 0.911126774986
2 91 0.822989525542
2 92 0.148209033925
2 93 0.953297345041
2 94 0.517072394038
2 95 0.571073846958
2 96 0.205107791486
2 97 0.258448501920
2 98 0.962300665452
2 99 0.877362001767
3 0 0.336115483665
3 1 0.110470864781
3 2 0.882689141351
3 3 0.195086504659
3 4 0.174025940336
3 5 0.272704041333
3 6 0.874381509385
3 7 0.184889344398
3 8 0.283877160305
3 9 0.380587822903
3 10 0.171342726393
3 11 0.999676120975
3 12 0.971119966665
3 13 0.296987252832
3 14 0.952086080739
3 15 0.957645000053
3 16 0.157401017003
3 17 0.596457937473
3 18 0.156484602947
3 19 0.286067935051
3 20 0.144413926072
3 21 0.932777798714
3 22 0.262592774847
3 23 0.294925182815
3 24 0.075087089515
3 25 0.726050392157
3 26 0.490807877592
3 27 0.873760970676
3 28 0.769332544581
3 29 0.206846114348
3 30 0.866193075097
3 31 0.930092151919
3 32 0.516877682597
3 33 0.556779977258
3 34 0.257661171686
3 35 0.794139628428
3 36 0.141368510941
3 37 0.411181443769
3 38 0.317875836948
3 39 0.442701984717
3 40 0.919078359006
3 41 0.022641491892
3 42 0.580608900643
3 43 0.901222893306
3 44 0.047118029493
3 45 0.555452384739
3 46 0.130565323763
3 47 0.453088163030
3 48 0.284422832603
3 49 0.730566079405
3 50 0.431620135393
3 51 0.824527562365
3 52 0.264820690006
3 53 0.234162200672
3 54 0.398874950432
3 55 0.350375955352
3 56 0.128446986239
3 57 0.698135713226
3 58 0.894328091388
3 59 0.998384955532
3 60 0.370290724648
3 61 0.446687077622
3 62 0.935903853148
3 63 0.984606360203
3 64 0.414693387232
3 65 0.600078917262
3 66 0.619869391231
3 67 0.393658901019
3 68 0.747795939704
3 69 0.373811823364
3 70 0.602586080693
3 71 0.328536184695
3 72 0.355095311008
3 73 0.786692083779
3 74 0.831766642709
3 75 0.903800677226
3 76 0.795808201247
3 77 0.575117429175
3 78 0.394728205601
3 79 0.685400402209
3 80 0.913808662735
3 81 0.787475408491
3 82 0.515173643105
3 83 0.832797890091
3 84 0.227516501670
3 85 0.717842168821
3 86 0.930197006164
3 87 0.054923554107
3 88 0.483505568453
3 89 0.178006876994
3 90 0.960702792724
3 91 0.449175067654
3 92 0.040701828549
3 93 0.535664957944
3 94 0.209166491236
3 95 0.488534958811
3 96 0.094058836583
3 97 0.177427388793
3 98 0.701446369086
3 99 0.046593014788
4 0 0.811533087848
4 1 0.799934441141
4 2 0.231095346086
4 3 0.603935776468
4 4 0.522881914446
4 5 0.690497705083
4 6 0.126628763563
4 7 0.752480695435
4 8 0.171082691999
4 9 0.029333507028
4 10 0.011664429013
4 11 0.756170911795
4 12 0.750514373448
4 13 0.187191217149
4 14 0.762689054564
4 15 0.912695731763
4 16 0.723225471167
4 17 0.389354137494
4 18 0.454334284189
4 19 0.398530873119
4 20 0.868351689548
4 21 0.582422044933
4 22 0.682914866815
4 23 0.004695160153
4 24 0.555500389807
4 25 0.391933628888
4 26 0.435384578465
4 27 0.805932154344
4 28 0.948704035135
4 29 0.863797012253
4 30 0.519067794624
4 31 0.187340535732
4 32 0.585907571500
4 33 0.308936026576
4 34 0.272682264356
4 35 0.675949154217
4 36 0.767395957858
4 37 0.322583352780
4 38 0.804779116665
4 39 0.654826742615
4 40 0.699854324333
4 41 0.171313453006
4 42 0.864210238150
4 43 0.968924253219
4 44 0.329035830019
4 45 0.075141063742
4 46 0.457574141104
4 47 0.499740174604
4 48 0.194984544237
4 49 0.237352434883
4 50 0.437404632515
4 51 0.684060847959
4 52 0.184007238663
4 53 0.358419720817
4 54 0.111534927928
4 55 0.737488476615
4 56 0.160531990279
4 57 0.496779563655
4 58 0.371009306542
4 59 0.159617704189
4 60 0.597334547242
4 61 0.636076118965
4 62 0.252241934093
4 63 0.437209893466
4 64 0.217031225078
4 65 0.660129332618
4 66 0.748035617407
4 67 0.122850631286
4 68 0.687486982183
4 69 0.663179386910
4 70 0.982440130194
4 71 0.599159852792
4 72 0.413506894075
4 73 0.346448270744
4 74 0.524003867853
4 75 0.014587769143
4 76 0.306834381422
4 77 0.219269486969
4 78 0.267838370533
4 79 0.712179342373
4 80 0.850715781727
4 81 0.295974575792
4 82 0.145095791965
4 83 0.831565441595
4 84 0.696623291787
4 85 0.129885757177
4 86 0.951725210740
4 87 0.333127568999
4 88 0.950108767566
4 89 0.290852202791
4 90 0.123774399862
4 91 0.836416704450
4 92 0.697084775516
4 93 0.131894775772
4 94 0.633020947632
4 95 0.158579405681
4 96 0.346362302676
4 97 0.931351272140
4 98 0.522604980267
4 99 0.286556804566
0 0 6
0 1 10
0 2 12
0 3 13
0 4 11
0 5 13
0 6 11
0 7 10
0 8 13
0 9 11
0 10 11
0 11 9
0 12 10
0 13 11
0 14 11
0 15 7
0 16 9
0 17 7
0 18 11
0 19 7
0 20 11
0 21 8
0 22 7
0 23 11
0 24 10
0 25 7
0 26 5
0 27 10
0 28 10
0 29 5
0 30 12
0 31 13
0 32 7
0 33 13
0 34 10
0 35 12
0 36 9
0 37 12
0 38 6
0 39 13
0 40 11
0 41 12
0 42 11
0 43 10
0 44 9
0 45 11
0 46 9
0 47 9
0 48 9
0 49 8
0 50 9
0 51 7
0 52 11
0 53 5
0 54 10
0 55 12
0 56 9
0 57 11
0 58 10
0 59 7
0 60 8
0 61 9
0 62 12
0 63 7
0 64 13
0 65 11
0 66 11
0 67 11
0 68 12
0 69 6
0 70 12
0 71 10
0 72 10
0 73 6
0 74 5
0 75 10
0 76 11
0 77 12
0 78 10
0 79 12
0 80 9
0 81 12
0 82 6
0 83 5
0 84 5
0 85 5
0 86 12
0 87 11
0 88 10
0 89 5
0 90 9
0 91 8
0 92 8
0 93 9
0 94 7
0 95 11
0 96 10
0 97 11
0 98 7
0 99 12
1 0 9
1 1 11
1 2 14
1 3 14
1 4 11
1 5 14
1 6 13
1 7 10
1 8 13
1 9 13
1 10 10
1 11 11
1 12 10
1 13 11
1 14 12
1 15 7
1 16 11
1 17 6
1 18 12
1 19 6
1 20 11
1 21 9
1 22 6
1 23 14
1 24 12
1 25 6
1 26 7
1 27 11
1 28 10
1 29 6
1 30 13
1 31 13
1 32 6
1 33 14
1 34 10
1 35 11
1 36 12
1 37 12
1 38 6
1 39 14
1 40 13
1 41 13
1 42 14
1 43 12
1 44 12
1 45 13
1 46 11
1 47 11
1 48 12
1 49 8
1 50 10
1 51 6
1 52 12
1 53 7
1 54 10
1 55 12
1 56 12
1 57 10
1 58 9
1 59 8
1 60 10
1 61 10
1 62 12
1 63 8
1 64 13
1 65 12
1 66 12
1 67 11
1 68 13
1 69 9
1 70 12
1 71 11
1 72 10
1 73 9
1 74 7
1 75 11
1 76 11
1 77 12
1 78 13
1 79 11
1 80 10
1 81 13
1 82 7
1 83 6
1 84 8
1 85 8
1 86 12
1 87 13
1 88 9
1 89 6
1 90 11
1 91 11
1 92 11
1 93 8
1 94 7
1 95 10
1 96 13
1 97 11
1 98 6
1 99 12
2 0 6
2 1 9
2 2 9
2 3 10
2 4 8
2 5 10
2 6 10
2 7 7
2 8 9
2 9 10
2 10 7
2 11 7
2 12 9
2 13 10
2 14 10
2 15 4
2 16 8
2 17 5
2 18 8
2 19 3
2 20 9
2 21 6
2 22 4
2 23 10
2 24 9
2 25 5
2 26 5
2 27 8
2 28 6
2 29 4
2 30 11
2 31 10
2 32 3
2 33 11
2 34 6
2 35 9
2 36 7
2 37 8
2 38 4
2 39 11
2 40 10
2 41 10
2 42 9
2 43 9
2 44 9
2 45 10
2 46 7
2 47 8
2 48 8
2 49 5
2 50 7
2 51 4
2 52 10
2 53 5
2 54 6
2 55 8
2 56 7
2 57 8
2 58 8
2 59 5
2 60 6
2 61 8
2 62 10
2 63 5
2 64 11
2 65 10
2 66 8
2 67 8
2 68 9
2 69 4
2 70 8
2 71 7
2 72 6
2 73 5
2 74 4
2 75 10
2 76 9
2 77 10
2 78 9
2 79 10
2 80 8
2 81 9
2 82 3
2 83 3
2 84 4
2 85 3
2 86 11
2 87 8
2 88 7
2 89 3
2 90 6
2 91 7
2 92 7
2 93 6
2 94 4
2 95 8
2 96 9
2 97 8
2 98 3
2 99 9
3 0 5
3 1 9
3 2 11
3 3 10
3 4 9
3 5 11
3 6 10
3 7 7
3 8 11
3 9 9
3 10 9
3 11 7
3 12 7
3 13 9
3 14 11
3 15 3
3 16 9
3 17 3
3 18 9
3 19 4
3 20 9
3 21 7
3 22 5
3 23 10
3 24 9
3 25 3
3 26 3
3 27 7
3 28 6
3 29 3
3 30 9
3 31 11
3 32 3
3 33 11
3 34 8
3 35 8
3 36 7
3 37 9
3 38 5
3 39 11
3 40 11
3 41 8
3 42 10
3 43 9
3 44 9
3 45 8
3 46 8
3 47 8
3 48 8
3 49 6
3 50 7
3 51 5
3 52 11
3 53 3
3 54 8
3 55 9
3 56 8
3 57 9
3 58 7
3 59 5
3 60 7
3 61 8
3 62 9
3 63 7
3 64 9
3 65 10
3 66 8
3 67 8
3 68 9
3 69 4
3 70 10
3 71 8
3 72 7
3 73 6
3 74 4
3 75 9
3 76 9
3 77 9
3 78 8
3 79 9
3 80 8
3 81 11
3 82 4
3 83 4
3 84 3
3 85 3
3 86 11
3 87 10
3 88 8
3 89 3
3 90 6
3 91 8
3 92 7
3 93 5
3 94 4
3 95 9
3 96 10
3 97 7
3 98 4
3 99 10
4 0 9
4 1 11
4 2 14
4 3 13
4 4 11
4 5 12
4 6 12
4 7 11
4 8 13
4 9 13
4 10 12
4 11 10
4 12 12
4 13 12
4 14 13
4 15 7
4 16 12
4 17 6
4 18 12
4 19 6
4 20 12
4 21 9
4 22 6
4 23 13
4 24 12
4 25 8
4 26 6
4 27 12
4 28 11
4 29 7
4 30 14
4 31 12
4 32 8
4 33 12
4 34 10
4 35 13
4 36 10
4 37 12
4 38 8
4 39 14
4 40 12
4 41 13
4 42 13
4 43 11
4 44 12
4 45 13
4 46 10
4 47 10
4 48 11
4 49 8
4 50 10
4 51 6
4 52 12
4 53 8
4 54 11
4 55 13
4 56 11
4 57 11
4 58 11
4 59 6
4 60 10
4 61 10
4 62 12
4 63 9
4 64 12
4 65 13
4 66 11
4 67 12
4 68 12
4 69 7
4 70 13
4 71 10
4 72 11
4 73 9
4 74 6
4 75 13
4 76 10
4 77 13
4 78 12
4 79 13
4 80 12
4 81 12
4 82 7
4 83 6
4 84 6
4 85 7
4 86 12
4 87 12
4 88 9
4 89 8
4 90 11
4 91 10
4 92 10
4 93 9
4 94 8
4 95 11
4 96 13
4 97 12
4 98 6
4 99 12
