5 100 10 6 10.0 3.0 1.0 95
6 146 7
9 178 7
5 106 9
8 119 4
2 33 8
9 190 5
9 70 3
0 30 9
2 96 7
4 67 7
9 238 8
9 228 3
7 210 3
7 186 8
4 25 3
6 2 8
9 118 7
8 203 5
7 28 3
0 63 7
1 12 7
8 208 9
9 58 4
8 182 7
3 134 9
7 119 8
7 121 9
5 117 6
4 23 4
0 30 3
8 173 3
0 8 3
7 41 7
1 66 9
2 48 3
3 102 5
7 28 6
1 1 8
8 37 8
0 11 8
1 43 3
4 38 3
3 39 7
1 60 7
4 10 5
2 61 3
2 109 8
3 24 3
5 24 7
7 141 7
7 80 7
5 15 7
5 174 9
9 90 7
1 75 5
3 82 7
6 108 9
9 110 8
1 108 3
6 100 3
8 21 9
6 50 7
2 37 7
7 89 4
1 86 6
2 115 7
5 154 3
0 77 5
5 53 9
6 154 3
2 71 6
4 60 9
4 72 8
0 90 9
3 112 9
4 50 7
1 106 9
8 212 7
3 140 4
8 89 3
0 1 6
2 97 6
6 86 9
4 150 9
0 62 7
5 88 7
2 88 7
5 20 3
6 2 4
4 53 9
0 34 8
5 42 4
8 28 7
3 38 8
6 76 4
6 20 7
1 98 7
3 96 9
3 60 3
9 188 9
0 0 0.828120163377
0 1 0.910839897063
0 2 0.884439354884
0 3 0.170125055539
0 4 0.096723287883
0 5 0.619901101475
0 6 0.905703035739
0 7 0.877724224253
0 8 0.331445645621
0 9 0.961381359781
0 10 0.737637002026
0 11 0.769890075665
0 12 0.590438952436
0 13 0.718113834864
0 14 0.304308442548
0 15 0.055456962061
0 16 0.464363022404
0 17 0.043206025904
0 18 0.519123654902
0 19 0.965549980498
0 20 0.076635983390
0 21 0.650793056767
0 22 0.514990628074
0 23 0.829088244144
0 24 0.747950276081
0 25 0.268781108163
0 26 0.018543234058
0 27 0.579359354224
0 28 0.367010184555
0 29 0.445748065986
0 30 0.417955591037
0 31 0.032101334012
0 32 0.259577466179
0 33 0.670751724026
0 34 0.251502271727
0 35 0.039673892727
0 36 0.303739146038
0 37 0.588860859992
0 38 0.901212564822
0 39 0.322068888985
0 40 0.509553105277
0 41 0.767792118751
0 42 0.860111761422
0 43 0.024844145627
0 44 0.809531111895
0 45 0.561244633730
0 46 0.967084309768
0 47 0.733480759917
0 48 0.378629803154
0 49 0.273394759739
0 50 0.125691065253
0 51 0.520623509895
0 52 0.366416755588
0 53 0.494502377634
0 54 0.387307447071
0 55 0.495565402712
0 56 0.579951012793
0 57 0.545215074838
0 58 0.163973385022
0 59 0.173690800998
0 60 0.735790332640
0 61 0.954481027163
0 62 0.225043398933
0 63 0.239639911390
0 64 0.421766968061
0 65 0.583103200931
0 66 0.822825534447
0 67 0.410228041282
0 68 0.081562885699
0 69 0.610645451611
0 70 0.440194417122
0 71 0.877170981507
0 72 0.005408849288
0 73 0.183017469820
0 74 0.486851613118
0 75 0.790623802765
0 76 0.185199640871
0 77 0.887231168133
0 78 0.414584839021
0 79 0.847382204554
0 80 0.462449715508
0 81 0.003598921409
0 82 0.855292363143
0 83 0.083573156754
0 84 0.159768326315
0 85 0.178360676855
0 86 0.731102009801
0 87 0.945652731064
0 88 0.196096261960
0 89 0.799568145937
0 90 0.143253965102
0 91 0.671459559910
0 92 0.570894471740
0 93 0.535881757643
0 94 0.257607561659
0 95 0.769280362110
0 96 0.851268230162
0 97 0.793717100188
0 98 0.569014140281
0 99 0.873673313610
1 0 0.311486604435
1 1 0.419695104619
1 2 0.256900912213
1 3 0.016940310477
1 4 0.659427228969
1 5 0.734842536001
1 6 0.566372196924
1 7 0.893903934944
1 8 0.116584930493
1 9 0.520194399360
1 10 0.378480270525
1 11 0.149473472632
1 12 0.789388761836
1 13 0.159016959725
1 14 0.788323248483
1 15 0.795615470042
1 16 0.172231912764
1 17 0.939016165110
1 18 0.970404278892
1 19 0.769710208339
1 20 0.027232781666
1 21 0.243431319069
1 22 0.403540709795
1 23 0.104055315590
1 24 0.705276987818
1 25 0.611528271537
1 26 0.465493032044
1 27 0.777926223671
1 28 0.584216534528
1 29 0.280134173064
1 30 0.667691638622
1 31 0.838329311676
1 32 0.040191813217
1 33 0.008333747650
1 34 0.704344110161
1 35 0.875377409528
1 36 0.897162151097
1 37 0.613682507103
1 38 0.146604039297
1 39 0.087264806254
1 40 0.558035181501
1 41 0.808536955660
1 42 0.928637197654
1 43 0.598316678968
1 44 0.239026760689
1 45 0.496464922522
1 46 0.650098029970
1 47 0.737091205470
1 48 0.007082753893
1 49 0.036511781748
1 50 0.767010998777
1 51 0.745069988972
1 52 0.535610585389
1 53 0.158377377631
1 54 0.646143947800
1 55 0.785628151370
1 56 0.016903329803
1 57 0.008698920456
1 58 0.898224885088
1 59 0.816536080501
1 60 0.158951708775
1 61 0.136443841688
1 62 0.606501000906
1 63 0.956750374561
1 64 0.427684149991
1 65 0.487057757445
1 66 0.307773426858
1 67 0.823434854991
1 68 0.507427579152
1 69 0.750592714514
1 70 0.002732061201
1 71 0.523175930375
1 72 0.725946846149
1 73 0.698314357193
1 74 0.227918785608
1 75 0.576694118457
1 76 0.127058336583
1 77 0.041020053615
1 78 0.342458935295
1 79 0.482053095170
1 80 0.893290942639
1 81 0.731384214843
1 82 0.877912200554
1 83 0.227873272251
1 84 0.806374726958
1 85 0.371942567955
1 86 0.410874513259
1 87 0.106030790680
1 88 0.287996202261
1 89 0.879647638463
1 90 0.542953828444
1 91 0.560143746456
1 92 0.991798441260
1 93 0.866336208638
1 94 0.748814394896
1 95 0.537982983289
1 96 0.233715643014
1 97 0.166003623594
1 98 0.260663093670
1 99 0.596368719479
2 0 0.902024939583
2 1 0.614178768525
2 2 0.173608824507
2 3 0.766404647499
2 4 0.058035914979
2 5 0.830293052028
2 6 0.703930660371
2 7 0.652902639533
2 8 0.947118258240
2 9 0.193400638264
2 10 0.536367197308
2 11 0.840315420165
2 12 0.351496529315
2 13 0.810479092159
2 14 0.591270977351
2 15 0.277648192489
2 16 0.480002810646
2 17 0.085982467069
2 18 0.681875206367
2 19 0.397313328280
2 20 0.896195690673
2 21 0.679739854391
2 22 0.077869693121
2 23 0.431394504053
2 24 0.883052070859
2 25 0.716746617066
2 26 0.489844995416
2 27 0.274113307597
2 28 0.877266406250
2 29 0.206332662514
2 30 0.026204369082
2 31 0.412831786704
2 32 0.312734198933
2 33 0.436796582613
2 34 0.725839434282
2 35 0.429465300539
2 36 0.904398321658
2 37 0.091675255145
2 38 0.628477150420
2 39 0.751349438874
2 40 0.978196685647
2 41 0.888318875515
2 42 0.476128596505
2 43 0.623006602983
2 44 0.775943141683
2 45 0.092381555634
2 46 0.855520045410
2 47 0.138640255379
2 48 0.015348221399
2 49 0.718074854245
2 50 0.448017698930
2 51 0.800157268171
2 52 0.683380551499
2 53 0.841109884841
2 54 0.907326098725
2 55 0.246096715713
2 56 0.130426489758
2 57 0.002221507885
2 58 0.166529782398
2 59 0.127208260613
2 60 0.624519660092
2 61 0.204902205719
2 62 0.154387605204
2 63 0.861334290408
2 64 0.138663526331
2 65 0.289180824563
2 66 0.952509257674
2 67 0.208922946394
2 68 0.172792305412
2 69 0.457285344864
2 70 0.015165176318
2 71 0.579084308922
2 72 0.745327623190
2 73 0.295733123206
2 74 0.521396649175
2 75 0.608312453520
2 76 0.158402688838
2 77 0.540857847717
2 78 0.302127621823
2 79 0.906356541808
2 80 0.637297769835
2 81 0.748577923988
2 82 0.335270695088
2 83 0.104615102782
2 84 0.412416596874
2 85 0.916410887207
2 86 0.126342495989
2 87 0.031858587554
2 88 0.135645714620
2 89 0.295592262753
2 90 0.990245917510
2 91 0.811356110866
2 92 0.292701051940
2 93 0.239938473126
2 94 0.547583569067
2 95 0.498730699782
2 96 0.148767745248
2 97 0.305315492712
2 98 0.208870492682
2 99 0.552134349764
3 0 0.555483487444
3 1 0.038625028751
3 2 0.529880371334
3 3 0.159877275491
3 4 0.758827560390
3 5 0.922242246897
3 6 0.954728120481
3 7 0.103434790086
3 8 0.739488546788
3 9 0.018598560075
3 10 0.336681289760
3 11 0.171951557547
3 12 0.313632295077
3 13 0.032595963630
3 14 0.439471255068
3 15 0.090595151991
3 16 0.348985577922
3 17 0.245672470318
3 18 0.273778041342
3 19 0.582426996475
3 20 0.824552326187
3 21 0.274670849967
3 22 0.152469974736
3 23 0.343153397195
3 24 0.027631179103
3 25 0.418645018598
3 26 0.330080818145
3 27 0.447126810795
3 28 0.406237280617
3 29 0.984803976850
3 30 0.912145783657
3 31 0.555733682323
3 32 0.297238640643
3 33 0.795359970566
3 34 0.232328097762
3 35 0.544495599314
3 36 0.321230877232
3 37 0.967249447165
3 38 0.012714515472
3 39 0.819846102696
3 40 0.794644959598
3 41 0.373314663451
3 42 0.501046024281
3 43 0.779427056129
3 44 0.849099356396
3 45 0.645339653844
3 46 0.274136741480
3 47 0.120979260702
3 48 0.816898414767
3 49 0.300414663346
3 50 0.150620062872
3 51 0.295270122347
3 52 0.513578210218
3 53 0.995415779217
3 54 0.407595505830
3 55 0.099544506924
3 56 0.484027914669
3 57 0.111640739791
3 58 0.104534496022
3 59 0.476592821576
3 60 0.621060797134
3 61 0.419765807647
3 62 0.079310241449
3 63 0.544271579872
3 64 0.946934821931
3 65 0.648204018029
3 66 0.576414581994
3 67 0.619512728042
3 68 0.150412257101
3 69 0.704748986967
3 70 0.120481398912
3 71 0.136642543268
3 72 0.120298364054
3 73 0.865786092587
3 74 0.128263480837
3 75 0.465866475069
3 76 0.090487948095
3 77 0.015195274101
3 78 0.476574609135
3 79 0.260584612489
3 80 0.375317838929
3 81 0.992891288411
3 82 0.769088897141
3 83 0.216707135706
3 84 0.040295492518
3 85 0.434196284183
3 86 0.837873617654
3 87 0.360345293190
3 88 0.199381482816
3 89 0.606745303644
3 90 0.605588037930
3 91 0.786475564962
3 92 0.128742146922
3 93 0.977120814258
3 94 0.884652235442
3 95 0.265933286532
3 96 0.826066539973
3 97 0.477595878262
3 98 0.960393411558
3 99 0.753868937569
4 0 0.239278039725
4 1 0.171757122317
4 2 0.227221129344
4 3 0.871057312472
4 4 0.002018218982
4 5 0.529840390452
4 6 0.304170768740
4 7 0.135973934504
4 8 0.630254796555
4 9 0.706798511056
4 10 0.448738730432
4 11 0.957044367491
4 12 0.676485515143
4 13 0.883395535505
4 14 0.684994570997
4 15 0.179833197843
4 16 0.937224520858
4 17 0.389507161881
4 18 0.982087631004
4 19 0.978672484437
4 20 0.965899077293
4 21 0.234224990780
4 22 0.890496024005
4 23 0.039902291453
4 24 0.183505839650
4 25 0.728057522102
4 26 0.398430124111
4 27 0.946763758799
4 28 0.544933433544
4 29 0.170443032953
4 30 0.064152212004
4 31 0.110428111555
4 32 0.680847380168
4 33 0.762721147280
4 34 0.771341384703
4 35 0.872995456839
4 36 0.314247539741
4 37 0.900470837036
4 38 0.794358626057
4 39 0.912470932792
4 40 0.449819837158
4 41 0.645647650384
4 42 0.194370955418
4 43 0.112542473196
4 44 0.289487823770
4 45 0.811153743943
4 46 0.251275080781
4 47 0.328653617580
4 48 0.851385373135
4 49 0.070555921850
4 50 0.145320335804
4 51 0.467783619092
4 52 0.437035309611
4 53 0.921807474456
4 54 0.621288108579
4 55 0.344606853988
4 56 0.594851047400
4 57 0.796575057989
4 58 0.877330470080
4 59 0.916262792540
4 60 0.577473207638
4 61 0.223819836583
4 62 0.933184931983
4 63 0.979713969201
4 64 0.329623749653
4 65 0.628716635285
4 66 0.767580312455
4 67 0.280903484103
4 68 0.106245215955
4 69 0.023511541669
4 70 0.717306055086
4 71 0.326869921622
4 72 0.891713627431
4 73 0.370010852397
4 74 0.872142634523
4 75 0.113690146087
4 76 0.599965437699
4 77 0.284943934537
4 78 0.321340062844
4 79 0.300574150401
4 80 0.321728455146
4 81 0.796702598504
4 82 0.258355634403
4 83 0.302597915890
4 84 0.766674192761
4 85 0.133528614159
4 86 0.372495689851
4 87 0.017904819702
4 88 0.252092314219
4 89 0.902682721317
4 90 0.903589322737
4 91 0.895036165617
4 92 0.907744549070
4 93 0.290143789123
4 94 0.746005675246
4 95 0.083964680623
4 96 0.976674099860
4 97 0.105937360924
4 98 0.551290316946
4 99 0.811068701338
0 0 8
0 1 9
0 2 10
0 3 4
0 4 10
0 5 5
0 6 4
0 7 10
0 8 7
0 9 7
0 10 8
0 11 3
0 12 4
0 13 8
0 14 3
0 15 8
0 16 8
0 17 7
0 18 3
0 19 7
0 20 8
0 21 10
0 22 5
0 23 8
0 24 9
0 25 8
0 26 11
0 27 6
0 28 5
0 29 5
0 30 3
0 31 3
0 32 9
0 33 10
0 34 5
0 35 6
0 36 8
0 37 9
0 38 9
0 39 10
0 40 3
0 41 4
0 42 9
0 43 8
0 44 7
0 45 4
0 46 10
0 47 5
0 48 9
0 49 7
0 50 8
0 51 8
0 52 11
0 53 8
0 54 6
0 55 7
0 56 10
0 57 9
0 58 5
0 59 3
0 60 10
0 61 8
0 62 8
0 63 6
0 64 6
0 65 8
0 66 3
0 67 6
0 68 10
0 69 5
0 70 6
0 71 11
0 72 10
0 73 10
0 74 10
0 75 7
0 76 11
0 77 7
0 78 6
0 79 5
0 80 8
0 81 8
0 82 11
0 83 10
0 84 7
0 85 7
0 86 7
0 87 5
0 88 4
0 89 9
0 90 10
0 91 4
0 92 7
0 93 10
0 94 4
0 95 7
0 96 9
0 97 9
0 98 4
0 99 11
1 0 9
1 1 8
1 2 11
1 3 6
1 4 9
1 5 5
1 6 5
1 7 9
1 8 8
1 9 7
1 10 10
1 11 5
1 12 3
1 13 9
1 14 5
1 15 8
1 16 9
1 17 5
1 18 4
1 19 7
1 20 8
1 21 10
1 22 5
1 23 9
1 24 11
1 25 10
1 26 11
1 27 8
1 28 5
1 29 3
1 30 3
1 31 5
1 32 8
1 33 10
1 34 4
1 35 7
1 36 7
1 37 9
1 38 9
1 39 8
1 40 3
1 41 3
1 42 8
1 43 8
1 44 5
1 45 5
1 46 10
1 47 3
1 48 8
1 49 7
1 50 7
1 51 9
1 52 10
1 53 9
1 54 5
1 55 7
1 56 10
1 57 8
1 58 3
1 59 5
1 60 10
1 61 8
1 62 7
1 63 5
1 64 7
1 65 8
1 66 4
1 67 5
1 68 10
1 69 5
1 70 7
1 71 11
1 72 10
1 73 10
1 74 11
1 75 8
1 76 9
1 77 7
1 78 5
1 79 4
1 80 6
1 81 6
1 82 11
1 83 10
1 84 9
1 85 8
1 86 8
1 87 5
1 88 5
1 89 11
1 90 9
1 91 6
1 92 7
1 93 10
1 94 5
1 95 7
1 96 7
1 97 11
1 98 5
1 99 10
2 0 9
2 1 11
2 2 11
2 3 6
2 4 11
2 5 7
2 6 6
2 7 12
2 8 9
2 9 11
2 10 12
2 11 6
2 12 5
2 13 11
2 14 7
2 15 10
2 16 11
2 17 7
2 18 7
2 19 10
2 20 9
2 21 11
2 22 8
2 23 9
2 24 12
2 25 11
2 26 11
2 27 8
2 28 8
2 29 6
2 30 5
2 31 5
2 32 10
2 33 12
2 34 7
2 35 8
2 36 8
2 37 12
2 38 12
2 39 11
2 40 6
2 41 6
2 42 10
2 43 10
2 44 8
2 45 5
2 46 11
2 47 5
2 48 9
2 49 11
2 50 10
2 51 11
2 52 13
2 53 10
2 54 9
2 55 11
2 56 12
2 57 10
2 58 6
2 59 7
2 60 12
2 61 10
2 62 11
2 63 6
2 64 8
2 65 10
2 66 7
2 67 8
2 68 11
2 69 5
2 70 9
2 71 12
2 72 11
2 73 13
2 74 13
2 75 11
2 76 11
2 77 10
2 78 8
2 79 5
2 80 10
2 81 10
2 82 11
2 83 11
2 84 11
2 85 9
2 86 10
2 87 7
2 88 6
2 89 13
2 90 11
2 91 7
2 92 9
2 93 12
2 94 6
2 95 10
2 96 9
2 97 12
2 98 5
2 99 11
3 0 9
3 1 10
3 2 13
3 3 7
3 4 12
3 5 9
3 6 6
3 7 11
3 8 9
3 9 10
3 10 11
3 11 5
3 12 7
3 13 10
3 14 6
3 15 11
3 16 11
3 17 7
3 18 5
3 19 11
3 20 9
3 21 12
3 22 6
3 23 11
3 24 13
3 25 10
3 26 11
3 27 8
3 28 6
3 29 6
3 30 5
3 31 5
3 32 9
3 33 11
3 34 7
3 35 9
3 36 9
3 37 12
3 38 11
3 39 12
3 40 6
3 41 7
3 42 11
3 43 9
3 44 8
3 45 7
3 46 12
3 47 7
3 48 9
3 49 10
3 50 10
3 51 11
3 52 11
3 53 11
3 54 7
3 55 10
3 56 13
3 57 12
3 58 7
3 59 7
3 60 13
3 61 10
3 62 11
3 63 8
3 64 8
3 65 10
3 66 5
3 67 7
3 68 12
3 69 6
3 70 10
3 71 12
3 72 10
3 73 11
3 74 12
3 75 10
3 76 13
3 77 11
3 78 6
3 79 7
3 80 8
3 81 8
3 82 13
3 83 12
3 84 9
3 85 9
3 86 9
3 87 5
3 88 8
3 89 12
3 90 11
3 91 7
3 92 9
3 93 12
3 94 8
3 95 11
3 96 9
3 97 11
3 98 6
3 99 13
4 0 8
4 1 9
4 2 11
4 3 5
4 4 8
4 5 7
4 6 3
4 7 11
4 8 9
4 9 7
4 10 9
4 11 5
4 12 5
4 13 10
4 14 3
4 15 9
4 16 9
4 17 5
4 18 3
4 19 8
4 20 9
4 21 10
4 22 6
4 23 7
4 24 10
4 25 10
4 26 11
4 27 7
4 28 5
4 29 5
4 30 5
4 31 3
4 32 8
4 33 11
4 34 5
4 35 6
4 36 6
4 37 10
4 38 8
4 39 8
4 40 5
4 41 3
4 42 7
4 43 9
4 44 5
4 45 5
4 46 9
4 47 4
4 48 9
4 49 7
4 50 8
4 51 7
4 52 10
4 53 7
4 54 6
4 55 7
4 56 11
4 57 10
4 58 5
4 59 5
4 60 10
4 61 9
4 62 7
4 63 6
4 64 6
4 65 9
4 66 3
4 67 7
4 68 10
4 69 3
4 70 7
4 71 11
4 72 9
4 73 10
4 74 11
4 75 8
4 76 9
4 77 8
4 78 4
4 79 3
4 80 7
4 81 7
4 82 9
4 83 10
4 84 9
4 85 7
4 86 8
4 87 5
4 88 5
4 89 11
4 90 9
4 91 6
4 92 8
4 93 9
4 94 5
4 95 8
4 96 8
4 97 9
4 98 4
4 99 10
