5 100 10 6 10.0 3.0 1.0 95
6 22 4
1 108 4
9 70 3
3 112 9
3 104 8
2 76 8
0 98 3
8 142 5
6 76 3
2 103 3
0 50 7
9 32 8
4 95 9
6 70 8
7 193 8
9 30 3
3 54 7
0 46 3
2 60 9
6 186 8
3 78 8
4 95 5
6 64 9
7 30 9
1 38 7
5 38 8
7 186 8
7 137 8
4 10 7
4 145 6
5 167 4
6 190 3
7 82 3
2 108 5
7 126 7
2 21 9
1 8 7
9 95 9
8 58 7
4 53 3
2 33 9
9 120 8
8 156 8
2 43 7
5 75 3
0 15 9
8 79 9
8 79 4
1 89 3
3 21 3
1 43 8
5 68 3
1 27 8
8 86 9
4 65 3
0 16 9
6 170 7
2 109 8
3 28 3
5 6 8
8 126 9
4 142 8
2 1 6
1 32 3
7 41 4
5 148 7
5 79 7
8 103 7
8 93 3
3 28 9
9 68 8
0 90 9
4 73 9
2 37 3
0 66 4
9 222 9
8 40 3
6 194 9
9 58 4
5 97 8
0 85 5
4 107 9
7 132 5
5 37 4
7 56 3
0 52 7
6 76 9
3 94 9
5 117 9
1 107 6
9 105 4
1 10 7
0 40 7
6 92 6
1 113 7
3 120 4
7 108 9
9 112 8
4 5 7
3 86 5
0 0 0.824975184146
0 1 0.280297276864
0 2 0.336263737401
0 3 0.333989815645
0 4 0.633579096454
0 5 0.694539947390
0 6 0.475291733856
0 7 0.134066612160
0 8 0.237286168764
0 9 0.073936290927
0 10 0.028179083638
0 11 0.224597616070
0 12 0.583446946001
0 13 0.622055588063
0 14 0.193691595286
0 15 0.198995621075
0 16 0.587533940114
0 17 0.756674341832
0 18 0.131827346125
0 19 0.702144403023
0 20 0.053308050186
0 21 0.313064758618
0 22 0.833246522669
0 23 0.960672126470
0 24 0.564921543753
0 25 0.482522347621
0 26 0.069286394755
0 27 0.352852951824
0 28 0.952084858211
0 29 0.462055895647
0 30 0.463675905216
0 31 0.850806405823
0 32 0.516246631465
0 33 0.399278056984
0 34 0.893982026143
0 35 0.263451645164
0 36 0.760464021281
0 37 0.221879840052
0 38 0.119637516557
0 39 0.075041493596
0 40 0.295175725243
0 41 0.086980679918
0 42 0.965695975746
0 43 0.677928722404
0 44 0.347304779448
0 45 0.636728930873
0 46 0.990423528411
0 47 0.658713633208
0 48 0.762935303818
0 49 0.651139317359
0 50 0.071094051449
0 51 0.233873523224
0 52 0.216770903213
0 53 0.434818000797
0 54 0.041112193842
0 55 0.556508133247
0 56 0.291412369321
0 57 0.488314916111
0 58 0.623186238741
0 59 0.808001325367
0 60 0.169643401576
0 61 0.990443194122
0 62 0.620218473939
0 63 0.621360223832
0 64 0.600714212181
0 65 0.162157308804
0 66 0.094902862584
0 67 0.548617716893
0 68 0.536140658709
0 69 0.228751479301
0 70 0.694969885706
0 71 0.889090768650
0 72 0.579652818080
0 73 0.640534925161
0 74 0.772812600865
0 75 0.382625811866
0 76 0.121015772061
0 77 0.696281264705
0 78 0.979082845482
0 79 0.836743190641
0 80 0.870007289108
0 81 0.841390435934
0 82 0.098355571864
0 83 0.731059529133
0 84 0.358142756029
0 85 0.091710017465
0 86 0.558722225925
0 87 0.759717089589
0 88 0.977019860856
0 89 0.187067918004
0 90 0.743192591079
0 91 0.759140517299
0 92 0.359462823114
0 93 0.540944561716
0 94 0.287975290503
0 95 0.690588805861
0 96 0.967206784813
0 97 0.381118604508
0 98 0.770029471001
0 99 0.558951708159
1 0 0.716279098410
1 1 0.933304027332
1 2 0.364353969907
1 3 0.077713586536
1 4 0.562245643250
1 5 0.297083555413
1 6 0.547907014117
1 7 0.629482703939
1 8 0.350828595521
1 9 0.554496792941
1 10 0.945218598758
1 11 0.121888779689
1 12 0.626938157815
1 13 0.770072931913
1 14 0.291856694622
1 15 0.126853911112
1 16 0.797476240347
1 17 0.930443575734
1 18 0.383416117634
1 19 0.904224842441
1 20 0.743184025681
1 21 0.398250758119
1 22 0.948368705584
1 23 0.117556043160
1 24 0.332612232521
1 25 0.801036973919
1 26 0.096189449827
1 27 0.441574504597
1 28 0.296507388305
1 29 0.914650850838
1 30 0.319248715505
1 31 0.749006745592
1 32 0.636154678831
1 33 0.633361753891
1 34 0.904358186305
1 35 0.093466719250
1 36 0.605787828730
1 37 0.582782379553
1 38 0.429969364613
1 39 0.489373688238
1 40 0.478867955313
1 41 0.286605181535
1 42 0.734630821914
1 43 0.513554415568
1 44 0.488298022845
1 45 0.388398578780
1 46 0.437032673088
1 47 0.495566478552
1 48 0.243811373274
1 49 0.143768126075
1 50 0.062343891582
1 51 0.393736089006
1 52 0.802306896151
1 53 0.365376404098
1 54 0.277418885824
1 55 0.355613590473
1 56 0.853186358767
1 57 0.780838162354
1 58 0.169080898954
1 59 0.874530369132
1 60 0.992677743744
1 61 0.913158388805
1 62 0.855454851906
1 63 0.856519268629
1 64 0.471879332485
1 65 0.708502849686
1 66 0.700700975573
1 67 0.969688025823
1 68 0.982077091780
1 69 0.257753359590
1 70 0.201979588491
1 71 0.918274195289
1 72 0.638765643692
1 73 0.264707949659
1 74 0.827716975021
1 75 0.699058414080
1 76 0.224113381654
1 77 0.549309517866
1 78 0.341611141199
1 79 0.729813370244
1 80 0.120147779457
1 81 0.094429221381
1 82 0.981965671034
1 83 0.945445382929
1 84 0.942863217830
1 85 0.483312432499
1 86 0.876896835947
1 87 0.953701892378
1 88 0.866648020069
1 89 0.319070290689
1 90 0.430249497815
1 91 0.622495672971
1 92 0.763735025686
1 93 0.396788794131
1 94 0.524327489290
1 95 0.284564812189
1 96 0.819648447551
1 97 0.473037958276
1 98 0.044647417090
1 99 0.490688807286
2 0 0.716458461220
2 1 0.390313467858
2 2 0.661367907853
2 3 0.762906259119
2 4 0.907716944087
2 5 0.048503818985
2 6 0.831562007498
2 7 0.078767205502
2 8 0.547713560558
2 9 0.938693644009
2 10 0.547144658598
2 11 0.101335690186
2 12 0.797466535460
2 13 0.226161111116
2 14 0.055043667593
2 15 0.894042818004
2 16 0.074646944390
2 17 0.876548409117
2 18 0.835634298304
2 19 0.354751098301
2 20 0.844500982659
2 21 0.426877630158
2 22 0.706849869336
2 23 0.750196641451
2 24 0.993820883129
2 25 0.865525586105
2 26 0.265103352578
2 27 0.755125110307
2 28 0.954471644806
2 29 0.576471130254
2 30 0.022212318255
2 31 0.777534143476
2 32 0.948389546713
2 33 0.268945756720
2 34 0.486621140335
2 35 0.116491296418
2 36 0.506036165690
2 37 0.969950969840
2 38 0.169202377300
2 39 0.554767624278
2 40 0.911292815616
2 41 0.646332309156
2 42 0.654996543759
2 43 0.434548455392
2 44 0.352991708365
2 45 0.837753316219
2 46 0.893677207847
2 47 0.002313383217
2 48 0.074419927551
2 49 0.874527869655
2 50 0.476533036703
2 51 0.823448758250
2 52 0.727653603201
2 53 0.478477381059
2 54 0.959010892609
2 55 0.161737146170
2 56 0.397030795122
2 57 0.053874986207
2 58 0.215603426094
2 59 0.442065598019
2 60 0.207576206317
2 61 0.822020177341
2 62 0.485691712331
2 63 0.803006343480
2 64 0.260674841448
2 65 0.318426127812
2 66 0.444824276019
2 67 0.116917799564
2 68 0.978636293465
2 69 0.171065373223
2 70 0.020762609794
2 71 0.054628770870
2 72 0.594070808125
2 73 0.016021163926
2 74 0.984224046255
2 75 0.596684257818
2 76 0.808357220904
2 77 0.122286581291
2 78 0.253519095280
2 79 0.579550265633
2 80 0.935058309771
2 81 0.132111895774
2 82 0.284556889898
2 83 0.115052845844
2 84 0.037597161927
2 85 0.760676326928
2 86 0.779703579615
2 87 0.881788498715
2 88 0.192843178448
2 89 0.422248504287
2 90 0.397070895369
2 91 0.056163330373
2 92 0.578338787374
2 93 0.309236989697
2 94 0.614998353611
2 95 0.573086143313
2 96 0.289494056000
2 97 0.675184716089
2 98 0.603068626433
2 99 0.564078442434
3 0 0.465902646774
3 1 0.020638837623
3 2 0.770082532821
3 3 0.543372657474
3 4 0.346159852741
3 5 0.016303636525
3 6 0.506543634834
3 7 0.933570320417
3 8 0.815028962427
3 9 0.541373273266
3 10 0.142280548622
3 11 0.960225659247
3 12 0.205675987943
3 13 0.446352113074
3 14 0.500386929789
3 15 0.168246945385
3 16 0.036317851455
3 17 0.908150622444
3 18 0.823481091129
3 19 0.416553226450
3 20 0.628049683905
3 21 0.543577617440
3 22 0.689049813847
3 23 0.307442514202
3 24 0.268104430730
3 25 0.410028415873
3 26 0.803238845012
3 27 0.742197325831
3 28 0.470069456512
3 29 0.189403755394
3 30 0.467644701930
3 31 0.142160438613
3 32 0.196305009510
3 33 0.181235171279
3 34 0.131084674159
3 35 0.012538255676
3 36 0.622209382965
3 37 0.411903896322
3 38 0.750659215128
3 39 0.244278158045
3 40 0.241928810136
3 41 0.117962057386
3 42 0.426545974454
3 43 0.390176768236
3 44 0.896541449091
3 45 0.472187632808
3 46 0.215248827936
3 47 0.556353020242
3 48 0.552378008625
3 49 0.459620558798
3 50 0.379619212431
3 51 0.890903860640
3 52 0.616451209505
3 53 0.578644114587
3 54 0.166362659184
3 55 0.703716527874
3 56 0.016870612437
3 57 0.862834425920
3 58 0.843463246996
3 59 0.349670304826
3 60 0.938839339074
3 61 0.015360391652
3 62 0.516247331729
3 63 0.840036341055
3 64 0.315165790097
3 65 0.717241457298
3 66 0.275870223296
3 67 0.878204133734
3 68 0.149387290808
3 69 0.825493287253
3 70 0.985652171000
3 71 0.028513347838
3 72 0.444867260681
3 73 0.369523137056
3 74 0.099630694172
3 75 0.619235164220
3 76 0.638653196625
3 77 0.022126894218
3 78 0.647221849520
3 79 0.200569657687
3 80 0.457219542946
3 81 0.301746694925
3 82 0.431168962673
3 83 0.958349343958
3 84 0.406068436794
3 85 0.421635652023
3 86 0.338147902220
3 87 0.784517971536
3 88 0.029687174986
3 89 0.636645451263
3 90 0.253163147615
3 91 0.819209850797
3 92 0.252298820308
3 93 0.172690215713
3 94 0.770224603171
3 95 0.878856611913
3 96 0.987597567952
3 97 0.945638995345
3 98 0.245859246900
3 99 0.216537067624
4 0 0.565207957835
4 1 0.485223037212
4 2 0.179966607618
4 3 0.054435196433
4 4 0.139145856884
4 5 0.285385215998
4 6 0.641659668795
4 7 0.645170170081
4 8 0.809758583210
4 9 0.419280066014
4 10 0.458051862201
4 11 0.125097227084
4 12 0.566399670483
4 13 0.516184840917
4 14 0.178201509500
4 15 0.700460996181
4 16 0.334541364406
4 17 0.879521916336
4 18 0.624047392327
4 19 0.607578339311
4 20 0.633029707027
4 21 0.763989396476
4 22 0.662700828570
4 23 0.354780419916
4 24 0.522401335227
4 25 0.945490421692
4 26 0.913196284804
4 27 0.275033703155
4 28 0.599058919485
4 29 0.682523223524
4 30 0.110386657395
4 31 0.358940919392
4 32 0.273591232404
4 33 0.305330022342
4 34 0.099459786038
4 35 0.661038523688
4 36 0.953209524131
4 37 0.272829356301
4 38 0.871105358297
4 39 0.573304153776
4 40 0.581650654892
4 41 0.837588206977
4 42 0.999844683332
4 43 0.476832483759
4 44 0.599085548689
4 45 0.311918612226
4 46 0.810603881684
4 47 0.339733521398
4 48 0.318561615148
4 49 0.028985754409
4 50 0.150380308802
4 51 0.053572202650
4 52 0.158039880325
4 53 0.683971250672
4 54 0.251496037210
4 55 0.983125574888
4 56 0.975173035480
4 57 0.191481309872
4 58 0.407020079287
4 59 0.675247325138
4 60 0.191359256136
4 61 0.051034348809
4 62 0.915974157607
4 63 0.025413842034
4 64 0.647627207284
4 65 0.216449420822
4 66 0.747840028608
4 67 0.978221544594
4 68 0.157974136135
4 69 0.808083388374
4 70 0.395666293035
4 71 0.662043437018
4 72 0.811185656491
4 73 0.864575155548
4 74 0.064090545749
4 75 0.581542755630
4 76 0.115644589739
4 77 0.198135470760
4 78 0.036964527325
4 79 0.237725186650
4 80 0.241024094445
4 81 0.424692723228
4 82 0.635576873362
4 83 0.344426784478
4 84 0.710759388066
4 85 0.428882496449
4 86 0.509620040631
4 87 0.844242684750
4 88 0.042484034170
4 89 0.968148026716
4 90 0.391609090271
4 91 0.983362621829
4 92 0.806426400570
4 93 0.625035681309
4 94 0.084574709213
4 95 0.878944401326
4 96 0.374307855442
4 97 0.373052874504
4 98 0.450797386527
4 99 0.285046725627
0 0 7
0 1 7
0 2 7
0 3 13
0 4 13
0 5 12
0 6 8
0 7 9
0 8 6
0 9 7
0 10 11
0 11 12
0 12 13
0 13 12
0 14 13
0 15 7
0 16 12
0 17 8
0 18 13
0 19 13
0 20 11
0 21 9
0 22 12
0 23 13
0 24 11
0 25 13
0 26 13
0 27 12
0 28 10
0 29 11
0 30 9
0 31 8
0 32 7
0 33 9
0 34 12
0 35 14
0 36 11
0 37 14
0 38 10
0 39 6
0 40 13
0 41 12
0 42 12
0 43 12
0 44 8
0 45 13
0 46 14
0 47 8
0 48 7
0 49 7
0 50 11
0 51 6
0 52 13
0 53 13
0 54 7
0 55 12
0 56 12
0 57 13
0 58 7
0 59 12
0 60 12
0 61 11
0 62 11
0 63 8
0 64 8
0 65 11
0 66 12
0 67 12
0 68 7
0 69 14
0 70 12
0 71 13
0 72 14
0 73 8
0 74 9
0 75 13
0 76 6
0 77 12
0 78 9
0 79 11
0 80 10
0 81 12
0 82 8
0 83 7
0 84 8
0 85 10
0 86 14
0 87 14
0 88 12
0 89 10
0 90 9
0 91 12
0 92 11
0 93 10
0 94 11
0 95 7
0 96 14
0 97 11
0 98 11
0 99 9
1 0 7
1 1 9
1 2 6
1 3 12
1 4 12
1 5 11
1 6 6
1 7 8
1 8 8
1 9 6
1 10 12
1 11 11
1 12 13
1 13 11
1 14 12
1 15 7
1 16 10
1 17 7
1 18 12
1 19 12
1 20 12
1 21 8
1 22 13
1 23 14
1 24 10
1 25 12
1 26 12
1 27 13
1 28 11
1 29 9
1 30 7
1 31 6
1 32 6
1 33 8
1 34 11
1 35 14
1 36 11
1 37 13
1 38 12
1 39 8
1 40 14
1 41 11
1 42 12
1 43 10
1 44 6
1 45 12
1 46 13
1 47 9
1 48 8
1 49 6
1 50 12
1 51 7
1 52 13
1 53 13
1 54 6
1 55 13
1 56 12
1 57 11
1 58 7
1 59 13
1 60 13
1 61 11
1 62 10
1 63 6
1 64 9
1 65 11
1 66 11
1 67 11
1 68 7
1 69 13
1 70 12
1 71 14
1 72 13
1 73 6
1 74 7
1 75 14
1 76 8
1 77 14
1 78 9
1 79 12
1 80 8
1 81 12
1 82 10
1 83 8
1 84 8
1 85 10
1 86 12
1 87 12
1 88 14
1 89 9
1 90 8
1 91 10
1 92 10
1 93 9
1 94 10
1 95 9
1 96 14
1 97 12
1 98 12
1 99 8
2 0 7
2 1 8
2 2 8
2 3 14
2 4 11
2 5 12
2 6 8
2 7 8
2 8 8
2 9 7
2 10 12
2 11 12
2 12 12
2 13 12
2 14 11
2 15 6
2 16 10
2 17 7
2 18 12
2 19 12
2 20 13
2 21 8
2 22 12
2 23 12
2 24 10
2 25 11
2 26 11
2 27 11
2 28 12
2 29 9
2 30 8
2 31 6
2 32 6
2 33 8
2 34 12
2 35 14
2 36 11
2 37 13
2 38 10
2 39 8
2 40 13
2 41 12
2 42 13
2 43 11
2 44 8
2 45 14
2 46 14
2 47 7
2 48 7
2 49 7
2 50 13
2 51 6
2 52 13
2 53 12
2 54 6
2 55 12
2 56 12
2 57 12
2 58 6
2 59 13
2 60 13
2 61 12
2 62 9
2 63 6
2 64 9
2 65 11
2 66 10
2 67 12
2 68 7
2 69 13
2 70 13
2 71 12
2 72 14
2 73 6
2 74 8
2 75 12
2 76 6
2 77 14
2 78 8
2 79 11
2 80 10
2 81 12
2 82 8
2 83 8
2 84 7
2 85 10
2 86 14
2 87 12
2 88 14
2 89 11
2 90 8
2 91 12
2 92 10
2 93 9
2 94 10
2 95 7
2 96 13
2 97 13
2 98 10
2 99 10
3 0 8
3 1 8
3 2 5
3 3 11
3 4 10
3 5 11
3 6 6
3 7 9
3 8 7
3 9 6
3 10 9
3 11 12
3 12 11
3 13 10
3 14 10
3 15 6
3 16 9
3 17 7
3 18 11
3 19 12
3 20 12
3 21 7
3 22 12
3 23 11
3 24 11
3 25 10
3 26 10
3 27 11
3 28 9
3 29 10
3 30 7
3 31 5
3 32 6
3 33 8
3 34 11
3 35 12
3 36 11
3 37 13
3 38 11
3 39 5
3 40 12
3 41 10
3 42 11
3 43 11
3 44 7
3 45 12
3 46 12
3 47 8
3 48 5
3 49 7
3 50 11
3 51 5
3 52 10
3 53 11
3 54 6
3 55 12
3 56 9
3 57 11
3 58 5
3 59 10
3 60 11
3 61 12
3 62 8
3 63 6
3 64 8
3 65 11
3 66 10
3 67 11
3 68 5
3 69 11
3 70 10
3 71 11
3 72 11
3 73 7
3 74 7
3 75 13
3 76 7
3 77 13
3 78 8
3 79 12
3 80 8
3 81 12
3 82 8
3 83 8
3 84 5
3 85 9
3 86 11
3 87 13
3 88 13
3 89 8
3 90 8
3 91 10
3 92 11
3 93 10
3 94 11
3 95 7
3 96 12
3 97 10
3 98 10
3 99 9
4 0 5
4 1 4
4 2 3
4 3 10
4 4 8
4 5 10
4 6 4
4 7 5
4 8 4
4 9 4
4 10 9
4 11 10
4 12 10
4 13 10
4 14 8
4 15 5
4 16 7
4 17 3
4 18 11
4 19 8
4 20 8
4 21 6
4 22 9
4 23 10
4 24 9
4 25 9
4 26 8
4 27 10
4 28 7
4 29 7
4 30 6
4 31 5
4 32 4
4 33 5
4 34 8
4 35 10
4 36 9
4 37 11
4 38 8
4 39 3
4 40 9
4 41 8
4 42 9
4 43 7
4 44 4
4 45 10
4 46 9
4 47 6
4 48 5
4 49 4
4 50 9
4 51 3
4 52 9
4 53 10
4 54 5
4 55 10
4 56 8
4 57 10
4 58 5
4 59 9
4 60 9
4 61 8
4 62 8
4 63 3
4 64 6
4 65 8
4 66 9
4 67 7
4 68 4
4 69 11
4 70 10
4 71 11
4 72 9
4 73 4
4 74 4
4 75 11
4 76 3
4 77 10
4 78 5
4 79 8
4 80 6
4 81 11
4 82 6
4 83 5
4 84 5
4 85 8
4 86 11
4 87 10
4 88 11
4 89 7
4 90 5
4 91 7
4 92 8
4 93 8
4 94 7
4 95 4
4 96 11
4 97 8
4 98 7
4 99 7
