5 100 10 6 10.0 3.0 1.0 95
3 66 3
7 54 7
9 105 9
3 129 9
6 46 6
5 119 7
6 30 8
4 93 5
8 131 5
1 58 3
1 93 7
8 86 9
3 8 7
5 160 8
3 36 8
0 53 6
0 19 7
0 3 8
1 104 8
9 105 3
4 132 7
1 20 6
0 33 8
9 188 4
6 116 4
6 46 3
5 57 3
7 141 7
7 17 3
3 44 9
0 86 6
1 72 9
8 170 3
8 21 7
7 204 3
5 134 8
4 80 3
1 83 6
6 132 7
6 94 7
4 85 5
8 128 5
6 94 3
2 97 7
7 52 9
2 39 3
8 9 3
4 47 9
2 39 7
2 37 5
2 4 6
8 63 7
5 46 9
2 81 3
9 70 7
2 19 8
2 119 7
8 54 8
7 113 5
5 112 4
4 60 8
9 58 4
8 98 9
3 114 8
3 99 9
9 115 8
4 153 9
7 46 8
1 98 9
9 225 8
6 70 9
3 21 3
4 70 9
8 21 9
7 121 7
2 29 9
5 172 6
1 85 7
2 1 7
0 2 8
6 46 8
0 14 8
9 180 3
5 152 8
4 87 9
3 10 4
1 94 8
5 2 3
0 3 7
9 30 9
3 81 6
7 128 4
9 245 9
5 33 8
0 57 3
7 87 7
0 88 3
6 16 8
4 132 3
1 94 3
0 0 0.942931557534
0 1 0.695094564921
0 2 0.224671422674
0 3 0.704432263361
0 4 0.017187338843
0 5 0.508918287766
0 6 0.030900222121
0 7 0.164773530080
0 8 0.382239377129
0 9 0.968135672609
0 10 0.166904283608
0 11 0.337879407761
0 12 0.930605321802
0 13 0.486809380887
0 14 0.869683831742
0 15 0.734096053337
0 16 0.880482134965
0 17 0.189665056178
0 18 0.954604026572
0 19 0.142786830836
0 20 0.989005944602
0 21 0.593003052586
0 22 0.827322691722
0 23 0.752071743218
0 24 0.604645519369
0 25 0.713265625969
0 26 0.358622946413
0 27 0.684016050722
0 28 0.575495957084
0 29 0.162723311929
0 30 0.718040518767
0 31 0.410744331606
0 32 0.031006954704
0 33 0.075269688132
0 34 0.195299328691
0 35 0.083221484931
0 36 0.035652300888
0 37 0.041292457658
0 38 0.938929173678
0 39 0.034953229726
0 40 0.752421237965
0 41 0.412741511555
0 42 0.597905214404
0 43 0.466538246249
0 44 0.667401177907
0 45 0.192626324009
0 46 0.857978679601
0 47 0.217586147030
0 48 0.567900473372
0 49 0.186599039698
0 50 0.242606091681
0 51 0.273422851713
0 52 0.363023634292
0 53 0.788228745383
0 54 0.812413536387
0 55 0.976586626491
0 56 0.778018974631
0 57 0.134530777075
0 58 0.118044305664
0 59 0.455800763093
0 60 0.352835171544
0 61 0.278463349791
0 62 0.400613316673
0 63 0.149064983886
0 64 0.205786345353
0 65 0.826490039516
0 66 0.089673638211
0 67 0.592321688394
0 68 0.080366544507
0 69 0.635425570205
0 70 0.455706576991
0 71 0.420543886040
0 72 0.377342139894
0 73 0.326913840634
0 74 0.038961790168
0 75 0.668692954838
0 76 0.016240231239
0 77 0.437295623729
0 78 0.319350842539
0 79 0.463416450322
0 80 0.456502032519
0 81 0.911118357822
0 82 0.001761551672
0 83 0.505554352995
0 84 0.499913709684
0 85 0.898926348543
0 86 0.924423774995
0 87 0.100535436823
0 88 0.277043011687
0 89 0.268353415136
0 90 0.735780010847
0 91 0.016794312162
0 92 0.837623078666
0 93 0.901097997708
0 94 0.291592850299
0 95 0.056471497319
0 96 0.067595685544
0 97 0.665244205729
0 98 0.477662650501
0 99 0.610668849558
1 0 0.518714915348
1 1 0.877541798405
1 2 0.219394074464
1 3 0.074232370427
1 4 0.542682881117
1 5 0.712336559992
1 6 0.728147413368
1 7 0.340625551943
1 8 0.374982553602
1 9 0.575881546029
1 10 0.647999299279
1 11 0.384878400453
1 12 0.631542359219
1 13 0.402683098634
1 14 0.297872288264
1 15 0.703535033021
1 16 0.679983373013
1 17 0.486409251948
1 18 0.329247452862
1 19 0.205954933416
1 20 0.690210135596
1 21 0.735658594305
1 22 0.529311633601
1 23 0.625294336042
1 24 0.446974878265
1 25 0.150548835458
1 26 0.720280889224
1 27 0.762948783513
1 28 0.321308093627
1 29 0.773749936889
1 30 0.915331806761
1 31 0.526121161318
1 32 0.812885242633
1 33 0.587965740230
1 34 0.498552678372
1 35 0.796439137543
1 36 0.198492221961
1 37 0.018711220770
1 38 0.549486588688
1 39 0.318877845666
1 40 0.631379369181
1 41 0.214420965436
1 42 0.380171866685
1 43 0.905313316792
1 44 0.318110854141
1 45 0.500948970326
1 46 0.569808336069
1 47 0.966648316865
1 48 0.036702140515
1 49 0.570053178679
1 50 0.201080587694
1 51 0.176060563107
1 52 0.191805007129
1 53 0.627616214893
1 54 0.521991321824
1 55 0.844860476365
1 56 0.639251718888
1 57 0.468240816311
1 58 0.182543975280
1 59 0.199123780646
1 60 0.686998177902
1 61 0.725455623508
1 62 0.564339344850
1 63 0.802130381946
1 64 0.089669708372
1 65 0.622254551588
1 66 0.611221376670
1 67 0.338467770505
1 68 0.377370417819
1 69 0.853670678681
1 70 0.722991226361
1 71 0.774879404746
1 72 0.110336419994
1 73 0.779564494421
1 74 0.669828029677
1 75 0.767675972264
1 76 0.343656154833
1 77 0.378922117645
1 78 0.150134870339
1 79 0.051489464626
1 80 0.924922922187
1 81 0.153003268848
1 82 0.747710690387
1 83 0.746161736828
1 84 0.370785714262
1 85 0.572578338518
1 86 0.350446562939
1 87 0.862492434235
1 88 0.840885129783
1 89 0.211674375123
1 90 0.765597103450
1 91 0.788247960887
1 92 0.475036628473
1 93 0.938841223400
1 94 0.398462335447
1 95 0.971370625875
1 96 0.740421735879
1 97 0.978167701765
1 98 0.232996249164
1 99 0.255236396930
2 0 0.785417529059
2 1 0.892160993405
2 2 0.426930824938
2 3 0.912286989672
2 4 0.288306217608
2 5 0.026072179217
2 6 0.891125202946
2 7 0.263202407553
2 8 0.456618162811
2 9 0.245047572755
2 10 0.361380673820
2 11 0.974100585239
2 12 0.744257543814
2 13 0.671337862371
2 14 0.971026060018
2 15 0.101655990475
2 16 0.130034996658
2 17 0.271839133318
2 18 0.276843623819
2 19 0.412359894590
2 20 0.860468550820
2 21 0.958343887989
2 22 0.081526774968
2 23 0.713255609924
2 24 0.340523994710
2 25 0.393757557605
2 26 0.224717869082
2 27 0.593969576680
2 28 0.929725656203
2 29 0.508376542037
2 30 0.657817721388
2 31 0.998479462207
2 32 0.166537042560
2 33 0.111933143602
2 34 0.006551060684
2 35 0.947121254626
2 36 0.549812117342
2 37 0.136420805945
2 38 0.645540856968
2 39 0.490853327929
2 40 0.690224285918
2 41 0.478634094829
2 42 0.999736318668
2 43 0.439318926804
2 44 0.852642344723
2 45 0.775519839266
2 46 0.777474168106
2 47 0.800606724712
2 48 0.717566590799
2 49 0.431467731460
2 50 0.405444598096
2 51 0.499394389697
2 52 0.930893989069
2 53 0.550389174527
2 54 0.250074700649
2 55 0.693792087490
2 56 0.320621296153
2 57 0.491816227795
2 58 0.888153216419
2 59 0.218278040432
2 60 0.328252629632
2 61 0.372446632324
2 62 0.317529197597
2 63 0.722201129802
2 64 0.723600746795
2 65 0.936398783794
2 66 0.488676883804
2 67 0.943787616866
2 68 0.701211671078
2 69 0.502086238119
2 70 0.074515065179
2 71 0.089032669227
2 72 0.140886693082
2 73 0.667684719558
2 74 0.026640171723
2 75 0.604810878103
2 76 0.510514843423
2 77 0.531842471371
2 78 0.087242695492
2 79 0.779640666606
2 80 0.133371549660
2 81 0.054756812620
2 82 0.352862105308
2 83 0.652527872801
2 84 0.635090829111
2 85 0.807745457655
2 86 0.725000429541
2 87 0.401615215160
2 88 0.121478799656
2 89 0.923485694006
2 90 0.270299598954
2 91 0.146916226784
2 92 0.975831895119
2 93 0.606417368956
2 94 0.093227492701
2 95 0.737005370619
2 96 0.129916125329
2 97 0.944644552739
2 98 0.104304256072
2 99 0.311255725878
3 0 0.492215330547
3 1 0.330850275144
3 2 0.868337099124
3 3 0.429307730031
3 4 0.574297882157
3 5 0.497272816955
3 6 0.296937587428
3 7 0.599752570400
3 8 0.819155735154
3 9 0.416423332750
3 10 0.129315995392
3 11 0.571285694219
3 12 0.055715328060
3 13 0.609558810210
3 14 0.502124662127
3 15 0.048483595326
3 16 0.122162471886
3 17 0.820691043315
3 18 0.741170537786
3 19 0.404126356135
3 20 0.700902509988
3 21 0.890368558334
3 22 0.999362651008
3 23 0.800306940200
3 24 0.515595853206
3 25 0.376136575190
3 26 0.977718134369
3 27 0.140110507056
3 28 0.728658518592
3 29 0.172425510935
3 30 0.266284605453
3 31 0.614690118523
3 32 0.176893494731
3 33 0.619301100365
3 34 0.895965820967
3 35 0.800346821630
3 36 0.569451901323
3 37 0.600778103485
3 38 0.363753210854
3 39 0.770676405817
3 40 0.116829517297
3 41 0.717446591375
3 42 0.196537622091
3 43 0.139746127789
3 44 0.673080798303
3 45 0.060152918157
3 46 0.896301100487
3 47 0.236657269633
3 48 0.718884497688
3 49 0.337820101342
3 50 0.798251769277
3 51 0.234761537397
3 52 0.514024205154
3 53 0.848395815022
3 54 0.812438366045
3 55 0.256501880482
3 56 0.510352339358
3 57 0.748520976082
3 58 0.719331237116
3 59 0.150287488215
3 60 0.066610336254
3 61 0.727112395827
3 62 0.240743828660
3 63 0.209629956170
3 64 0.848445055903
3 65 0.856048490355
3 66 0.937875890871
3 67 0.702725389349
3 68 0.195473217369
3 69 0.239767564241
3 70 0.350560682238
3 71 0.972975125874
3 72 0.541163806772
3 73 0.705473840889
3 74 0.837546052060
3 75 0.422414556745
3 76 0.581493541482
3 77 0.677150498135
3 78 0.323745042195
3 79 0.687238782256
3 80 0.465090835143
3 81 0.218042807272
3 82 0.386929389670
3 83 0.925412791090
3 84 0.604105159513
3 85 0.123359405796
3 86 0.070529377073
3 87 0.682789246459
3 88 0.064105203862
3 89 0.248208030653
3 90 0.950950670743
3 91 0.297527003116
3 92 0.453323456504
3 93 0.993294301668
3 94 0.668722475024
3 95 0.304438510950
3 96 0.270671552260
3 97 0.087385324760
3 98 0.806157576475
3 99 0.310441245275
4 0 0.737864720647
4 1 0.373902288815
4 2 0.291719618539
4 3 0.154714927810
4 4 0.053188780940
4 5 0.793173535039
4 6 0.596980483450
4 7 0.401162688522
4 8 0.096204577449
4 9 0.584816087424
4 10 0.351250431801
4 11 0.517221798379
4 12 0.908814600989
4 13 0.199785937170
4 14 0.684113548875
4 15 0.991607898536
4 16 0.868425822267
4 17 0.996717503337
4 18 0.456793037425
4 19 0.980497936616
4 20 0.779936312212
4 21 0.093224540980
4 22 0.854660269749
4 23 0.656324537773
4 24 0.447838722827
4 25 0.711430799063
4 26 0.234616029419
4 27 0.886131498312
4 28 0.633686721006
4 29 0.233069630748
4 30 0.091730387829
4 31 0.013448443980
4 32 0.477502778653
4 33 0.014974190691
4 34 0.280723754555
4 35 0.406626070375
4 36 0.160555686912
4 37 0.023382505474
4 38 0.304181556256
4 39 0.210074752653
4 40 0.769074857652
4 41 0.803265728174
4 42 0.620077054582
4 43 0.611521504103
4 44 0.301124204675
4 45 0.907043254713
4 46 0.387439714489
4 47 0.915890548537
4 48 0.685523453345
4 49 0.519724718706
4 50 0.337760829249
4 51 0.260502668263
4 52 0.403865650690
4 53 0.806542397355
4 54 0.191087752958
4 55 0.378295155798
4 56 0.329440223066
4 57 0.745878486387
4 58 0.077760971448
4 59 0.170800287093
4 60 0.719313773940
4 61 0.476521925379
4 62 0.539788469064
4 63 0.602143017473
4 64 0.675671189655
4 65 0.826473105849
4 66 0.877730133902
4 67 0.346665269928
4 68 0.963979061340
4 69 0.794873771304
4 70 0.256596323388
4 71 0.933448300557
4 72 0.576369460448
4 73 0.965074222759
4 74 0.811085973227
4 75 0.865173807228
4 76 0.530362505750
4 77 0.051893988082
4 78 0.928797422637
4 79 0.579129808315
4 80 0.505156451370
4 81 0.933892530963
4 82 0.053083769533
4 83 0.061892685520
4 84 0.509026039554
4 85 0.625798212486
4 86 0.176401532326
4 87 0.621450907098
4 88 0.078599939540
4 89 0.917509461801
4 90 0.254372207421
4 91 0.709373243552
4 92 0.778427109264
4 93 0.497489519437
4 94 0.972062527515
4 95 0.396850308815
4 96 0.595889608089
4 97 0.424843331972
4 98 0.890024427282
4 99 0.709103400993
0 0 4
0 1 7
0 2 10
0 3 10
0 4 6
0 5 7
0 6 8
0 7 7
0 8 7
0 9 3
0 10 9
0 11 10
0 12 7
0 13 10
0 14 9
0 15 7
0 16 8
0 17 9
0 18 10
0 19 4
0 20 9
0 21 7
0 22 10
0 23 6
0 24 5
0 25 3
0 26 4
0 27 7
0 28 4
0 29 9
0 30 7
0 31 11
0 32 3
0 33 9
0 34 3
0 35 10
0 36 5
0 37 6
0 38 8
0 39 7
0 40 7
0 41 5
0 42 3
0 43 9
0 44 10
0 45 3
0 46 3
0 47 11
0 48 9
0 49 5
0 50 7
0 51 8
0 52 9
0 53 5
0 54 7
0 55 9
0 56 8
0 57 9
0 58 7
0 59 5
0 60 10
0 61 6
0 62 11
0 63 10
0 64 9
0 65 8
0 66 9
0 67 8
0 68 10
0 69 8
0 70 9
0 71 3
0 72 9
0 73 9
0 74 8
0 75 11
0 76 6
0 77 8
0 78 7
0 79 10
0 80 8
0 81 10
0 82 5
0 83 9
0 84 11
0 85 5
0 86 8
0 87 4
0 88 9
0 89 11
0 90 6
0 91 4
0 92 9
0 93 10
0 94 5
0 95 9
0 96 4
0 97 9
0 98 4
0 99 5
1 0 3
1 1 8
1 2 11
1 3 11
1 4 6
1 5 9
1 6 10
1 7 6
1 8 7
1 9 5
1 10 8
1 11 9
1 12 8
1 13 10
1 14 8
1 15 8
1 16 7
1 17 8
1 18 8
1 19 3
1 20 9
1 21 7
1 22 10
1 23 5
1 24 6
1 25 3
1 26 4
1 27 7
1 28 3
1 29 11
1 30 6
1 31 9
1 32 3
1 33 7
1 34 4
1 35 10
1 36 5
1 37 7
1 38 8
1 39 8
1 40 7
1 41 7
1 42 5
1 43 7
1 44 9
1 45 4
1 46 3
1 47 11
1 48 9
1 49 7
1 50 8
1 51 8
1 52 11
1 53 4
1 54 9
1 55 9
1 56 7
1 57 9
1 58 5
1 59 6
1 60 8
1 61 6
1 62 10
1 63 9
1 64 9
1 65 10
1 66 10
1 67 9
1 68 11
1 69 10
1 70 10
1 71 5
1 72 11
1 73 10
1 74 9
1 75 10
1 76 7
1 77 9
1 78 9
1 79 8
1 80 8
1 81 8
1 82 3
1 83 9
1 84 9
1 85 5
1 86 10
1 87 5
1 88 8
1 89 10
1 90 6
1 91 4
1 92 10
1 93 9
1 94 5
1 95 8
1 96 5
1 97 10
1 98 5
1 99 5
2 0 7
2 1 11
2 2 12
2 3 12
2 4 9
2 5 11
2 6 10
2 7 9
2 8 9
2 9 6
2 10 11
2 11 12
2 12 9
2 13 11
2 14 10
2 15 8
2 16 9
2 17 11
2 18 11
2 19 5
2 20 11
2 21 9
2 22 10
2 23 6
2 24 6
2 25 6
2 26 7
2 27 9
2 28 7
2 29 13
2 30 8
2 31 11
2 32 6
2 33 11
2 34 7
2 35 11
2 36 5
2 37 10
2 38 11
2 39 10
2 40 9
2 41 9
2 42 5
2 43 10
2 44 12
2 45 6
2 46 5
2 47 12
2 48 10
2 49 9
2 50 9
2 51 9
2 52 12
2 53 7
2 54 10
2 55 10
2 56 9
2 57 10
2 58 8
2 59 6
2 60 11
2 61 7
2 62 12
2 63 12
2 64 13
2 65 11
2 66 11
2 67 12
2 68 12
2 69 12
2 70 11
2 71 5
2 72 11
2 73 12
2 74 9
2 75 12
2 76 8
2 77 9
2 78 10
2 79 12
2 80 11
2 81 12
2 82 6
2 83 12
2 84 13
2 85 6
2 86 11
2 87 5
2 88 11
2 89 12
2 90 9
2 91 8
2 92 11
2 93 11
2 94 5
2 95 11
2 96 6
2 97 11
2 98 5
2 99 5
3 0 5
3 1 9
3 2 10
3 3 10
3 4 8
3 5 9
3 6 10
3 7 5
3 8 5
3 9 4
3 10 7
3 11 9
3 12 9
3 13 10
3 14 8
3 15 6
3 16 7
3 17 8
3 18 9
3 19 4
3 20 9
3 21 8
3 22 10
3 23 6
3 24 4
3 25 3
3 26 5
3 27 8
3 28 4
3 29 10
3 30 7
3 31 9
3 32 5
3 33 7
3 34 4
3 35 10
3 36 4
3 37 6
3 38 9
3 39 8
3 40 5
3 41 7
3 42 5
3 43 7
3 44 11
3 45 4
3 46 5
3 47 9
3 48 7
3 49 6
3 50 8
3 51 7
3 52 11
3 53 5
3 54 9
3 55 8
3 56 7
3 57 8
3 58 7
3 59 4
3 60 9
3 61 5
3 62 10
3 63 10
3 64 11
3 65 8
3 66 10
3 67 10
3 68 9
3 69 9
3 70 11
3 71 3
3 72 11
3 73 11
3 74 9
3 75 9
3 76 7
3 77 8
3 78 8
3 79 8
3 80 8
3 81 10
3 82 3
3 83 10
3 84 11
3 85 6
3 86 10
3 87 5
3 88 9
3 89 10
3 90 6
3 91 5
3 92 10
3 93 8
3 94 4
3 95 7
3 96 4
3 97 10
3 98 4
3 99 3
4 0 7
4 1 9
4 2 13
4 3 13
4 4 10
4 5 11
4 6 11
4 7 8
4 8 8
4 9 6
4 10 9
4 11 13
4 12 10
4 13 12
4 14 11
4 15 10
4 16 10
4 17 10
4 18 11
4 19 7
4 20 11
4 21 10
4 22 10
4 23 6
4 24 6
4 25 6
4 26 6
4 27 9
4 28 6
4 29 12
4 30 10
4 31 12
4 32 7
4 33 9
4 34 6
4 35 11
4 36 6
4 37 10
4 38 11
4 39 9
4 40 8
4 41 8
4 42 6
4 43 10
4 44 12
4 45 6
4 46 5
4 47 12
4 48 9
4 49 8
4 50 9
4 51 10
4 52 12
4 53 6
4 54 11
4 55 10
4 56 9
4 57 10
4 58 8
4 59 6
4 60 10
4 61 8
4 62 13
4 63 12
4 64 13
4 65 12
4 66 13
4 67 12
4 68 13
4 69 12
4 70 13
4 71 5
4 72 13
4 73 13
4 74 11
4 75 13
4 76 10
4 77 10
4 78 11
4 79 10
4 80 12
4 81 12
4 82 7
4 83 11
4 84 12
4 85 8
4 86 12
4 87 6
4 88 11
4 89 12
4 90 8
4 91 6
4 92 13
4 93 11
4 94 6
4 95 10
4 96 7
4 97 12
4 98 7
4 99 6
