5 100 10 6 10.0 3.0 1.0 95
7 137 9
5 158 9
3 6 6
7 85 9
9 130 3
6 108 6
4 15 7
4 125 3
1 102 7
4 140 4
1 85 9
2 80 9
8 159 3
5 20 5
9 228 4
8 51 9
9 170 7
6 22 9
7 39 7
0 7 3
2 53 8
6 42 9
4 43 7
7 124 3
8 203 9
2 100 3
9 120 8
4 65 7
6 166 8
0 29 8
0 18 9
0 96 9
7 119 9
7 210 4
8 33 9
5 105 9
0 29 7
7 121 7
0 31 8
3 16 3
6 184 8
3 136 9
1 56 7
2 60 8
4 57 3
5 165 8
9 120 9
7 126 6
1 23 7
8 89 3
1 74 4
0 32 4
6 150 3
0 53 6
2 29 7
2 117 9
5 167 3
5 44 8
2 113 5
4 140 8
6 96 9
0 75 8
5 86 9
1 54 6
5 11 8
1 14 9
1 12 9
9 138 3
2 96 9
4 73 7
8 201 9
5 15 4
3 111 7
5 121 3
1 5 3
6 8 8
9 232 9
3 120 3
3 58 8
3 48 6
4 155 5
6 50 3
3 94 8
9 82 8
9 210 5
3 98 8
2 128 3
3 111 8
7 35 8
8 77 4
2 57 4
6 62 6
4 73 8
0 1 3
9 142 8
8 145 7
8 77 7
7 145 3
1 93 3
8 110 4
0 0 0.134605431445
0 1 0.598449538851
0 2 0.872015398424
0 3 0.070324393317
0 4 0.788931631620
0 5 0.897721359188
0 6 0.123415610306
0 7 0.504947960740
0 8 0.550157938824
0 9 0.414229570337
0 10 0.306579898672
0 11 0.972233576130
0 12 0.647988756763
0 13 0.117593798074
0 14 0.576908387925
0 15 0.614564755811
0 16 0.954244051230
0 17 0.783640759768
0 18 0.761445208898
0 19 0.210946888972
0 20 0.403610992308
0 21 0.954660058957
0 22 0.060479202728
0 23 0.377870755286
0 24 0.476000684504
0 25 0.269216855001
0 26 0.195095906950
0 27 0.138555145323
0 28 0.212993212833
0 29 0.001024154474
0 30 0.933449417911
0 31 0.363115064318
0 32 0.540024456692
0 33 0.347535631961
0 34 0.473207443879
0 35 0.762943924386
0 36 0.313977535023
0 37 0.921275901171
0 38 0.807643748504
0 39 0.903329603761
0 40 0.514671769927
0 41 0.363787934454
0 42 0.416114521909
0 43 0.778578756600
0 44 0.597234191692
0 45 0.637783477965
0 46 0.322872007725
0 47 0.407832968912
0 48 0.497314307874
0 49 0.304372833284
0 50 0.451389681652
0 51 0.015000820814
0 52 0.121733321591
0 53 0.633707178449
0 54 0.313117493039
0 55 0.354326120164
0 56 0.780597841007
0 57 0.865875653955
0 58 0.037935496605
0 59 0.148933314557
0 60 0.474655061528
0 61 0.274897470324
0 62 0.384178364373
0 63 0.801448998505
0 64 0.054096723621
0 65 0.021495139226
0 66 0.189221231142
0 67 0.379651829128
0 68 0.465030351475
0 69 0.871261939832
0 70 0.027893936199
0 71 0.814004736629
0 72 0.534904033816
0 73 0.456609936553
0 74 0.230369784199
0 75 0.491041175148
0 76 0.569576421557
0 77 0.435174240884
0 78 0.849951695295
0 79 0.478524976362
0 80 0.692567351844
0 81 0.384700185848
0 82 0.484622496534
0 83 0.698372780708
0 84 0.136907171166
0 85 0.808111783994
0 86 0.071678265118
0 87 0.026759559533
0 88 0.378657212440
0 89 0.379458803314
0 90 0.835006760172
0 91 0.585562743863
0 92 0.513483687664
0 93 0.034841475919
0 94 0.164045331875
0 95 0.032325065283
0 96 0.736052450378
0 97 0.519537195162
0 98 0.342782425041
0 99 0.020427236452
1 0 0.859708534092
1 1 0.120590421353
1 2 0.466607674273
1 3 0.123447931101
1 4 0.730379079014
1 5 0.065508015630
1 6 0.868872456896
1 7 0.811880379201
1 8 0.020368410089
1 9 0.328859558779
1 10 0.761095551344
1 11 0.667148863246
1 12 0.684049364155
1 13 0.653990236685
1 14 0.047058655156
1 15 0.088520050477
1 16 0.209373858704
1 17 0.754484740963
1 18 0.047353306825
1 19 0.233713228689
1 20 0.365838288531
1 21 0.242890780291
1 22 0.022919705003
1 23 0.998354168145
1 24 0.481064257050
1 25 0.073992973594
1 26 0.823268769658
1 27 0.738935432374
1 28 0.520672399169
1 29 0.026807456087
1 30 0.527407300248
1 31 0.744378730331
1 32 0.772650524195
1 33 0.336308830540
1 34 0.618994124126
1 35 0.851991114995
1 36 0.021942781190
1 37 0.018653532574
1 38 0.792483954612
1 39 0.192829321711
1 40 0.785932741821
1 41 0.805694655250
1 42 0.616194089653
1 43 0.355081071221
1 44 0.539452147677
1 45 0.181315718605
1 46 0.107413924388
1 47 0.026407999761
1 48 0.883697320205
1 49 0.689343549008
1 50 0.664270838411
1 51 0.625995763242
1 52 0.384553422253
1 53 0.491424856751
1 54 0.683448529890
1 55 0.329331718001
1 56 0.037731220647
1 57 0.452052068102
1 58 0.256899941100
1 59 0.192747478596
1 60 0.738609159470
1 61 0.503248566463
1 62 0.642746307505
1 63 0.962479881364
1 64 0.458786311664
1 65 0.347909925073
1 66 0.886633060011
1 67 0.219059362462
1 68 0.239219228169
1 69 0.104842436093
1 70 0.815853146753
1 71 0.435811396111
1 72 0.920268514941
1 73 0.146422419542
1 74 0.598897019244
1 75 0.934221303025
1 76 0.219053830560
1 77 0.830570187658
1 78 0.919302843349
1 79 0.123067638064
1 80 0.858006543361
1 81 0.608724492057
1 82 0.711534871885
1 83 0.899983748186
1 84 0.391599379252
1 85 0.232475550327
1 86 0.623922427974
1 87 0.695236263575
1 88 0.393742774388
1 89 0.070969877575
1 90 0.941462428521
1 91 0.180108494501
1 92 0.444246789085
1 93 0.078460516228
1 94 0.979717584964
1 95 0.421746166542
1 96 0.191673891928
1 97 0.915128812447
1 98 0.522916329793
1 99 0.368713036270
2 0 0.390996198973
2 1 0.349595761617
2 2 0.827569438255
2 3 0.063648545611
2 4 0.010602759565
2 5 0.010215219474
2 6 0.503690650893
2 7 0.171018774626
2 8 0.780789708155
2 9 0.198271005174
2 10 0.692761539746
2 11 0.334910955944
2 12 0.480270350898
2 13 0.351841918866
2 14 0.577636579453
2 15 0.350222755124
2 16 0.651957537700
2 17 0.730278036161
2 18 0.616949224035
2 19 0.320871054275
2 20 0.666832375313
2 21 0.993129681326
2 22 0.870134085641
2 23 0.033874872050
2 24 0.092164550433
2 25 0.463800571686
2 26 0.968827989537
2 27 0.994314214524
2 28 0.441088731130
2 29 0.686694057729
2 30 0.820092691984
2 31 0.114109922850
2 32 0.831488139258
2 33 0.553871237577
2 34 0.945589273884
2 35 0.801607645776
2 36 0.206369194048
2 37 0.578030227760
2 38 0.307414926637
2 39 0.035536789348
2 40 0.716769320340
2 41 0.255742353821
2 42 0.241892121414
2 43 0.671477824409
2 44 0.957842262664
2 45 0.500832049948
2 46 0.459021890499
2 47 0.486960213273
2 48 0.547461047754
2 49 0.432718989525
2 50 0.828024713567
2 51 0.514565586749
2 52 0.334405400660
2 53 0.540256685132
2 54 0.297223056598
2 55 0.564338457593
2 56 0.078480994015
2 57 0.310244942315
2 58 0.224895635215
2 59 0.781772116780
2 60 0.437176045299
2 61 0.564898628325
2 62 0.205756515050
2 63 0.843331868011
2 64 0.541637114816
2 65 0.457584701316
2 66 0.868447785372
2 67 0.469149715424
2 68 0.564719187065
2 69 0.740377951179
2 70 0.233676621357
2 71 0.014647154623
2 72 0.903596518982
2 73 0.152200882143
2 74 0.007479281582
2 75 0.022230053271
2 76 0.794394394237
2 77 0.463194413829
2 78 0.268506585916
2 79 0.239029043342
2 80 0.156436348597
2 81 0.871188533158
2 82 0.532988254689
2 83 0.032896524421
2 84 0.027489998388
2 85 0.296698455952
2 86 0.177509715980
2 87 0.323875579485
2 88 0.101929828975
2 89 0.115979405662
2 90 0.463224342246
2 91 0.678234941087
2 92 0.450249035869
2 93 0.260458992467
2 94 0.083987900247
2 95 0.558528165928
2 96 0.872012526277
2 97 0.342224477446
2 98 0.471982575837
2 99 0.706092142642
3 0 0.814188336912
3 1 0.124182326363
3 2 0.943611084701
3 3 0.634320966270
3 4 0.638668954133
3 5 0.955187320182
3 6 0.570960646863
3 7 0.342280601324
3 8 0.266345422845
3 9 0.432661337205
3 10 0.419429297999
3 11 0.457706890042
3 12 0.304248558533
3 13 0.796689916785
3 14 0.024489747450
3 15 0.549038789811
3 16 0.128297545500
3 17 0.104040205707
3 18 0.930159144087
3 19 0.139054461879
3 20 0.999181516528
3 21 0.084010293599
3 22 0.749069480119
3 23 0.464617414823
3 24 0.147523802893
3 25 0.380344612256
3 26 0.646025661478
3 27 0.561640856047
3 28 0.374080284672
3 29 0.336517329346
3 30 0.114282123614
3 31 0.882911264767
3 32 0.337591749217
3 33 0.941937598135
3 34 0.915232612340
3 35 0.719070092115
3 36 0.067813053068
3 37 0.979580066611
3 38 0.074377661709
3 39 0.126022022940
3 40 0.288391366096
3 41 0.861939233150
3 42 0.869359519432
3 43 0.011416068788
3 44 0.067600078974
3 45 0.366752213280
3 46 0.858248279437
3 47 0.692157756506
3 48 0.906967912521
3 49 0.781200678933
3 50 0.132918758735
3 51 0.877751951005
3 52 0.966672736709
3 53 0.226951537905
3 54 0.656406792168
3 55 0.757446790710
3 56 0.178930795382
3 57 0.405710081546
3 58 0.929153001868
3 59 0.947794306070
3 60 0.026784265668
3 61 0.100708924525
3 62 0.630504689815
3 63 0.358840423770
3 64 0.124697970276
3 65 0.688738124575
3 66 0.116419351383
3 67 0.933183316845
3 68 0.818989173700
3 69 0.697722437369
3 70 0.267565207022
3 71 0.283661089109
3 72 0.902576264983
3 73 0.091849826134
3 74 0.778205447163
3 75 0.702304976051
3 76 0.079767033066
3 77 0.621362678804
3 78 0.024521319989
3 79 0.357360365664
3 80 0.461316632781
3 81 0.408748556021
3 82 0.365654991101
3 83 0.369458985853
3 84 0.996254023172
3 85 0.156404473705
3 86 0.471174368985
3 87 0.612417233345
3 88 0.641018467469
3 89 0.898013313854
3 90 0.604172209451
3 91 0.902920341208
3 92 0.681306812593
3 93 0.008834617997
3 94 0.353326299514
3 95 0.351615027002
3 96 0.257285821892
3 97 0.917353474242
3 98 0.203058533933
3 99 0.404903932209
4 0 0.642293188553
4 1 0.558783253610
4 2 0.981694593310
4 3 0.893090006582
4 4 0.965994459623
4 5 0.445643051354
4 6 0.681775500333
4 7 0.219841226152
4 8 0.154225052466
4 9 0.319544817067
4 10 0.411757049606
4 11 0.919808845563
4 12 0.206274500949
4 13 0.815640495507
4 14 0.176631748539
4 15 0.697632014900
4 16 0.164116356890
4 17 0.627565543498
4 18 0.588359832152
4 19 0.315810882193
4 20 0.097196768952
4 21 0.089094941348
4 22 0.241336771773
4 23 0.151544934590
4 24 0.688221770409
4 25 0.717274322073
4 26 0.619393394456
4 27 0.481306821109
4 28 0.948792379159
4 29 0.514782665586
4 30 0.949338505375
4 31 0.216293524259
4 32 0.587848585736
4 33 0.635894250267
4 34 0.784884367034
4 35 0.157308213594
4 36 0.467544783648
4 37 0.243953006914
4 38 0.387872895417
4 39 0.397583937469
4 40 0.330982439283
4 41 0.737550949263
4 42 0.016645984769
4 43 0.381195724610
4 44 0.133788880008
4 45 0.331030573053
4 46 0.117971772615
4 47 0.041403983963
4 48 0.693720409108
4 49 0.234658383721
4 50 0.742569612399
4 51 0.316369666719
4 52 0.225362157574
4 53 0.071698501005
4 54 0.677007279342
4 55 0.048809610554
4 56 0.740396944410
4 57 0.589750259732
4 58 0.090779960279
4 59 0.838934197163
4 60 0.668088695092
4 61 0.557346620843
4 62 0.870552488100
4 63 0.779969269495
4 64 0.574236755102
4 65 0.299621153514
4 66 0.613503177912
4 67 0.427155243784
4 68 0.577386509014
4 69 0.464344739010
4 70 0.669453238653
4 71 0.465842126130
4 72 0.520966086591
4 73 0.053454343706
4 74 0.728686890692
4 75 0.039242397993
4 76 0.301034208609
4 77 0.838046117346
4 78 0.670959766120
4 79 0.724339859406
4 80 0.982033313911
4 81 0.986940904301
4 82 0.283250661909
4 83 0.970998669950
4 84 0.521511193232
4 85 0.298132654885
4 86 0.927803530858
4 87 0.357424376441
4 88 0.294096776860
4 89 0.457232442194
4 90 0.759411508491
4 91 0.320826951625
4 92 0.995723154374
4 93 0.553102323442
4 94 0.755774178977
4 95 0.523930736499
4 96 0.753454800347
4 97 0.235982702685
4 98 0.466140124741
4 99 0.929776988689
0 0 13
0 1 12
0 2 8
0 3 12
0 4 6
0 5 10
0 6 10
0 7 7
0 8 10
0 9 7
0 10 12
0 11 13
0 12 6
0 13 9
0 14 6
0 15 12
0 16 10
0 17 11
0 18 11
0 19 6
0 20 12
0 21 11
0 22 10
0 23 7
0 24 13
0 25 7
0 26 12
0 27 11
0 28 11
0 29 10
0 30 13
0 31 12
0 32 12
0 33 6
0 34 12
0 35 13
0 36 10
0 37 10
0 38 12
0 39 6
0 40 10
0 41 12
0 42 10
0 43 10
0 44 6
0 45 11
0 46 13
0 47 8
0 48 11
0 49 7
0 50 7
0 51 6
0 52 6
0 53 9
0 54 10
0 55 12
0 56 7
0 57 10
0 58 8
0 59 12
0 60 12
0 61 11
0 62 12
0 63 9
0 64 10
0 65 12
0 66 11
0 67 5
0 68 13
0 69 9
0 70 13
0 71 6
0 72 11
0 73 7
0 74 7
0 75 12
0 76 12
0 77 5
0 78 11
0 79 8
0 80 8
0 81 5
0 82 11
0 83 10
0 84 9
0 85 10
0 86 5
0 87 12
0 88 10
0 89 8
0 90 8
0 91 9
0 92 10
0 93 7
0 94 10
0 95 9
0 96 10
0 97 7
0 98 7
0 99 6
1 0 12
1 1 12
1 2 9
1 3 12
1 4 5
1 5 9
1 6 11
1 7 6
1 8 11
1 9 7
1 10 11
1 11 13
1 12 5
1 13 8
1 14 7
1 15 12
1 16 10
1 17 13
1 18 11
1 19 5
1 20 11
1 21 11
1 22 11
1 23 6
1 24 13
1 25 6
1 26 11
1 27 10
1 28 11
1 29 11
1 30 11
1 31 13
1 32 11
1 33 6
1 34 11
1 35 11
1 36 9
1 37 11
1 38 12
1 39 6
1 40 10
1 41 12
1 42 10
1 43 12
1 44 5
1 45 11
1 46 13
1 47 9
1 48 11
1 49 6
1 50 7
1 51 7
1 52 5
1 53 8
1 54 9
1 55 11
1 56 5
1 57 10
1 58 8
1 59 10
1 60 11
1 61 12
1 62 11
1 63 10
1 64 11
1 65 13
1 66 12
1 67 5
1 68 13
1 69 9
1 70 13
1 71 6
1 72 11
1 73 5
1 74 6
1 75 12
1 76 13
1 77 5
1 78 12
1 79 9
1 80 7
1 81 5
1 82 12
1 83 12
1 84 8
1 85 11
1 86 5
1 87 10
1 88 12
1 89 8
1 90 8
1 91 9
1 92 10
1 93 6
1 94 12
1 95 10
1 96 10
1 97 6
1 98 7
1 99 7
2 0 13
2 1 13
2 2 9
2 3 13
2 4 7
2 5 10
2 6 9
2 7 5
2 8 9
2 9 8
2 10 13
2 11 13
2 12 6
2 13 9
2 14 6
2 15 13
2 16 10
2 17 13
2 18 10
2 19 7
2 20 11
2 21 11
2 22 9
2 23 6
2 24 13
2 25 6
2 26 11
2 27 10
2 28 10
2 29 11
2 30 11
2 31 12
2 32 11
2 33 8
2 34 11
2 35 11
2 36 9
2 37 9
2 38 12
2 39 6
2 40 12
2 41 11
2 42 9
2 43 10
2 44 7
2 45 11
2 46 12
2 47 10
2 48 11
2 49 5
2 50 8
2 51 7
2 52 5
2 53 9
2 54 9
2 55 13
2 56 5
2 57 11
2 58 9
2 59 12
2 60 13
2 61 10
2 62 13
2 63 9
2 64 10
2 65 12
2 66 12
2 67 5
2 68 12
2 69 11
2 70 11
2 71 6
2 72 10
2 73 6
2 74 6
2 75 11
2 76 13
2 77 7
2 78 11
2 79 8
2 80 9
2 81 5
2 82 12
2 83 10
2 84 9
2 85 10
2 86 5
2 87 11
2 88 10
2 89 7
2 90 8
2 91 10
2 92 12
2 93 6
2 94 12
2 95 11
2 96 11
2 97 6
2 98 7
2 99 8
3 0 12
3 1 12
3 2 9
3 3 12
3 4 7
3 5 10
3 6 10
3 7 7
3 8 11
3 9 7
3 10 11
3 11 13
3 12 6
3 13 8
3 14 6
3 15 12
3 16 10
3 17 12
3 18 11
3 19 7
3 20 10
3 21 13
3 22 11
3 23 7
3 24 12
3 25 6
3 26 12
3 27 10
3 28 11
3 29 12
3 30 11
3 31 13
3 32 12
3 33 6
3 34 12
3 35 11
3 36 9
3 37 10
3 38 12
3 39 5
3 40 10
3 41 12
3 42 11
3 43 12
3 44 6
3 45 10
3 46 12
3 47 10
3 48 10
3 49 7
3 50 8
3 51 6
3 52 7
3 53 10
3 54 9
3 55 11
3 56 7
3 57 11
3 58 9
3 59 11
3 60 11
3 61 10
3 62 12
3 63 10
3 64 12
3 65 13
3 66 13
3 67 5
3 68 13
3 69 10
3 70 12
3 71 7
3 72 9
3 73 7
3 74 7
3 75 11
3 76 12
3 77 5
3 78 12
3 79 9
3 80 8
3 81 6
3 82 11
3 83 11
3 84 7
3 85 11
3 86 6
3 87 10
3 88 10
3 89 6
3 90 6
3 91 8
3 92 12
3 93 5
3 94 11
3 95 9
3 96 11
3 97 6
3 98 6
3 99 7
4 0 9
4 1 9
4 2 6
4 3 9
4 4 3
4 5 8
4 6 7
4 7 3
4 8 7
4 9 6
4 10 9
4 11 9
4 12 4
4 13 6
4 14 5
4 15 9
4 16 7
4 17 9
4 18 7
4 19 3
4 20 9
4 21 11
4 22 9
4 23 4
4 24 9
4 25 4
4 26 9
4 27 9
4 28 9
4 29 8
4 30 11
4 31 10
4 32 11
4 33 6
4 34 9
4 35 11
4 36 8
4 37 9
4 38 10
4 39 5
4 40 8
4 41 10
4 42 8
4 43 9
4 44 5
4 45 10
4 46 9
4 47 6
4 48 7
4 49 3
4 50 6
4 51 4
4 52 5
4 53 6
4 54 8
4 55 10
4 56 5
4 57 10
4 58 6
4 59 9
4 60 9
4 61 8
4 62 10
4 63 8
4 64 10
4 65 9
4 66 11
4 67 3
4 68 10
4 69 7
4 70 9
4 71 5
4 72 9
4 73 4
4 74 5
4 75 9
4 76 11
4 77 5
4 78 8
4 79 6
4 80 7
4 81 5
4 82 8
4 83 10
4 84 5
4 85 9
4 86 5
4 87 10
4 88 8
4 89 6
4 90 4
4 91 6
4 92 8
4 93 4
4 94 9
4 95 8
4 96 7
4 97 5
4 98 4
4 99 4
