5 100 10 6 10.0 3.0 1.0 95
3 64 3
6 184 3
1 91 9
9 42 7
0 63 3
0 40 7
8 23 8
7 54 3
5 42 9
5 103 5
1 51 3
0 51 7
4 90 3
3 69 4
2 132 7
0 60 6
2 84 9
6 138 9
2 60 3
9 152 7
8 168 7
4 30 9
4 85 8
9 65 9
5 161 7
2 19 7
4 110 5
7 13 9
0 70 4
1 71 7
8 166 9
7 121 8
4 112 8
6 154 6
7 210 7
1 7 8
3 123 7
7 22 9
3 46 7
8 196 3
9 70 4
7 37 4
8 119 8
8 105 3
2 93 7
9 28 7
2 7 7
6 32 8
5 51 9
6 74 9
5 134 3
4 117 3
2 57 5
1 74 8
4 23 7
7 130 4
7 102 7
3 20 7
4 160 6
6 74 8
8 189 8
5 180 7
4 117 9
6 170 6
5 148 9
3 26 5
9 192 7
0 10 9
9 72 9
6 122 3
2 69 8
5 136 5
1 50 8
0 95 8
2 131 6
0 29 3
1 75 5
9 25 3
2 72 3
1 26 7
9 150 3
3 80 3
6 122 9
5 22 3
8 112 4
8 145 6
3 42 7
0 20 9
1 8 3
7 20 7
9 20 4
8 91 9
5 123 7
3 102 7
1 54 6
7 91 3
0 50 9
6 118 7
3 66 7
4 107 8
0 0 0.910439510932
0 1 0.346926115329
0 2 0.623915480063
0 3 0.681998031318
0 4 0.147410404374
0 5 0.640125472652
0 6 0.587720257489
0 7 0.230155472480
0 8 0.178733153531
0 9 0.008906337525
0 10 0.267284577885
0 11 0.722355479859
0 12 0.727356564983
0 13 0.291165332982
0 14 0.185145088245
0 15 0.600503741596
0 16 0.606798439038
0 17 0.550713085984
0 18 0.782362654801
0 19 0.714531932278
0 20 0.037529485038
0 21 0.905560088849
0 22 0.359126040401
0 23 0.161198804556
0 24 0.192983995775
0 25 0.531138177302
0 26 0.839880694799
0 27 0.440534273224
0 28 0.815644932138
0 29 0.661329544722
0 30 0.659936358203
0 31 0.352585888723
0 32 0.609493583106
0 33 0.482117018554
0 34 0.289662919118
0 35 0.736929527389
0 36 0.573999037854
0 37 0.993061164062
0 38 0.767014576123
0 39 0.334633503455
0 40 0.348660396094
0 41 0.080967822845
0 42 0.547729092598
0 43 0.019257560301
0 44 0.552819045025
0 45 0.663759347529
0 46 0.341731471368
0 47 0.368072387622
0 48 0.392212767477
0 49 0.092783216306
0 50 0.129423362581
0 51 0.248064712769
0 52 0.599053904733
0 53 0.270793771101
0 54 0.168891978946
0 55 0.001529013225
0 56 0.135658877709
0 57 0.805363930793
0 58 0.045075083500
0 59 0.660759498135
0 60 0.778403844530
0 61 0.019922628016
0 62 0.016677428059
0 63 0.259191348281
0 64 0.602902132250
0 65 0.969653000399
0 66 0.772145458935
0 67 0.850058081449
0 68 0.945701967522
0 69 0.505582735691
0 70 0.527140154677
0 71 0.361629668722
0 72 0.703066982239
0 73 0.733439361340
0 74 0.285957661986
0 75 0.355188119245
0 76 0.340488393507
0 77 0.300856311118
0 78 0.270050108295
0 79 0.453535759996
0 80 0.243677511165
0 81 0.851654219952
0 82 0.679738160514
0 83 0.051895513268
0 84 0.339646290956
0 85 0.568733225777
0 86 0.945782365523
0 87 0.929612002284
0 88 0.214305979717
0 89 0.949142420206
0 90 0.540266262941
0 91 0.892154685370
0 92 0.392713639515
0 93 0.120049658221
0 94 0.045462211395
0 95 0.705391499241
0 96 0.744900183825
0 97 0.026925791832
0 98 0.599581277565
0 99 0.590459008864
1 0 0.212683933663
1 1 0.372096612844
1 2 0.472039921732
1 3 0.712621765756
1 4 0.207174636973
1 5 0.097913789015
1 6 0.729063897679
1 7 0.016935199855
1 8 0.275706770671
1 9 0.283646575545
1 10 0.939167411452
1 11 0.252146340005
1 12 0.397435134996
1 13 0.991529791423
1 14 0.414280344199
1 15 0.055361234642
1 16 0.072962649031
1 17 0.294238156612
1 18 0.558465435846
1 19 0.173759998889
1 20 0.256427372349
1 21 0.509000325827
1 22 0.045557038785
1 23 0.855325667602
1 24 0.245182412923
1 25 0.197739705954
1 26 0.926025839833
1 27 0.600452736259
1 28 0.893798263794
1 29 0.052308529348
1 30 0.533371818833
1 31 0.840591808528
1 32 0.308495581985
1 33 0.132851529062
1 34 0.656523517534
1 35 0.933143829019
1 36 0.949522264260
1 37 0.235540751674
1 38 0.504929909405
1 39 0.258287100460
1 40 0.096039639744
1 41 0.210138820430
1 42 0.912021372105
1 43 0.320434864236
1 44 0.965868283555
1 45 0.680431879515
1 46 0.443852529881
1 47 0.492478849750
1 48 0.167048497167
1 49 0.157466243449
1 50 0.783769884770
1 51 0.707435431171
1 52 0.301947196466
1 53 0.429720385850
1 54 0.537310925579
1 55 0.121714652071
1 56 0.243469102258
1 57 0.292539052481
1 58 0.010347702845
1 59 0.019295838650
1 60 0.744929101192
1 61 0.810953727383
1 62 0.451199053152
1 63 0.317824921547
1 64 0.264640440248
1 65 0.662251914345
1 66 0.914406405358
1 67 0.408347799691
1 68 0.643911154340
1 69 0.756559910188
1 70 0.453139317791
1 71 0.285628190576
1 72 0.756740262784
1 73 0.227330107167
1 74 0.642809921983
1 75 0.144772215713
1 76 0.037024146926
1 77 0.832704714482
1 78 0.086873129947
1 79 0.152963430148
1 80 0.202755727815
1 81 0.789502334990
1 82 0.238146021359
1 83 0.141511127879
1 84 0.768296834029
1 85 0.489222185415
1 86 0.746845896527
1 87 0.848164418700
1 88 0.449162723315
1 89 0.306045788168
1 90 0.974560330852
1 91 0.805457498143
1 92 0.124468795880
1 93 0.451421495011
1 94 0.056589465248
1 95 0.025208680722
1 96 0.314934031520
1 97 0.035295400641
1 98 0.562505279278
1 99 0.073807734968
2 0 0.267228746075
2 1 0.271902986544
2 2 0.642942776162
2 3 0.158649954920
2 4 0.917003826401
2 5 0.817610819982
2 6 0.815749489875
2 7 0.785153059318
2 8 0.747083290949
2 9 0.387519316433
2 10 0.216212562378
2 11 0.670223761699
2 12 0.053554594966
2 13 0.736817922716
2 14 0.254445208653
2 15 0.693061164036
2 16 0.726715683435
2 17 0.466957628528
2 18 0.711714633527
2 19 0.329212768816
2 20 0.977216356322
2 21 0.916337260292
2 22 0.610940152395
2 23 0.493651128729
2 24 0.393128968126
2 25 0.085422583174
2 26 0.209307810793
2 27 0.586935817335
2 28 0.267000386834
2 29 0.258953105905
2 30 0.369826736109
2 31 0.649010166143
2 32 0.568874755105
2 33 0.775093713586
2 34 0.891223966173
2 35 0.296751026876
2 36 0.755428401123
2 37 0.246597909721
2 38 0.869042106342
2 39 0.274612847362
2 40 0.311396429437
2 41 0.438174843686
2 42 0.904804806797
2 43 0.388151778648
2 44 0.952117613649
2 45 0.319291552497
2 46 0.776129947470
2 47 0.029471981564
2 48 0.015190451383
2 49 0.823646158586
2 50 0.173848957094
2 51 0.661062156103
2 52 0.728086579959
2 53 0.878500318310
2 54 0.477091052977
2 55 0.657196051056
2 56 0.465642734728
2 57 0.540580776818
2 58 0.773046202296
2 59 0.144007230065
2 60 0.518920086023
2 61 0.545672337708
2 62 0.236995998409
2 63 0.727117215055
2 64 0.772386492003
2 65 0.402828843787
2 66 0.444959725462
2 67 0.155362009501
2 68 0.046366528507
2 69 0.743380489563
2 70 0.526880032551
2 71 0.888241597034
2 72 0.635027459101
2 73 0.021198313192
2 74 0.035441793997
2 75 0.737605006013
2 76 0.348990035456
2 77 0.040492460642
2 78 0.250918840178
2 79 0.816041965928
2 80 0.077248127878
2 81 0.156208875047
2 82 0.697572472119
2 83 0.327740408474
2 84 0.251378733589
2 85 0.963106988000
2 86 0.961258016503
2 87 0.896823389367
2 88 0.292221087797
2 89 0.541327422291
2 90 0.923226449702
2 91 0.956429981843
2 92 0.704982648115
2 93 0.658797997599
2 94 0.893501715762
2 95 0.636827668547
2 96 0.944650679834
2 97 0.720426621748
2 98 0.562518681477
2 99 0.572594985299
3 0 0.642064402146
3 1 0.565813350568
3 2 0.246480343053
3 3 0.234489351818
3 4 0.851037126615
3 5 0.237871231208
3 6 0.822587165881
3 7 0.109962370992
3 8 0.523893097510
3 9 0.516241388292
3 10 0.243710454127
3 11 0.612376947292
3 12 0.140362655218
3 13 0.190629870206
3 14 0.294688641898
3 15 0.312268528174
3 16 0.261291032784
3 17 0.331309030518
3 18 0.891551264891
3 19 0.242378863644
3 20 0.745685204403
3 21 0.368017429392
3 22 0.680381391396
3 23 0.928039286533
3 24 0.235671121392
3 25 0.571827743306
3 26 0.769463241773
3 27 0.627884809020
3 28 0.008917572857
3 29 0.561671864861
3 30 0.937474050218
3 31 0.293813643825
3 32 0.919522440610
3 33 0.797738917521
3 34 0.412468773742
3 35 0.786566069103
3 36 0.000476355326
3 37 0.545541275001
3 38 0.248988771704
3 39 0.412184363996
3 40 0.097471557679
3 41 0.699232238340
3 42 0.773012762285
3 43 0.780290459038
3 44 0.989083548738
3 45 0.411265932963
3 46 0.987315347669
3 47 0.886891385542
3 48 0.548844218621
3 49 0.402218847502
3 50 0.599445556254
3 51 0.059825286463
3 52 0.302084996198
3 53 0.506321465323
3 54 0.063004729540
3 55 0.315507988442
3 56 0.384315891205
3 57 0.789095324667
3 58 0.689202535113
3 59 0.320391520218
3 60 0.471368982652
3 61 0.633321989826
3 62 0.120549273355
3 63 0.654560478433
3 64 0.641037212838
3 65 0.732958485146
3 66 0.991713367899
3 67 0.275876333036
3 68 0.159181679128
3 69 0.490590282060
3 70 0.628942896778
3 71 0.977567898703
3 72 0.651936964521
3 73 0.708325223491
3 74 0.087283178951
3 75 0.389610333233
3 76 0.989500469704
3 77 0.832647971411
3 78 0.684587659017
3 79 0.155599335619
3 80 0.694475233726
3 81 0.023228246742
3 82 0.065740307172
3 83 0.540393229062
3 84 0.153222048066
3 85 0.850488080901
3 86 0.136535378010
3 87 0.995156943043
3 88 0.724712809028
3 89 0.880736218829
3 90 0.571596911996
3 91 0.376197570100
3 92 0.827149827852
3 93 0.291940693415
3 94 0.527539154479
3 95 0.037581072699
3 96 0.570163250419
3 97 0.756188786138
3 98 0.039771556651
3 99 0.397651202104
4 0 0.790821768764
4 1 0.060809955262
4 2 0.028919032824
4 3 0.261035951850
4 4 0.568829660826
4 5 0.657796085886
4 6 0.107293774846
4 7 0.851630848800
4 8 0.915174690180
4 9 0.734838541621
4 10 0.687719761993
4 11 0.806272995046
4 12 0.784600440112
4 13 0.864881110167
4 14 0.785162335191
4 15 0.196332283054
4 16 0.900417720053
4 17 0.217740554014
4 18 0.634900305970
4 19 0.391554850124
4 20 0.479101560211
4 21 0.630810916806
4 22 0.803334886479
4 23 0.583140750417
4 24 0.518550331458
4 25 0.392137997955
4 26 0.470716035373
4 27 0.691014564888
4 28 0.732936648629
4 29 0.421261827389
4 30 0.671016052458
4 31 0.579739631177
4 32 0.677882131387
4 33 0.083770458483
4 34 0.772017972865
4 35 0.366144335346
4 36 0.946381966193
4 37 0.064942457523
4 38 0.261857403790
4 39 0.647315494860
4 40 0.396874517950
4 41 0.981413531303
4 42 0.198867700595
4 43 0.559917986486
4 44 0.194389331648
4 45 0.829449208321
4 46 0.779365007202
4 47 0.397056878404
4 48 0.850751217705
4 49 0.862119139753
4 50 0.415477682197
4 51 0.840194908837
4 52 0.811618944876
4 53 0.925566570731
4 54 0.574873075218
4 55 0.570219916847
4 56 0.054918721885
4 57 0.331200929169
4 58 0.582678726174
4 59 0.329127101278
4 60 0.961219753075
4 61 0.924502806617
4 62 0.020646626759
4 63 0.594714230004
4 64 0.319110890253
4 65 0.984775319639
4 66 0.937104999046
4 67 0.969881941915
4 68 0.798180647748
4 69 0.309301156742
4 70 0.971580159954
4 71 0.263730710704
4 72 0.824926059374
4 73 0.117817864488
4 74 0.316368680313
4 75 0.053843597259
4 76 0.783362242363
4 77 0.619432522659
4 78 0.945635114557
4 79 0.915713969286
4 80 0.928357263127
4 81 0.761793722200
4 82 0.599828085496
4 83 0.892453869785
4 84 0.512477804823
4 85 0.027824348237
4 86 0.910079688831
4 87 0.777336226657
4 88 0.261035327534
4 89 0.599709787426
4 90 0.881007396677
4 91 0.857312366536
4 92 0.734961692666
4 93 0.907460821582
4 94 0.977129156993
4 95 0.053280972723
4 96 0.763287212156
4 97 0.732022790704
4 98 0.541631561730
4 99 0.309907412518
0 0 6
0 1 6
0 2 13
0 3 12
0 4 6
0 5 12
0 6 12
0 7 6
0 8 14
0 9 10
0 10 8
0 11 10
0 12 8
0 13 9
0 14 10
0 15 10
0 16 13
0 17 14
0 18 6
0 19 11
0 20 10
0 21 12
0 22 11
0 23 13
0 24 10
0 25 10
0 26 8
0 27 12
0 28 7
0 29 11
0 30 13
0 31 11
0 32 11
0 33 11
0 34 11
0 35 12
0 36 12
0 37 13
0 38 12
0 39 7
0 40 8
0 41 8
0 42 12
0 43 7
0 44 10
0 45 10
0 46 10
0 47 11
0 48 12
0 49 13
0 50 7
0 51 8
0 52 9
0 53 12
0 54 12
0 55 9
0 56 12
0 57 10
0 58 10
0 59 12
0 60 11
0 61 12
0 62 13
0 63 10
0 64 14
0 65 8
0 66 10
0 67 12
0 68 13
0 69 6
0 70 13
0 71 9
0 72 11
0 73 11
0 74 11
0 75 6
0 76 10
0 77 8
0 78 7
0 79 11
0 80 6
0 81 7
0 82 13
0 83 8
0 84 7
0 85 9
0 86 11
0 87 12
0 88 8
0 89 12
0 90 8
0 91 12
0 92 12
0 93 12
0 94 9
0 95 7
0 96 12
0 97 10
0 98 12
0 99 13
1 0 5
1 1 5
1 2 12
1 3 8
1 4 4
1 5 8
1 6 11
1 7 6
1 8 11
1 9 8
1 10 5
1 11 10
1 12 5
1 13 6
1 14 8
1 15 9
1 16 10
1 17 11
1 18 4
1 19 10
1 20 10
1 21 10
1 22 9
1 23 10
1 24 8
1 25 9
1 26 7
1 27 11
1 28 6
1 29 10
1 30 10
1 31 11
1 32 10
1 33 7
1 34 8
1 35 9
1 36 8
1 37 10
1 38 9
1 39 6
1 40 5
1 41 7
1 42 9
1 43 6
1 44 10
1 45 9
1 46 9
1 47 9
1 48 10
1 49 11
1 50 6
1 51 4
1 52 7
1 53 10
1 54 8
1 55 5
1 56 9
1 57 8
1 58 8
1 59 10
1 60 11
1 61 9
1 62 10
1 63 8
1 64 11
1 65 8
1 66 10
1 67 10
1 68 11
1 69 4
1 70 11
1 71 8
1 72 9
1 73 9
1 74 8
1 75 6
1 76 8
1 77 4
1 78 4
1 79 10
1 80 6
1 81 5
1 82 11
1 83 4
1 84 7
1 85 8
1 86 9
1 87 11
1 88 4
1 89 10
1 90 5
1 91 11
1 92 9
1 93 10
1 94 7
1 95 5
1 96 12
1 97 10
1 98 8
1 99 11
2 0 5
2 1 3
2 2 10
2 3 7
2 4 4
2 5 9
2 6 9
2 7 4
2 8 11
2 9 6
2 10 5
2 11 9
2 12 4
2 13 5
2 14 9
2 15 8
2 16 10
2 17 11
2 18 5
2 19 9
2 20 8
2 21 11
2 22 8
2 23 11
2 24 9
2 25 7
2 26 7
2 27 10
2 28 4
2 29 9
2 30 9
2 31 10
2 32 9
2 33 7
2 34 8
2 35 10
2 36 7
2 37 9
2 38 8
2 39 5
2 40 5
2 41 6
2 42 9
2 43 3
2 44 9
2 45 8
2 46 9
2 47 10
2 48 10
2 49 11
2 50 4
2 51 5
2 52 5
2 53 10
2 54 9
2 55 4
2 56 8
2 57 7
2 58 6
2 59 8
2 60 8
2 61 7
2 62 11
2 63 6
2 64 11
2 65 6
2 66 9
2 67 9
2 68 9
2 69 3
2 70 9
2 71 5
2 72 9
2 73 10
2 74 7
2 75 4
2 76 7
2 77 5
2 78 3
2 79 8
2 80 5
2 81 3
2 82 9
2 83 4
2 84 4
2 85 6
2 86 9
2 87 10
2 88 3
2 89 9
2 90 5
2 91 9
2 92 7
2 93 7
2 94 7
2 95 4
2 96 11
2 97 7
2 98 8
2 99 9
3 0 6
3 1 5
3 2 11
3 3 9
3 4 7
3 5 10
3 6 10
3 7 5
3 8 13
3 9 9
3 10 7
3 11 11
3 12 6
3 13 7
3 14 11
3 15 9
3 16 11
3 17 12
3 18 6
3 19 10
3 20 11
3 21 13
3 22 10
3 23 11
3 24 11
3 25 10
3 26 9
3 27 11
3 28 7
3 29 11
3 30 11
3 31 10
3 32 10
3 33 8
3 34 11
3 35 10
3 36 11
3 37 11
3 38 11
3 39 6
3 40 7
3 41 6
3 42 10
3 43 6
3 44 10
3 45 9
3 46 11
3 47 10
3 48 12
3 49 12
3 50 7
3 51 6
3 52 9
3 53 11
3 54 10
3 55 7
3 56 11
3 57 9
3 58 10
3 59 10
3 60 11
3 61 10
3 62 11
3 63 10
3 64 11
3 65 7
3 66 10
3 67 12
3 68 11
3 69 5
3 70 10
3 71 8
3 72 11
3 73 10
3 74 9
3 75 5
3 76 7
3 77 6
3 78 5
3 79 11
3 80 6
3 81 5
3 82 12
3 83 7
3 84 8
3 85 8
3 86 9
3 87 13
3 88 6
3 89 9
3 90 8
3 91 11
3 92 10
3 93 9
3 94 8
3 95 5
3 96 12
3 97 10
3 98 9
3 99 10
4 0 7
4 1 7
4 2 14
4 3 10
4 4 8
4 5 11
4 6 12
4 7 8
4 8 14
4 9 9
4 10 6
4 11 12
4 12 6
4 13 8
4 14 12
4 15 9
4 16 13
4 17 13
4 18 8
4 19 12
4 20 12
4 21 14
4 22 11
4 23 14
4 24 11
4 25 11
4 26 9
4 27 12
4 28 8
4 29 12
4 30 13
4 31 13
4 32 11
4 33 11
4 34 11
4 35 11
4 36 10
4 37 13
4 38 10
4 39 8
4 40 8
4 41 9
4 42 12
4 43 6
4 44 10
4 45 10
4 46 10
4 47 11
4 48 13
4 49 12
4 50 6
4 51 6
4 52 8
4 53 13
4 54 10
4 55 8
4 56 10
4 57 12
4 58 11
4 59 11
4 60 13
4 61 10
4 62 12
4 63 10
4 64 12
4 65 9
4 66 12
4 67 12
4 68 13
4 69 8
4 70 13
4 71 10
4 72 12
4 73 11
4 74 9
4 75 8
4 76 9
4 77 8
4 78 7
4 79 11
4 80 6
4 81 8
4 82 12
4 83 8
4 84 9
4 85 10
4 86 11
4 87 13
4 88 7
4 89 10
4 90 7
4 91 12
4 92 11
4 93 10
4 94 11
4 95 7
4 96 12
4 97 11
4 98 12
4 99 12
