5 100 10 6 10.0 3.0 1.0 95
9 25 3
9 5 9
3 144 8
1 30 8
9 118 3
5 88 8
9 68 5
2 131 8
6 112 3
6 44 7
1 46 5
2 16 6
3 27 8
8 23 9
4 37 9
6 124 6
9 60 8
2 33 3
7 189 3
8 170 3
4 50 8
6 162 3
0 40 3
7 184 7
4 108 3
5 40 3
8 89 9
6 132 9
3 32 7
3 126 7
0 32 3
4 8 9
3 87 7
2 104 8
5 174 8
5 121 3
1 82 8
0 22 8
5 4 8
8 19 3
1 78 9
6 38 8
9 72 9
8 77 7
8 35 4
2 16 6
6 54 9
8 121 9
7 171 7
7 171 5
0 17 5
3 96 3
3 58 6
3 54 7
6 114 8
5 117 9
5 128 6
7 56 7
9 152 6
1 76 3
8 44 9
4 118 9
7 24 9
0 67 6
2 1 9
0 87 7
2 67 8
4 48 9
9 65 9
7 28 3
7 210 5
6 166 4
8 47 8
4 50 5
2 47 8
4 38 7
0 15 8
1 66 7
2 123 9
0 75 7
9 182 8
0 21 7
4 155 4
5 154 7
7 63 9
1 96 3
1 49 4
3 10 6
6 118 9
5 176 6
1 79 9
0 15 7
3 33 3
7 48 9
5 72 8
1 10 8
2 23 3
4 35 3
8 135 6
9 208 8
0 0 0.095931751200
0 1 0.504535256268
0 2 0.684534567685
0 3 0.878992166267
0 4 0.391851216595
0 5 0.649247958574
0 6 0.324579478909
0 7 0.250244525911
0 8 0.954476401550
0 9 0.501723379620
0 10 0.003453750117
0 11 0.169066407359
0 12 0.664793531070
0 13 0.281154781316
0 14 0.691080596203
0 15 0.130660299561
0 16 0.238880287013
0 17 0.735287224617
0 18 0.872943546204
0 19 0.980008055527
0 20 0.074518229007
0 21 0.326284365320
0 22 0.728731827612
0 23 0.134001872287
0 24 0.560814527637
0 25 0.862553400612
0 26 0.664695452841
0 27 0.032614966077
0 28 0.784454513419
0 29 0.108885861038
0 30 0.477119561790
0 31 0.624092380904
0 32 0.004303136087
0 33 0.026086286617
0 34 0.101793729408
0 35 0.630514299110
0 36 0.802692495488
0 37 0.919705529469
0 38 0.367897155159
0 39 0.306348579917
0 40 0.676155872967
0 41 0.914104373321
0 42 0.030055858470
0 43 0.523336299366
0 44 0.856368642755
0 45 0.915209864701
0 46 0.489445985252
0 47 0.600836573032
0 48 0.560955272512
0 49 0.999490483874
0 50 0.265115026985
0 51 0.080494430366
0 52 0.726476514308
0 53 0.718535336326
0 54 0.757110764478
0 55 0.350497384902
0 56 0.800521031277
0 57 0.227128473688
0 58 0.410667365330
0 59 0.442915987302
0 60 0.796182247606
0 61 0.955082966642
0 62 0.332439607301
0 63 0.037974962614
0 64 0.329178663766
0 65 0.352318780621
0 66 0.306684016392
0 67 0.863117369738
0 68 0.362134108768
0 69 0.694698844369
0 70 0.958780373226
0 71 0.277581608201
0 72 0.537670073144
0 73 0.857716429959
0 74 0.780360016903
0 75 0.619045306095
0 76 0.067345435609
0 77 0.295753236069
0 78 0.581774647317
0 79 0.617475504597
0 80 0.052480534588
0 81 0.667090259143
0 82 0.816450864765
0 83 0.982151900117
0 84 0.145570594660
0 85 0.271254719842
0 86 0.056976558832
0 87 0.190753780892
0 88 0.252149160959
0 89 0.630458309645
0 90 0.876255554548
0 91 0.306090533973
0 92 0.723586366886
0 93 0.772464242571
0 94 0.356799194832
0 95 0.045871677145
0 96 0.418547266598
0 97 0.893599474929
0 98 0.378588786513
0 99 0.349854767252
1 0 0.032705147072
1 1 0.569570216187
1 2 0.983843552975
1 3 0.204779738871
1 4 0.911796096393
1 5 0.965690548150
1 6 0.414713705220
1 7 0.760405638449
1 8 0.231328600930
1 9 0.048570772432
1 10 0.801752615134
1 11 0.599105514591
1 12 0.899898253937
1 13 0.179491360277
1 14 0.673903232739
1 15 0.051952982273
1 16 0.815539654268
1 17 0.814533906004
1 18 0.095098384255
1 19 0.131232125313
1 20 0.847065887354
1 21 0.345807304372
1 22 0.381557169548
1 23 0.370736397115
1 24 0.558515753748
1 25 0.818624681778
1 26 0.836432985572
1 27 0.147466621471
1 28 0.095991836904
1 29 0.701358038489
1 30 0.366599941244
1 31 0.122762186453
1 32 0.707666058828
1 33 0.498773947057
1 34 0.202823465357
1 35 0.962113147229
1 36 0.242090658170
1 37 0.696330619138
1 38 0.096301278757
1 39 0.260523251669
1 40 0.443169977427
1 41 0.752656738175
1 42 0.457574203548
1 43 0.531799184437
1 44 0.794439430044
1 45 0.642516072950
1 46 0.606309603978
1 47 0.767101069865
1 48 0.546340137168
1 49 0.836877388367
1 50 0.776488049168
1 51 0.701426034195
1 52 0.229943883510
1 53 0.282869831787
1 54 0.344569446156
1 55 0.161399344490
1 56 0.445363473931
1 57 0.280077271581
1 58 0.956526486279
1 59 0.476735142899
1 60 0.436061873304
1 61 0.275380965432
1 62 0.687613882054
1 63 0.123233256064
1 64 0.180354415552
1 65 0.781296519108
1 66 0.727316197862
1 67 0.671291729214
1 68 0.084914269095
1 69 0.832208280580
1 70 0.518145767471
1 71 0.968674340948
1 72 0.600358106449
1 73 0.864684236757
1 74 0.415159754849
1 75 0.867243535109
1 76 0.131400878205
1 77 0.990022354928
1 78 0.624557057432
1 79 0.675811622005
1 80 0.913167642540
1 81 0.510998360207
1 82 0.631521137505
1 83 0.010288820101
1 84 0.441111854288
1 85 0.964964552712
1 86 0.726385320932
1 87 0.901339181999
1 88 0.735862715129
1 89 0.142281557980
1 90 0.142721954566
1 91 0.109521496188
1 92 0.339899623839
1 93 0.714243269922
1 94 0.973883098877
1 95 0.145404175509
1 96 0.619735802461
1 97 0.712268545785
1 98 0.863464087575
1 99 0.387901665495
2 0 0.082681367079
2 1 0.922588230189
2 2 0.993607573485
2 3 0.839245155426
2 4 0.210940828701
2 5 0.338509323068
2 6 0.236969578738
2 7 0.560040993338
2 8 0.112437797514
2 9 0.837992437286
2 10 0.949909908549
2 11 0.081641596901
2 12 0.764910936969
2 13 0.925157968388
2 14 0.255698941737
2 15 0.947723206849
2 16 0.655772161055
2 17 0.341644030999
2 18 0.022987947278
2 19 0.999419533545
2 20 0.194097437316
2 21 0.329481777676
2 22 0.227182706231
2 23 0.222781164295
2 24 0.026001663348
2 25 0.743408853307
2 26 0.118127706798
2 27 0.413780139729
2 28 0.831758908440
2 29 0.897606845069
2 30 0.804113975003
2 31 0.596933349770
2 32 0.467198373162
2 33 0.193883782730
2 34 0.991491888056
2 35 0.692016310799
2 36 0.367152191654
2 37 0.532088432049
2 38 0.252768596468
2 39 0.381800930022
2 40 0.372834955663
2 41 0.709094096178
2 42 0.733812203447
2 43 0.834848480466
2 44 0.948426342666
2 45 0.267754553619
2 46 0.259556067654
2 47 0.475084647578
2 48 0.013695807535
2 49 0.233822909601
2 50 0.234698484050
2 51 0.853386037167
2 52 0.434093835219
2 53 0.562641792876
2 54 0.230141754934
2 55 0.886792535536
2 56 0.633058087020
2 57 0.744291891275
2 58 0.923699451693
2 59 0.551210977893
2 60 0.276183513015
2 61 0.722285029547
2 62 0.451340672944
2 63 0.363311130840
2 64 0.303746454008
2 65 0.288420690887
2 66 0.632236852751
2 67 0.871184992129
2 68 0.847125104491
2 69 0.538923876534
2 70 0.681607769442
2 71 0.774522652194
2 72 0.338663787977
2 73 0.660088339071
2 74 0.053729540804
2 75 0.585319304810
2 76 0.686813717591
2 77 0.481644586840
2 78 0.310051922973
2 79 0.856726777912
2 80 0.451414716635
2 81 0.034817157053
2 82 0.402930113260
2 83 0.386370510063
2 84 0.171094346744
2 85 0.667969593717
2 86 0.019683364047
2 87 0.138414808144
2 88 0.505348064665
2 89 0.384303115622
2 90 0.289984279696
2 91 0.353661964996
2 92 0.323910489845
2 93 0.475712984984
2 94 0.168709268992
2 95 0.493478194300
2 96 0.912164672566
2 97 0.919084112921
2 98 0.539136478260
2 99 0.999616274235
3 0 0.330121468941
3 1 0.750669475897
3 2 0.510380140144
3 3 0.646887898943
3 4 0.008825397921
3 5 0.351604968359
3 6 0.762307232076
3 7 0.277081282652
3 8 0.178241084708
3 9 0.414972268939
3 10 0.196486959839
3 11 0.123132901553
3 12 0.739367617448
3 13 0.669093466265
3 14 0.830378380698
3 15 0.907038616933
3 16 0.598208282043
3 17 0.134528206988
3 18 0.878761219607
3 19 0.709225280402
3 20 0.732951746398
3 21 0.982677522914
3 22 0.083185911765
3 23 0.956840896026
3 24 0.729989040993
3 25 0.455920424020
3 26 0.076258920282
3 27 0.677398261962
3 28 0.618117456105
3 29 0.613540890716
3 30 0.760755742808
3 31 0.102215431208
3 32 0.016870619716
3 33 0.924161140609
3 34 0.689657795619
3 35 0.197452771393
3 36 0.131818931457
3 37 0.592797111590
3 38 0.273786231148
3 39 0.899661777469
3 40 0.051648653148
3 41 0.793035841606
3 42 0.902909626895
3 43 0.168295076293
3 44 0.457284109344
3 45 0.852576932871
3 46 0.463536394112
3 47 0.634251988794
3 48 0.217045979392
3 49 0.064180638701
3 50 0.823221940543
3 51 0.588475537978
3 52 0.611978424459
3 53 0.051163633948
3 54 0.707127556988
3 55 0.835268865447
3 56 0.219997080085
3 57 0.268147260204
3 58 0.327365361658
3 59 0.710373749514
3 60 0.057970702101
3 61 0.073300927420
3 62 0.868139242256
3 63 0.641636510760
3 64 0.894077451908
3 65 0.436602804277
3 66 0.936875909769
3 67 0.093815507318
3 68 0.883620473032
3 69 0.388070585438
3 70 0.448064647629
3 71 0.958312279975
3 72 0.294368811733
3 73 0.070606230532
3 74 0.213608341425
3 75 0.126264832267
3 76 0.570845005019
3 77 0.801960269160
3 78 0.055104724542
3 79 0.812593450464
3 80 0.307876304366
3 81 0.631777524441
3 82 0.457116309520
3 83 0.305509664542
3 84 0.634713401323
3 85 0.329295782801
3 86 0.306244614042
3 87 0.397746638090
3 88 0.269257080946
3 89 0.134051812267
3 90 0.287822062805
3 91 0.911554131258
3 92 0.902471649229
3 93 0.695870694092
3 94 0.326899044075
3 95 0.215610059206
3 96 0.318987451844
3 97 0.060839070350
3 98 0.608557520065
3 99 0.731265889727
4 0 0.920783449409
4 1 0.358298592202
4 2 0.283103998129
4 3 0.700895125805
4 4 0.416821365130
4 5 0.195760625897
4 6 0.080347574483
4 7 0.548324358093
4 8 0.834976248645
4 9 0.890098434248
4 10 0.681055499402
4 11 0.691731222161
4 12 0.282735234950
4 13 0.051966879951
4 14 0.404872583404
4 15 0.685238389359
4 16 0.851394559244
4 17 0.280939125002
4 18 0.140907933814
4 19 0.475010384773
4 20 0.594270018993
4 21 0.808828482448
4 22 0.238856743150
4 23 0.357319030373
4 24 0.905385201405
4 25 0.441832884958
4 26 0.982883603852
4 27 0.685235050256
4 28 0.817568730013
4 29 0.298951136441
4 30 0.983172864499
4 31 0.272632308896
4 32 0.586436065104
4 33 0.042252505174
4 34 0.948333443658
4 35 0.450255949338
4 36 0.420748259825
4 37 0.105852819751
4 38 0.493697066773
4 39 0.872828227243
4 40 0.628596927251
4 41 0.834404974591
4 42 0.394534137007
4 43 0.357905675429
4 44 0.660660278976
4 45 0.791795617385
4 46 0.368585249390
4 47 0.548278396711
4 48 0.373758607815
4 49 0.885468451971
4 50 0.733766496919
4 51 0.518654593235
4 52 0.898782665916
4 53 0.861792145430
4 54 0.795161138757
4 55 0.683628752678
4 56 0.134281051215
4 57 0.340699472251
4 58 0.962954474665
4 59 0.846558350925
4 60 0.716255875665
4 61 0.931074452946
4 62 0.781395094751
4 63 0.077156685987
4 64 0.373274607312
4 65 0.833115763948
4 66 0.893991027787
4 67 0.175048017529
4 68 0.026767170490
4 69 0.830634524188
4 70 0.195265914319
4 71 0.548545146768
4 72 0.546542294030
4 73 0.903621550021
4 74 0.103122165334
4 75 0.384456015878
4 76 0.698465388181
4 77 0.619002365493
4 78 0.642684835582
4 79 0.609085191775
4 80 0.400375475424
4 81 0.488531822563
4 82 0.569818700664
4 83 0.384441390372
4 84 0.344122588721
4 85 0.815447702210
4 86 0.502279948318
4 87 0.724694511603
4 88 0.981913413005
4 89 0.060240775197
4 90 0.389052150276
4 91 0.872621293712
4 92 0.967669633768
4 93 0.932405367353
4 94 0.505819144939
4 95 0.971474150801
4 96 0.036010701022
4 97 0.235418869974
4 98 0.110977486718
4 99 0.571535982717
0 0 5
0 1 10
0 2 9
0 3 10
0 4 5
0 5 10
0 6 7
0 7 8
0 8 5
0 9 9
0 10 6
0 11 8
0 12 10
0 13 10
0 14 9
0 15 8
0 16 10
0 17 5
0 18 4
0 19 4
0 20 8
0 21 4
0 22 4
0 23 7
0 24 4
0 25 5
0 26 11
0 27 9
0 28 8
0 29 7
0 30 5
0 31 9
0 32 7
0 33 8
0 34 8
0 35 3
0 36 8
0 37 10
0 38 10
0 39 4
0 40 10
0 41 9
0 42 9
0 43 9
0 44 5
0 45 6
0 46 11
0 47 9
0 48 7
0 49 7
0 50 7
0 51 4
0 52 7
0 53 7
0 54 8
0 55 11
0 56 7
0 57 9
0 58 7
0 59 5
0 60 11
0 61 11
0 62 11
0 63 8
0 64 11
0 65 8
0 66 10
0 67 9
0 68 9
0 69 5
0 70 7
0 71 4
0 72 10
0 73 5
0 74 9
0 75 9
0 76 9
0 77 8
0 78 10
0 79 7
0 80 9
0 81 8
0 82 4
0 83 7
0 84 11
0 85 5
0 86 5
0 87 6
0 88 9
0 89 6
0 90 9
0 91 9
0 92 5
0 93 9
0 94 8
0 95 9
0 96 4
0 97 3
0 98 6
0 99 10
1 0 8
1 1 14
1 2 13
1 3 13
1 4 8
1 5 13
1 6 10
1 7 12
1 8 7
1 9 11
1 10 10
1 11 10
1 12 13
1 13 12
1 14 14
1 15 11
1 16 12
1 17 6
1 18 8
1 19 7
1 20 13
1 21 7
1 22 7
1 23 10
1 24 7
1 25 8
1 26 13
1 27 13
1 28 11
1 29 11
1 30 6
1 31 12
1 32 12
1 33 12
1 34 13
1 35 6
1 36 11
1 37 11
1 38 12
1 39 8
1 40 14
1 41 12
1 42 14
1 43 10
1 44 9
1 45 9
1 46 14
1 47 14
1 48 10
1 49 10
1 50 8
1 51 6
1 52 9
1 53 10
1 54 13
1 55 14
1 56 9
1 57 11
1 58 10
1 59 6
1 60 14
1 61 13
1 62 13
1 63 11
1 64 14
1 65 10
1 66 12
1 67 13
1 68 14
1 69 6
1 70 8
1 71 8
1 72 13
1 73 9
1 74 11
1 75 12
1 76 11
1 77 11
1 78 12
1 79 10
1 80 11
1 81 12
1 82 9
1 83 11
1 84 12
1 85 6
1 86 9
1 87 10
1 88 14
1 89 9
1 90 13
1 91 12
1 92 6
1 93 14
1 94 12
1 95 13
1 96 7
1 97 6
1 98 10
1 99 11
2 0 6
2 1 12
2 2 11
2 3 12
2 4 6
2 5 11
2 6 8
2 7 12
2 8 6
2 9 9
2 10 9
2 11 10
2 12 11
2 13 11
2 14 13
2 15 10
2 16 10
2 17 6
2 18 6
2 19 5
2 20 12
2 21 7
2 22 6
2 23 11
2 24 5
2 25 6
2 26 11
2 27 13
2 28 10
2 29 11
2 30 5
2 31 11
2 32 11
2 33 10
2 34 10
2 35 7
2 36 10
2 37 11
2 38 12
2 39 6
2 40 13
2 41 10
2 42 11
2 43 10
2 44 7
2 45 10
2 46 11
2 47 13
2 48 11
2 49 8
2 50 7
2 51 6
2 52 10
2 53 10
2 54 10
2 55 11
2 56 8
2 57 9
2 58 10
2 59 5
2 60 12
2 61 12
2 62 11
2 63 8
2 64 11
2 65 9
2 66 11
2 67 13
2 68 12
2 69 7
2 70 7
2 71 6
2 72 11
2 73 7
2 74 11
2 75 10
2 76 11
2 77 11
2 78 11
2 79 10
2 80 11
2 81 11
2 82 6
2 83 9
2 84 11
2 85 5
2 86 6
2 87 10
2 88 13
2 89 9
2 90 12
2 91 11
2 92 6
2 93 11
2 94 12
2 95 10
2 96 7
2 97 5
2 98 10
2 99 12
3 0 8
3 1 12
3 2 11
3 3 12
3 4 6
3 5 12
3 6 9
3 7 11
3 8 6
3 9 10
3 10 10
3 11 10
3 12 11
3 13 13
3 14 13
3 15 10
3 16 11
3 17 8
3 18 8
3 19 7
3 20 13
3 21 8
3 22 6
3 23 11
3 24 6
3 25 6
3 26 12
3 27 12
3 28 12
3 29 12
3 30 6
3 31 12
3 32 11
3 33 13
3 34 12
3 35 6
3 36 11
3 37 12
3 38 11
3 39 6
3 40 13
3 41 12
3 42 14
3 43 11
3 44 7
3 45 10
3 46 14
3 47 14
3 48 11
3 49 8
3 50 10
3 51 6
3 52 9
3 53 12
3 54 11
3 55 13
3 56 10
3 57 10
3 58 10
3 59 8
3 60 13
3 61 14
3 62 12
3 63 9
3 64 14
3 65 12
3 66 11
3 67 14
3 68 13
3 69 6
3 70 8
3 71 9
3 72 13
3 73 9
3 74 13
3 75 11
3 76 13
3 77 12
3 78 12
3 79 10
3 80 12
3 81 12
3 82 7
3 83 12
3 84 12
3 85 8
3 86 9
3 87 11
3 88 13
3 89 10
3 90 12
3 91 10
3 92 8
3 93 13
3 94 11
3 95 11
3 96 6
3 97 6
3 98 11
3 99 12
4 0 7
4 1 11
4 2 11
4 3 11
4 4 5
4 5 10
4 6 8
4 7 12
4 8 6
4 9 9
4 10 8
4 11 10
4 12 11
4 13 12
4 14 13
4 15 8
4 16 11
4 17 5
4 18 5
4 19 6
4 20 11
4 21 5
4 22 7
4 23 9
4 24 5
4 25 5
4 26 11
4 27 11
4 28 9
4 29 11
4 30 6
4 31 11
4 32 9
4 33 10
4 34 10
4 35 7
4 36 11
4 37 12
4 38 10
4 39 5
4 40 13
4 41 10
4 42 11
4 43 9
4 44 8
4 45 8
4 46 13
4 47 12
4 48 9
4 49 8
4 50 9
4 51 5
4 52 8
4 53 9
4 54 12
4 55 12
4 56 10
4 57 9
4 58 8
4 59 7
4 60 12
4 61 12
4 62 13
4 63 8
4 64 13
4 65 9
4 66 12
4 67 12
4 68 13
4 69 6
4 70 8
4 71 6
4 72 10
4 73 9
4 74 10
4 75 10
4 76 12
4 77 10
4 78 11
4 79 9
4 80 12
4 81 10
4 82 6
4 83 9
4 84 13
4 85 6
4 86 7
4 87 8
4 88 11
4 89 9
4 90 13
4 91 11
4 92 6
4 93 11
4 94 10
4 95 12
4 96 7
4 97 7
4 98 9
4 99 11
