5 100 10 6 10.0 3.0 1.0 95
2 32 3
8 16 8
7 126 8
5 82 9
1 15 7
3 75 5
8 21 7
6 162 5
5 61 8
8 9 3
3 75 3
1 50 9
6 106 3
6 186 3
1 62 7
3 18 9
1 105 4
2 11 3
9 128 7
5 160 7
7 165 7
0 57 6
4 18 3
0 62 7
0 34 8
2 121 7
0 83 5
9 232 8
8 40 7
9 125 3
5 70 9
5 28 4
5 134 9
4 85 3
7 156 9
6 68 7
3 140 8
9 215 7
3 66 3
2 39 8
1 32 7
8 152 4
5 29 3
5 22 9
5 35 6
2 125 8
3 81 8
0 35 3
9 210 3
2 9 8
9 118 9
9 172 7
3 48 6
2 4 5
4 143 4
2 83 9
1 48 3
8 9 3
8 138 8
0 86 9
3 51 7
6 176 7
7 210 3
8 16 5
3 104 9
3 136 9
1 2 9
4 2 7
4 142 8
9 220 5
2 43 9
0 59 8
2 3 5
8 19 7
6 120 8
4 95 5
1 4 8
9 50 5
6 198 9
9 135 7
0 36 8
6 124 4
5 28 3
4 25 7
4 42 7
1 43 6
7 147 9
7 137 8
4 165 8
6 180 7
8 201 9
0 23 9
6 164 9
7 69 6
1 51 3
7 139 7
7 65 3
0 77 3
7 165 4
4 127 8
0 0 0.936123564547
0 1 0.247619934425
0 2 0.690420278952
0 3 0.666294089841
0 4 0.134571682406
0 5 0.695977272249
0 6 0.665077181351
0 7 0.886641808059
0 8 0.426667614182
0 9 0.707799091374
0 10 0.248317738265
0 11 0.863199730079
0 12 0.691504416708
0 13 0.465434611086
0 14 0.945558304821
0 15 0.606669743886
0 16 0.883288038980
0 17 0.993006914897
0 18 0.900250359217
0 19 0.189300749963
0 20 0.350283980682
0 21 0.434779903658
0 22 0.869149890777
0 23 0.389178843850
0 24 0.352443215399
0 25 0.101489591461
0 26 0.123815742124
0 27 0.294146303565
0 28 0.866475573224
0 29 0.674427992340
0 30 0.893013558588
0 31 0.956692647241
0 32 0.792147263364
0 33 0.350152802734
0 34 0.163798316107
0 35 0.511246937613
0 36 0.212828964510
0 37 0.781667415870
0 38 0.679228454313
0 39 0.354286679222
0 40 0.509036928303
0 41 0.949103673292
0 42 0.235438409319
0 43 0.444172392606
0 44 0.531219482354
0 45 0.283815613727
0 46 0.960292553972
0 47 0.230039913068
0 48 0.567222407014
0 49 0.565809742949
0 50 0.797499424065
0 51 0.891600945369
0 52 0.914903813243
0 53 0.953565064645
0 54 0.315378036485
0 55 0.542885044225
0 56 0.043367694768
0 57 0.061344091505
0 58 0.485378427998
0 59 0.121305346958
0 60 0.228714662694
0 61 0.335968602219
0 62 0.932587929021
0 63 0.444687548817
0 64 0.525395532703
0 65 0.896063480991
0 66 0.217660325035
0 67 0.120575618979
0 68 0.407867263546
0 69 0.770695870421
0 70 0.839924876480
0 71 0.861392512507
0 72 0.436189539719
0 73 0.700994434804
0 74 0.832531896788
0 75 0.047007689556
0 76 0.824931303126
0 77 0.785346241393
0 78 0.455980990367
0 79 0.909186175475
0 80 0.236128493441
0 81 0.571603069743
0 82 0.734946439502
0 83 0.595024610598
0 84 0.450859614652
0 85 0.024764383841
0 86 0.239780422336
0 87 0.418181866852
0 88 0.683787250679
0 89 0.766839289943
0 90 0.950863847918
0 91 0.338944088255
0 92 0.386902025411
0 93 0.282613013781
0 94 0.810039172327
0 95 0.363204473363
0 96 0.312523090514
0 97 0.398339600472
0 98 0.863911496949
0 99 0.780400711058
1 0 0.427234279028
1 1 0.284186521113
1 2 0.901530239097
1 3 0.091454085690
1 4 0.259050994569
1 5 0.213184576382
1 6 0.809593980462
1 7 0.931615941212
1 8 0.910867942185
1 9 0.596288714976
1 10 0.491971954166
1 11 0.548696312459
1 12 0.476001286056
1 13 0.311761596088
1 14 0.535361190642
1 15 0.808551877534
1 16 0.046324797485
1 17 0.713280558254
1 18 0.323168985013
1 19 0.258217622133
1 20 0.926678639921
1 21 0.867633298317
1 22 0.971107966578
1 23 0.593271583867
1 24 0.744497561402
1 25 0.413176518954
1 26 0.340549055725
1 27 0.980983073900
1 28 0.005287899128
1 29 0.001727161117
1 30 0.516526345586
1 31 0.926692321637
1 32 0.873050898058
1 33 0.525247071267
1 34 0.735438631011
1 35 0.880005356621
1 36 0.560851722726
1 37 0.712304507471
1 38 0.446215590053
1 39 0.400764766341
1 40 0.191827090950
1 41 0.099130859430
1 42 0.821357572910
1 43 0.273525956534
1 44 0.086211167264
1 45 0.965950840587
1 46 0.636465387877
1 47 0.596206064692
1 48 0.470122288607
1 49 0.806581528996
1 50 0.900438343492
1 51 0.978050231580
1 52 0.858887129227
1 53 0.732846762900
1 54 0.547570243668
1 55 0.826019456784
1 56 0.377950905098
1 57 0.856920674976
1 58 0.520378995371
1 59 0.224426801972
1 60 0.725205813959
1 61 0.905878420407
1 62 0.631572495645
1 63 0.200540367363
1 64 0.900645523351
1 65 0.935131263606
1 66 0.489696578384
1 67 0.126518661679
1 68 0.505417147514
1 69 0.434226914930
1 70 0.707975466021
1 71 0.468194941805
1 72 0.357345432672
1 73 0.469379450209
1 74 0.755887925512
1 75 0.737641914826
1 76 0.682945266850
1 77 0.854765656991
1 78 0.588821853325
1 79 0.692529339507
1 80 0.378533094382
1 81 0.994241060221
1 82 0.978202031317
1 83 0.458039009477
1 84 0.502438727474
1 85 0.123558911296
1 86 0.207074264225
1 87 0.186969030424
1 88 0.505052713490
1 89 0.390247721811
1 90 0.641468126738
1 91 0.493765461919
1 92 0.197438618533
1 93 0.481507510009
1 94 0.468933310266
1 95 0.048754608376
1 96 0.141297449272
1 97 0.936108797287
1 98 0.448966742484
1 99 0.177493987373
2 0 0.497572159478
2 1 0.812398579816
2 2 0.828171477588
2 3 0.540749597006
2 4 0.747130202700
2 5 0.024687489938
2 6 0.978067869140
2 7 0.161104223779
2 8 0.492216293696
2 9 0.558738055670
2 10 0.599720993462
2 11 0.575948287108
2 12 0.482422153033
2 13 0.086479867739
2 14 0.426573104006
2 15 0.401576230304
2 16 0.136943341828
2 17 0.316167359859
2 18 0.163535236959
2 19 0.769996378833
2 20 0.588367079427
2 21 0.493426498936
2 22 0.205037963744
2 23 0.318864647921
2 24 0.433012635259
2 25 0.042887248227
2 26 0.249704215812
2 27 0.526171901799
2 28 0.641300509339
2 29 0.966828811900
2 30 0.505499087290
2 31 0.786168054878
2 32 0.321091221285
2 33 0.496077225093
2 34 0.640129577464
2 35 0.572827712854
2 36 0.218141149780
2 37 0.492259552935
2 38 0.571617713413
2 39 0.921923994834
2 40 0.611217991031
2 41 0.752044228117
2 42 0.508722921491
2 43 0.577565460773
2 44 0.588969191516
2 45 0.345504987146
2 46 0.770038992518
2 47 0.142785250075
2 48 0.975686352255
2 49 0.978881120275
2 50 0.806446979161
2 51 0.299256559320
2 52 0.691449987326
2 53 0.599667792035
2 54 0.398500156762
2 55 0.174168943196
2 56 0.267015042263
2 57 0.460178596627
2 58 0.530836040818
2 59 0.948327730156
2 60 0.608845444493
2 61 0.516654345855
2 62 0.831530576721
2 63 0.334856203455
2 64 0.542581213149
2 65 0.984088301874
2 66 0.771741599336
2 67 0.973419702113
2 68 0.012671798068
2 69 0.510622892708
2 70 0.187837253275
2 71 0.553459414505
2 72 0.286454265683
2 73 0.148509360114
2 74 0.227833621479
2 75 0.895423067186
2 76 0.695004449864
2 77 0.857903494680
2 78 0.050964114270
2 79 0.248070308403
2 80 0.219435395883
2 81 0.458994199543
2 82 0.078809967295
2 83 0.232514303810
2 84 0.076703191583
2 85 0.322027892869
2 86 0.909274337065
2 87 0.585194645829
2 88 0.951653406869
2 89 0.075761813952
2 90 0.855855192581
2 91 0.927015802712
2 92 0.765060329479
2 93 0.485491259550
2 94 0.754599106831
2 95 0.908609019886
2 96 0.004338197992
2 97 0.219785950018
2 98 0.351610688707
2 99 0.021360542098
3 0 0.782683621043
3 1 0.982505757894
3 2 0.431465477708
3 3 0.167131452137
3 4 0.488750713993
3 5 0.689189904541
3 6 0.812994739476
3 7 0.666323233346
3 8 0.079527822706
3 9 0.214255856730
3 10 0.192682787555
3 11 0.953721176139
3 12 0.947716106770
3 13 0.369203854033
3 14 0.627217406244
3 15 0.502111944825
3 16 0.529962427615
3 17 0.336530825608
3 18 0.360544849370
3 19 0.698715967581
3 20 0.638299311934
3 21 0.279417085309
3 22 0.707766304749
3 23 0.121684953135
3 24 0.077489544163
3 25 0.291043720501
3 26 0.339052377683
3 27 0.119790729770
3 28 0.670700190975
3 29 0.989746113326
3 30 0.806627501024
3 31 0.179887193924
3 32 0.259644194391
3 33 0.757233139034
3 34 0.844666738860
3 35 0.263983897742
3 36 0.737696726373
3 37 0.033830350559
3 38 0.191555805455
3 39 0.135595092866
3 40 0.814063154558
3 41 0.225388160419
3 42 0.560574576408
3 43 0.312325920132
3 44 0.357738853518
3 45 0.753748552794
3 46 0.797356198198
3 47 0.660583052102
3 48 0.216329485603
3 49 0.452324407334
3 50 0.044808527556
3 51 0.155824884107
3 52 0.687661782905
3 53 0.293968333531
3 54 0.276882047276
3 55 0.428512061160
3 56 0.947260616003
3 57 0.823778863336
3 58 0.149457593801
3 59 0.665829920899
3 60 0.461979736117
3 61 0.062665722486
3 62 0.251317339467
3 63 0.118293009456
3 64 0.402857562731
3 65 0.348803586309
3 66 0.943561000522
3 67 0.068815866206
3 68 0.487561521177
3 69 0.877724187518
3 70 0.525046536681
3 71 0.042521199996
3 72 0.335262706027
3 73 0.611079092716
3 74 0.029956849693
3 75 0.558253736281
3 76 0.533354960737
3 77 0.541788424620
3 78 0.674401289602
3 79 0.385641402324
3 80 0.614150067794
3 81 0.020089940097
3 82 0.530293540142
3 83 0.991082265204
3 84 0.787618660542
3 85 0.582153664014
3 86 0.808781565228
3 87 0.309104072470
3 88 0.130006000589
3 89 0.894929803845
3 90 0.617096930290
3 91 0.364957361590
3 92 0.781922559410
3 93 0.265861541687
3 94 0.700205587382
3 95 0.951801580454
3 96 0.965176981795
3 97 0.209272907455
3 98 0.743142412367
3 99 0.511038998466
4 0 0.785491865438
4 1 0.916460296653
4 2 0.369197308104
4 3 0.810495402157
4 4 0.087822024128
4 5 0.958618502047
4 6 0.361451920521
4 7 0.035780089740
4 8 0.123120196421
4 9 0.685894696110
4 10 0.456025997907
4 11 0.640766393664
4 12 0.701046829554
4 13 0.104464749125
4 14 0.099091546785
4 15 0.268962555116
4 16 0.639150100552
4 17 0.186311691493
4 18 0.785820839828
4 19 0.299293895955
4 20 0.860515262813
4 21 0.450013363545
4 22 0.700866760976
4 23 0.010025458990
4 24 0.815248145837
4 25 0.388021441578
4 26 0.249292958272
4 27 0.297247555534
4 28 0.845002527123
4 29 0.017737637487
4 30 0.010474675413
4 31 0.367401400007
4 32 0.460442891623
4 33 0.562215689963
4 34 0.408938561069
4 35 0.405078172783
4 36 0.951509651147
4 37 0.390685854592
4 38 0.034027577239
4 39 0.022711905708
4 40 0.130871522199
4 41 0.416067431670
4 42 0.079791008740
4 43 0.807351620159
4 44 0.192052847698
4 45 0.319457241862
4 46 0.018557493880
4 47 0.294465264632
4 48 0.071616375160
4 49 0.865290847857
4 50 0.609473628895
4 51 0.547222921167
4 52 0.901605216262
4 53 0.071758425558
4 54 0.028400120749
4 55 0.799306136057
4 56 0.188091417756
4 57 0.951540414295
4 58 0.564811607503
4 59 0.212368178212
4 60 0.840532978852
4 61 0.593166928856
4 62 0.923882839023
4 63 0.208388361703
4 64 0.557875490204
4 65 0.221957260445
4 66 0.729417703658
4 67 0.294724133641
4 68 0.877714736173
4 69 0.174644470952
4 70 0.259256691933
4 71 0.306129318897
4 72 0.443054896062
4 73 0.390282184246
4 74 0.899626876441
4 75 0.164125426274
4 76 0.791138489920
4 77 0.983528210399
4 78 0.183988383374
4 79 0.489596911411
4 80 0.042368740367
4 81 0.638018107867
4 82 0.349428944450
4 83 0.521636889339
4 84 0.441417967378
4 85 0.458214246911
4 86 0.751100615399
4 87 0.372227003538
4 88 0.754114596622
4 89 0.501120931478
4 90 0.704365840379
4 91 0.355008551385
4 92 0.770465956412
4 93 0.918838146807
4 94 0.805157393535
4 95 0.731384052676
4 96 0.998814254607
4 97 0.161677430664
4 98 0.664403527899
4 99 0.064789484802
0 0 5
0 1 11
0 2 9
0 3 10
0 4 10
0 5 6
0 6 10
0 7 7
0 8 9
0 9 6
0 10 6
0 11 10
0 12 6
0 13 6
0 14 10
0 15 10
0 16 5
0 17 4
0 18 9
0 19 10
0 20 8
0 21 7
0 22 5
0 23 9
0 24 10
0 25 9
0 26 8
0 27 9
0 28 10
0 29 4
0 30 11
0 31 7
0 32 12
0 33 6
0 34 12
0 35 8
0 36 11
0 37 8
0 38 4
0 39 9
0 40 8
0 41 7
0 42 6
0 43 12
0 44 9
0 45 9
0 46 10
0 47 5
0 48 6
0 49 9
0 50 11
0 51 8
0 52 7
0 53 8
0 54 5
0 55 11
0 56 5
0 57 6
0 58 9
0 59 11
0 60 8
0 61 9
0 62 4
0 63 8
0 64 10
0 65 11
0 66 12
0 67 10
0 68 11
0 69 8
0 70 11
0 71 9
0 72 8
0 73 8
0 74 9
0 75 8
0 76 10
0 77 7
0 78 10
0 79 8
0 80 9
0 81 6
0 82 5
0 83 9
0 84 9
0 85 9
0 86 10
0 87 9
0 88 9
0 89 9
0 90 12
0 91 10
0 92 11
0 93 9
0 94 5
0 95 9
0 96 4
0 97 5
0 98 7
0 99 10
1 0 3
1 1 9
1 2 10
1 3 10
1 4 9
1 5 7
1 6 7
1 7 7
1 8 9
1 9 5
1 10 5
1 11 9
1 12 4
1 13 4
1 14 9
1 15 11
1 16 5
1 17 4
1 18 9
1 19 8
1 20 9
1 21 8
1 22 4
1 23 7
1 24 10
1 25 8
1 26 6
1 27 10
1 28 7
1 29 3
1 30 9
1 31 6
1 32 9
1 33 4
1 34 9
1 35 7
1 36 10
1 37 9
1 38 3
1 39 9
1 40 8
1 41 5
1 42 5
1 43 10
1 44 7
1 45 10
1 46 8
1 47 5
1 48 4
1 49 8
1 50 9
1 51 9
1 52 8
1 53 5
1 54 6
1 55 9
1 56 5
1 57 5
1 58 10
1 59 9
1 60 8
1 61 8
1 62 5
1 63 5
1 64 9
1 65 10
1 66 9
1 67 8
1 68 8
1 69 6
1 70 10
1 71 8
1 72 6
1 73 8
1 74 8
1 75 6
1 76 8
1 77 5
1 78 9
1 79 7
1 80 10
1 81 6
1 82 4
1 83 7
1 84 8
1 85 7
1 86 9
1 87 10
1 88 9
1 89 8
1 90 10
1 91 9
1 92 9
1 93 7
1 94 5
1 95 9
1 96 3
1 97 4
1 98 5
1 99 8
2 0 6
2 1 12
2 2 10
2 3 12
2 4 9
2 5 8
2 6 10
2 7 7
2 8 11
2 9 6
2 10 6
2 11 12
2 12 5
2 13 6
2 14 10
2 15 12
2 16 7
2 17 5
2 18 9
2 19 11
2 20 11
2 21 10
2 22 7
2 23 9
2 24 12
2 25 10
2 26 7
2 27 11
2 28 10
2 29 5
2 30 13
2 31 8
2 32 13
2 33 6
2 34 11
2 35 10
2 36 11
2 37 11
2 38 6
2 39 11
2 40 11
2 41 8
2 42 5
2 43 12
2 44 10
2 45 11
2 46 12
2 47 5
2 48 7
2 49 10
2 50 13
2 51 9
2 52 8
2 53 8
2 54 6
2 55 12
2 56 7
2 57 6
2 58 11
2 59 12
2 60 10
2 61 11
2 62 6
2 63 8
2 64 13
2 65 11
2 66 12
2 67 11
2 68 11
2 69 8
2 70 12
2 71 12
2 72 7
2 73 9
2 74 12
2 75 8
2 76 11
2 77 7
2 78 12
2 79 11
2 80 11
2 81 7
2 82 6
2 83 10
2 84 11
2 85 9
2 86 11
2 87 12
2 88 10
2 89 9
2 90 12
2 91 12
2 92 11
2 93 10
2 94 6
2 95 9
2 96 6
2 97 7
2 98 6
2 99 11
3 0 6
3 1 12
3 2 11
3 3 11
3 4 10
3 5 9
3 6 11
3 7 7
3 8 12
3 9 7
3 10 6
3 11 11
3 12 6
3 13 5
3 14 11
3 15 13
3 16 8
3 17 5
3 18 11
3 19 9
3 20 11
3 21 10
3 22 5
3 23 9
3 24 10
3 25 9
3 26 9
3 27 10
3 28 11
3 29 6
3 30 12
3 31 6
3 32 11
3 33 5
3 34 12
3 35 9
3 36 12
3 37 9
3 38 7
3 39 12
3 40 9
3 41 7
3 42 5
3 43 13
3 44 10
3 45 10
3 46 10
3 47 5
3 48 5
3 49 12
3 50 11
3 51 9
3 52 8
3 53 8
3 54 7
3 55 11
3 56 5
3 57 6
3 58 12
3 59 11
3 60 11
3 61 10
3 62 5
3 63 9
3 64 11
3 65 13
3 66 13
3 67 9
3 68 11
3 69 7
3 70 13
3 71 12
3 72 8
3 73 9
3 74 12
3 75 8
3 76 10
3 77 8
3 78 11
3 79 9
3 80 12
3 81 6
3 82 6
3 83 11
3 84 11
3 85 8
3 86 11
3 87 12
3 88 12
3 89 11
3 90 13
3 91 12
3 92 13
3 93 10
3 94 7
3 95 10
3 96 7
3 97 7
3 98 7
3 99 10
4 0 7
4 1 13
4 2 11
4 3 13
4 4 11
4 5 9
4 6 11
4 7 10
4 8 11
4 9 6
4 10 7
4 11 13
4 12 6
4 13 6
4 14 12
4 15 13
4 16 9
4 17 8
4 18 11
4 19 10
4 20 10
4 21 10
4 22 6
4 23 11
4 24 13
4 25 11
4 26 9
4 27 11
4 28 10
4 29 7
4 30 13
4 31 8
4 32 14
4 33 7
4 34 13
4 35 12
4 36 11
4 37 11
4 38 7
4 39 13
4 40 11
4 41 7
4 42 7
4 43 13
4 44 10
4 45 11
4 46 12
4 47 7
4 48 7
4 49 11
4 50 14
4 51 10
4 52 9
4 53 9
4 54 7
4 55 14
4 56 8
4 57 6
4 58 11
4 59 13
4 60 12
4 61 10
4 62 8
4 63 10
4 64 14
4 65 13
4 66 12
4 67 10
4 68 12
4 69 9
4 70 12
4 71 11
4 72 8
4 73 12
4 74 13
4 75 10
4 76 13
4 77 8
4 78 14
4 79 10
4 80 11
4 81 8
4 82 7
4 83 12
4 84 12
4 85 11
4 86 13
4 87 12
4 88 13
4 89 12
4 90 13
4 91 14
4 92 13
4 93 11
4 94 8
4 95 10
4 96 8
4 97 6
4 98 8
4 99 11
