5 100 10 6 10.0 3.0 1.0 95
8 142 7
5 59 8
7 17 8
1 105 7
4 28 5
7 195 4
3 40 4
9 185 6
2 124 3
0 78 5
1 35 6
9 190 8
8 65 9
6 108 7
8 49 6
2 41 6
0 69 3
5 134 7
3 100 6
4 17 7
9 42 7
0 23 9
9 60 7
5 66 9
8 140 7
7 24 8
1 27 9
4 35 8
2 124 8
6 30 9
7 24 7
7 17 9
6 152 7
6 8 3
6 14 3
3 40 8
5 35 9
4 80 9
8 189 3
9 88 7
4 80 5
0 66 7
6 170 8
6 64 4
2 100 3
8 159 3
3 78 3
9 82 3
7 48 9
4 78 7
7 215 7
8 166 9
4 157 3
6 140 4
1 27 7
5 6 4
2 105 8
1 74 3
4 72 3
5 172 8
0 8 8
8 93 7
9 55 8
0 27 8
2 48 9
7 202 3
3 15 7
1 19 9
2 109 5
2 99 8
9 102 3
0 56 8
5 116 3
9 195 7
1 33 5
2 105 7
6 46 7
0 54 6
8 168 6
4 162 9
6 86 9
5 50 3
3 8 7
8 161 8
3 138 9
3 32 3
1 105 7
1 108 3
7 106 6
4 48 9
7 48 3
3 42 8
5 38 6
0 6 3
3 33 8
0 65 7
2 111 9
9 172 5
1 89 7
5 48 8
0 0 0.953006621926
0 1 0.837989028722
0 2 0.089130939153
0 3 0.195374928491
0 4 0.887907659271
0 5 0.323258376870
0 6 0.375531479241
0 7 0.345433989944
0 8 0.827672631981
0 9 0.913529692215
0 10 0.757605734550
0 11 0.020643722770
0 12 0.601417365321
0 13 0.247984078637
0 14 0.241157764651
0 15 0.055594697843
0 16 0.426941415627
0 17 0.330046664520
0 18 0.722266812994
0 19 0.527354329699
0 20 0.654310089912
0 21 0.588776150433
0 22 0.713637722253
0 23 0.459247649865
0 24 0.634752379626
0 25 0.968744013827
0 26 0.860377585507
0 27 0.124935190178
0 28 0.281225831563
0 29 0.836773434593
0 30 0.758151538142
0 31 0.333985224590
0 32 0.979105213071
0 33 0.038689704805
0 34 0.504789671118
0 35 0.151257755635
0 36 0.651192789844
0 37 0.572578864814
0 38 0.823045325634
0 39 0.309542820510
0 40 0.749878560704
0 41 0.020548183403
0 42 0.166198762057
0 43 0.766227665439
0 44 0.927312714505
0 45 0.347804971859
0 46 0.088386487411
0 47 0.947973052480
0 48 0.347420015322
0 49 0.166325067901
0 50 0.560613866396
0 51 0.303263317815
0 52 0.982154374029
0 53 0.187993230250
0 54 0.631124475833
0 55 0.970508048924
0 56 0.938196032344
0 57 0.702089308641
0 58 0.138967481169
0 59 0.265269109524
0 60 0.075177742493
0 61 0.565791770390
0 62 0.780329775004
0 63 0.571498743792
0 64 0.381195791220
0 65 0.059831646491
0 66 0.911960311395
0 67 0.658716655776
0 68 0.384872699022
0 69 0.343346790222
0 70 0.375313238128
0 71 0.480080504821
0 72 0.663526825537
0 73 0.530062853936
0 74 0.463301526385
0 75 0.480201742012
0 76 0.163818261126
0 77 0.292277428227
0 78 0.297980947708
0 79 0.917773488149
0 80 0.896629461810
0 81 0.888213947929
0 82 0.378532010485
0 83 0.514300010325
0 84 0.745089557658
0 85 0.687778332644
0 86 0.817655720081
0 87 0.129320264353
0 88 0.611865277396
0 89 0.936717576735
0 90 0.936169668250
0 91 0.973556603516
0 92 0.776967323562
0 93 0.184830099918
0 94 0.184533978243
0 95 0.379524264208
0 96 0.764497686733
0 97 0.211755541557
0 98 0.598176996210
0 99 0.561457068658
1 0 0.745648578939
1 1 0.018561707846
1 2 0.971469475966
1 3 0.133531734289
1 4 0.991003908620
1 5 0.964524901006
1 6 0.955420986655
1 7 0.563444513229
1 8 0.874852881591
1 9 0.723393496682
1 10 0.826350160305
1 11 0.301863317931
1 12 0.445774362695
1 13 0.410496978351
1 14 0.729330185744
1 15 0.549827103473
1 16 0.660714278002
1 17 0.424750138428
1 18 0.686712512126
1 19 0.680958564807
1 20 0.387863476372
1 21 0.008655728201
1 22 0.579688775420
1 23 0.618237716566
1 24 0.720893608453
1 25 0.613486000987
1 26 0.979342027057
1 27 0.412961639493
1 28 0.229436462987
1 29 0.474130549250
1 30 0.140239364589
1 31 0.671974632966
1 32 0.339430273771
1 33 0.849854699016
1 34 0.761441623405
1 35 0.230934366747
1 36 0.744960347498
1 37 0.304995764121
1 38 0.888784847799
1 39 0.698429945796
1 40 0.947874305477
1 41 0.606014758529
1 42 0.134556809828
1 43 0.431758166341
1 44 0.970236162453
1 45 0.702109934901
1 46 0.390904641096
1 47 0.537201023129
1 48 0.718351491722
1 49 0.464633309829
1 50 0.474275585503
1 51 0.665986783812
1 52 0.702548626102
1 53 0.267264942697
1 54 0.609617628506
1 55 0.111749071296
1 56 0.728889120299
1 57 0.307177048892
1 58 0.739771884563
1 59 0.531182516490
1 60 0.965786834028
1 61 0.892432519021
1 62 0.966766619359
1 63 0.114492272411
1 64 0.339753593675
1 65 0.859565034750
1 66 0.650329528513
1 67 0.956512476590
1 68 0.059483204529
1 69 0.101704210931
1 70 0.028381144937
1 71 0.120317368961
1 72 0.629181986639
1 73 0.717318222894
1 74 0.648537038415
1 75 0.540203147399
1 76 0.092743830369
1 77 0.177051358282
1 78 0.707579594654
1 79 0.542130541146
1 80 0.393566298016
1 81 0.712762239120
1 82 0.321272676429
1 83 0.437103833035
1 84 0.351661583563
1 85 0.577197051777
1 86 0.105223799319
1 87 0.569391735310
1 88 0.812242892605
1 89 0.373851455843
1 90 0.687925323675
1 91 0.446554369788
1 92 0.253484497015
1 93 0.813213529904
1 94 0.328258704971
1 95 0.119980283350
1 96 0.086825425044
1 97 0.671968641835
1 98 0.627135092531
1 99 0.373751209838
2 0 0.258311481493
2 1 0.371712334622
2 2 0.390374294648
2 3 0.508572525972
2 4 0.592890684405
2 5 0.811502375689
2 6 0.021905287359
2 7 0.773590963019
2 8 0.965809086421
2 9 0.371591882269
2 10 0.667967754292
2 11 0.984420300501
2 12 0.772883735709
2 13 0.266309671410
2 14 0.447195492225
2 15 0.364586388738
2 16 0.000778505175
2 17 0.263073382956
2 18 0.901173801357
2 19 0.323919662572
2 20 0.824125479824
2 21 0.235187653213
2 22 0.740297333649
2 23 0.650023482856
2 24 0.186506362365
2 25 0.283748996886
2 26 0.314079754168
2 27 0.498624162607
2 28 0.837755141053
2 29 0.131101750291
2 30 0.118786783126
2 31 0.468250260584
2 32 0.414638265256
2 33 0.509563292427
2 34 0.276135533392
2 35 0.027992734904
2 36 0.792981323761
2 37 0.658380286054
2 38 0.849854283899
2 39 0.472796651988
2 40 0.566752010576
2 41 0.650492603610
2 42 0.448109699458
2 43 0.726465953148
2 44 0.573594752422
2 45 0.809304536684
2 46 0.995719895133
2 47 0.278854005057
2 48 0.648569342297
2 49 0.738598300135
2 50 0.144347260572
2 51 0.555491527198
2 52 0.307202245926
2 53 0.500699958342
2 54 0.800479833031
2 55 0.498798885029
2 56 0.282725993417
2 57 0.505369597496
2 58 0.426898720178
2 59 0.300003814832
2 60 0.157830691431
2 61 0.916859169814
2 62 0.412498294309
2 63 0.143134048116
2 64 0.696195084683
2 65 0.085945354068
2 66 0.147561734319
2 67 0.206323726606
2 68 0.122911855862
2 69 0.809552687543
2 70 0.502784226262
2 71 0.110918144094
2 72 0.611392384052
2 73 0.376136328356
2 74 0.392072743545
2 75 0.759298390810
2 76 0.441414445801
2 77 0.449295981078
2 78 0.768711130820
2 79 0.521328314998
2 80 0.429347401358
2 81 0.623144995747
2 82 0.282067493139
2 83 0.521709081153
2 84 0.481829961818
2 85 0.919482841754
2 86 0.274726292884
2 87 0.001618386687
2 88 0.254523008395
2 89 0.002207440372
2 90 0.968822608713
2 91 0.657487374640
2 92 0.655193505940
2 93 0.984994786888
2 94 0.508586854482
2 95 0.435420274500
2 96 0.792621986577
2 97 0.215939678488
2 98 0.892490486901
2 99 0.565317550469
3 0 0.389021517531
3 1 0.964086621644
3 2 0.038078625424
3 3 0.384608145882
3 4 0.089165066451
3 5 0.052523034774
3 6 0.141401612611
3 7 0.596837348872
3 8 0.994365123384
3 9 0.331380002119
3 10 0.451156313499
3 11 0.078352480555
3 12 0.070801034797
3 13 0.393463950083
3 14 0.959545952350
3 15 0.291337521642
3 16 0.454117509568
3 17 0.431918366697
3 18 0.327790955158
3 19 0.020925212532
3 20 0.416002027927
3 21 0.363578371087
3 22 0.360647094939
3 23 0.953407091809
3 24 0.171537337552
3 25 0.532215927548
3 26 0.387389129746
3 27 0.309252459649
3 28 0.620093739061
3 29 0.142053896860
3 30 0.809921280096
3 31 0.661865447929
3 32 0.389791097369
3 33 0.145691594358
3 34 0.344828786593
3 35 0.957041525167
3 36 0.079758423155
3 37 0.739804857337
3 38 0.354985008118
3 39 0.725693756319
3 40 0.436840983319
3 41 0.180341415108
3 42 0.133780637001
3 43 0.134524151998
3 44 0.742286930571
3 45 0.989172521044
3 46 0.181841715765
3 47 0.914507787928
3 48 0.865347151803
3 49 0.768355946296
3 50 0.927973113571
3 51 0.541717123963
3 52 0.904974990638
3 53 0.973227571853
3 54 0.483507327220
3 55 0.472924273594
3 56 0.538742062158
3 57 0.081737166847
3 58 0.712360996534
3 59 0.941732446039
3 60 0.060963899288
3 61 0.738463410929
3 62 0.790243970056
3 63 0.088383050841
3 64 0.710992093886
3 65 0.552786689817
3 66 0.371126952321
3 67 0.971740695506
3 68 0.337741794563
3 69 0.919769964629
3 70 0.835759788567
3 71 0.073926708500
3 72 0.732103055019
3 73 0.311711222660
3 74 0.556303459559
3 75 0.351343969620
3 76 0.730901541306
3 77 0.950619831854
3 78 0.892477498169
3 79 0.632272797666
3 80 0.486465816635
3 81 0.747189764203
3 82 0.681981066688
3 83 0.605269989554
3 84 0.948448764566
3 85 0.292016519250
3 86 0.687027674887
3 87 0.393118400053
3 88 0.076570385589
3 89 0.956505847681
3 90 0.893593806128
3 91 0.453595909865
3 92 0.477014369718
3 93 0.500480547288
3 94 0.741721287040
3 95 0.077546398667
3 96 0.749970018554
3 97 0.800404456623
3 98 0.451685723198
3 99 0.635040628300
4 0 0.387571241137
4 1 0.435884470237
4 2 0.005535787116
4 3 0.256563697545
4 4 0.396828234016
4 5 0.106612461985
4 6 0.515348585636
4 7 0.426633158306
4 8 0.290721877337
4 9 0.778312675393
4 10 0.999130698732
4 11 0.970031332501
4 12 0.090950526503
4 13 0.025845423512
4 14 0.037765929432
4 15 0.712484762592
4 16 0.215810759946
4 17 0.357498420874
4 18 0.894291677082
4 19 0.748094841410
4 20 0.970030278597
4 21 0.600766769350
4 22 0.777039619631
4 23 0.161018630687
4 24 0.898535168806
4 25 0.004435986964
4 26 0.590788786227
4 27 0.371061257830
4 28 0.773431900442
4 29 0.803789378283
4 30 0.045088639710
4 31 0.456018414788
4 32 0.371658837824
4 33 0.986900175212
4 34 0.801714832456
4 35 0.995546347856
4 36 0.984765842850
4 37 0.557627154728
4 38 0.074656288596
4 39 0.842348785616
4 40 0.797361032526
4 41 0.614913663159
4 42 0.478013149834
4 43 0.635220357345
4 44 0.985511603447
4 45 0.761200715937
4 46 0.908003436294
4 47 0.740485459495
4 48 0.244270930303
4 49 0.865265127782
4 50 0.081566697162
4 51 0.760312727391
4 52 0.306639370744
4 53 0.543831070379
4 54 0.661567699011
4 55 0.580620658949
4 56 0.986092777597
4 57 0.610300257414
4 58 0.046596333874
4 59 0.344630066587
4 60 0.624002475944
4 61 0.118700273951
4 62 0.543542205739
4 63 0.257087878806
4 64 0.631136536960
4 65 0.919564159124
4 66 0.452784000618
4 67 0.574939241842
4 68 0.259351232000
4 69 0.172330438616
4 70 0.814514495527
4 71 0.982473612625
4 72 0.100308377781
4 73 0.908891854881
4 74 0.058874760538
4 75 0.588058202686
4 76 0.315420097113
4 77 0.013433836495
4 78 0.733147997158
4 79 0.256020258886
4 80 0.307245314139
4 81 0.125852577136
4 82 0.237875306780
4 83 0.213097776365
4 84 0.921075335231
4 85 0.460378946827
4 86 0.210272080964
4 87 0.823558003124
4 88 0.940576051677
4 89 0.000640390701
4 90 0.045192943083
4 91 0.641249662321
4 92 0.310549044992
4 93 0.632249875521
4 94 0.854933001623
4 95 0.772203431639
4 96 0.013911539717
4 97 0.764528573913
4 98 0.885441233406
4 99 0.789483670942
0 0 9
0 1 9
0 2 9
0 3 7
0 4 6
0 5 5
0 6 5
0 7 6
0 8 4
0 9 5
0 10 8
0 11 8
0 12 11
0 13 7
0 14 7
0 15 7
0 16 4
0 17 8
0 18 6
0 19 7
0 20 7
0 21 10
0 22 9
0 23 11
0 24 9
0 25 10
0 26 10
0 27 10
0 28 9
0 29 10
0 30 9
0 31 9
0 32 7
0 33 4
0 34 5
0 35 8
0 36 10
0 37 9
0 38 5
0 39 9
0 40 5
0 41 9
0 42 9
0 43 5
0 44 5
0 45 5
0 46 4
0 47 5
0 48 9
0 49 7
0 50 7
0 51 10
0 52 3
0 53 4
0 54 9
0 55 5
0 56 9
0 57 4
0 58 3
0 59 8
0 60 9
0 61 7
0 62 10
0 63 10
0 64 10
0 65 3
0 66 9
0 67 9
0 68 7
0 69 8
0 70 3
0 71 9
0 72 4
0 73 9
0 74 7
0 75 9
0 76 9
0 77 7
0 78 6
0 79 11
0 80 10
0 81 5
0 82 7
0 83 8
0 84 10
0 85 5
0 86 8
0 87 4
0 88 7
0 89 9
0 90 4
0 91 9
0 92 6
0 93 4
0 94 8
0 95 7
0 96 10
0 97 6
0 98 9
0 99 8
1 0 7
1 1 9
1 2 10
1 3 7
1 4 5
1 5 6
1 6 4
1 7 6
1 8 4
1 9 7
1 10 7
1 11 10
1 12 11
1 13 8
1 14 8
1 15 7
1 16 5
1 17 7
1 18 6
1 19 7
1 20 8
1 21 9
1 22 9
1 23 10
1 24 7
1 25 10
1 26 11
1 27 9
1 28 9
1 29 11
1 30 9
1 31 9
1 32 8
1 33 4
1 34 5
1 35 9
1 36 9
1 37 10
1 38 3
1 39 7
1 40 7
1 41 8
1 42 9
1 43 4
1 44 4
1 45 5
1 46 5
1 47 3
1 48 10
1 49 9
1 50 9
1 51 10
1 52 3
1 53 5
1 54 7
1 55 6
1 56 10
1 57 5
1 58 4
1 59 8
1 60 9
1 61 7
1 62 9
1 63 10
1 64 10
1 65 3
1 66 7
1 67 11
1 68 6
1 69 10
1 70 5
1 71 8
1 72 4
1 73 9
1 74 6
1 75 8
1 76 9
1 77 8
1 78 8
1 79 11
1 80 11
1 81 5
1 82 8
1 83 9
1 84 11
1 85 3
1 86 9
1 87 4
1 88 8
1 89 9
1 90 3
1 91 9
1 92 7
1 93 4
1 94 8
1 95 8
1 96 9
1 97 6
1 98 7
1 99 9
2 0 10
2 1 11
2 2 12
2 3 11
2 4 9
2 5 7
2 6 8
2 7 10
2 8 8
2 9 8
2 10 11
2 11 11
2 12 13
2 13 12
2 14 9
2 15 10
2 16 6
2 17 10
2 18 9
2 19 12
2 20 11
2 21 14
2 22 10
2 23 14
2 24 12
2 25 13
2 26 14
2 27 11
2 28 11
2 29 13
2 30 11
2 31 12
2 32 10
2 33 7
2 34 8
2 35 13
2 36 12
2 37 12
2 38 6
2 39 12
2 40 9
2 41 11
2 42 11
2 43 7
2 44 7
2 45 7
2 46 7
2 47 6
2 48 12
2 49 12
2 50 12
2 51 13
2 52 7
2 53 7
2 54 11
2 55 9
2 56 11
2 57 8
2 58 7
2 59 13
2 60 11
2 61 12
2 62 11
2 63 11
2 64 12
2 65 7
2 66 12
2 67 13
2 68 9
2 69 11
2 70 7
2 71 13
2 72 7
2 73 12
2 74 8
2 75 10
2 76 12
2 77 9
2 78 10
2 79 12
2 80 14
2 81 7
2 82 10
2 83 13
2 84 13
2 85 8
2 86 11
2 87 6
2 88 10
2 89 13
2 90 6
2 91 12
2 92 11
2 93 8
2 94 13
2 95 11
2 96 12
2 97 8
2 98 10
2 99 11
3 0 10
3 1 10
3 2 11
3 3 11
3 4 7
3 5 7
3 6 7
3 7 10
3 8 5
3 9 9
3 10 8
3 11 11
3 12 11
3 13 10
3 14 9
3 15 10
3 16 7
3 17 9
3 18 10
3 19 11
3 20 10
3 21 11
3 22 10
3 23 11
3 24 11
3 25 12
3 26 12
3 27 10
3 28 11
3 29 11
3 30 10
3 31 12
3 32 11
3 33 5
3 34 7
3 35 11
3 36 11
3 37 11
3 38 7
3 39 11
3 40 7
3 41 10
3 42 12
3 43 6
3 44 7
3 45 5
3 46 6
3 47 5
3 48 12
3 49 9
3 50 10
3 51 13
3 52 7
3 53 8
3 54 11
3 55 6
3 56 12
3 57 6
3 58 6
3 59 12
3 60 11
3 61 9
3 62 12
3 63 11
3 64 13
3 65 5
3 66 9
3 67 11
3 68 9
3 69 10
3 70 5
3 71 10
3 72 5
3 73 11
3 74 8
3 75 10
3 76 10
3 77 10
3 78 8
3 79 11
3 80 11
3 81 7
3 82 9
3 83 12
3 84 12
3 85 6
3 86 11
3 87 5
3 88 10
3 89 12
3 90 7
3 91 10
3 92 8
3 93 7
3 94 10
3 95 9
3 96 11
3 97 7
3 98 11
3 99 10
4 0 10
4 1 10
4 2 11
4 3 8
4 4 6
4 5 5
4 6 5
4 7 7
4 8 5
4 9 8
4 10 9
4 11 9
4 12 11
4 13 8
4 14 7
4 15 7
4 16 5
4 17 8
4 18 8
4 19 8
4 20 8
4 21 10
4 22 8
4 23 12
4 24 9
4 25 10
4 26 11
4 27 10
4 28 10
4 29 11
4 30 10
4 31 11
4 32 8
4 33 5
4 34 4
4 35 9
4 36 12
4 37 10
4 38 5
4 39 8
4 40 6
4 41 8
4 42 11
4 43 6
4 44 4
4 45 5
4 46 6
4 47 6
4 48 10
4 49 8
4 50 8
4 51 11
4 52 6
4 53 6
4 54 8
4 55 5
4 56 11
4 57 5
4 58 4
4 59 11
4 60 11
4 61 8
4 62 9
4 63 9
4 64 11
4 65 5
4 66 10
4 67 11
4 68 8
4 69 9
4 70 6
4 71 9
4 72 6
4 73 9
4 74 6
4 75 9
4 76 8
4 77 8
4 78 9
4 79 12
4 80 10
4 81 6
4 82 8
4 83 11
4 84 10
4 85 4
4 86 8
4 87 5
4 88 9
4 89 12
4 90 5
4 91 10
4 92 8
4 93 4
4 94 11
4 95 10
4 96 12
4 97 8
4 98 8
4 99 11
