5 100 10 6 10.0 3.0 1.0 95
3 15 7
5 53 7
0 22 4
3 46 7
5 15 6
5 125 8
3 93 4
5 68 8
1 86 6
6 88 9
0 57 3
2 29 7
6 72 5
6 182 4
4 142 3
6 10 3
6 180 3
3 9 9
4 113 7
7 204 7
1 113 9
0 59 4
2 91 9
4 145 8
8 12 8
1 14 9
2 96 3
2 116 3
4 85 3
6 168 8
5 132 4
9 218 3
8 177 9
0 84 3
7 130 8
1 51 3
1 97 3
5 88 3
0 85 8
9 85 8
6 164 9
1 8 8
0 97 7
4 75 5
3 86 7
8 51 8
7 108 9
8 110 9
0 94 8
8 112 7
8 229 6
2 109 8
7 184 8
9 138 3
1 102 9
7 22 3
1 63 4
6 190 8
7 204 3
7 121 8
3 129 3
4 152 9
4 152 5
2 108 5
8 107 3
8 86 4
5 6 9
3 27 8
9 45 9
6 118 9
0 53 7
1 82 8
7 208 4
2 57 7
3 122 3
7 182 5
2 57 4
9 85 5
2 103 7
9 242 8
6 98 9
7 41 7
1 80 9
9 168 7
5 138 3
8 89 3
3 12 7
9 175 7
2 39 8
4 152 7
0 94 8
4 100 8
5 148 7
8 163 8
9 18 9
5 97 7
4 127 8
0 96 8
3 106 6
9 212 4
0 0 0.786306546967
0 1 0.317095438384
0 2 0.042248775140
0 3 0.752283725993
0 4 0.111360898669
0 5 0.328962110728
0 6 0.122463479045
0 7 0.797984037709
0 8 0.669159806086
0 9 0.188286051960
0 10 0.294677709773
0 11 0.455703923436
0 12 0.095043452667
0 13 0.348914837960
0 14 0.324862438976
0 15 0.679098721987
0 16 0.606641055529
0 17 0.553235667100
0 18 0.409390564884
0 19 0.323988865567
0 20 0.079482550492
0 21 0.075034902448
0 22 0.108565036023
0 23 0.571598771274
0 24 0.586074719483
0 25 0.214214521049
0 26 0.627542515703
0 27 0.355381641094
0 28 0.082867306764
0 29 0.560997525899
0 30 0.398981202276
0 31 0.092187267478
0 32 0.223791367657
0 33 0.733552717798
0 34 0.033788291162
0 35 0.267060107493
0 36 0.305133971020
0 37 0.980592859516
0 38 0.243126695889
0 39 0.347595526112
0 40 0.960412373894
0 41 0.439653890873
0 42 0.169181424958
0 43 0.567227132920
0 44 0.568510450842
0 45 0.746751514536
0 46 0.537241291744
0 47 0.463480218702
0 48 0.823026962692
0 49 0.152471020465
0 50 0.871301732899
0 51 0.396857569894
0 52 0.872726414747
0 53 0.980157870785
0 54 0.263280702666
0 55 0.027534138355
0 56 0.517580753886
0 57 0.982020041765
0 58 0.214000192488
0 59 0.686040625927
0 60 0.355173918697
0 61 0.585249522109
0 62 0.810061392990
0 63 0.305403298760
0 64 0.904411505791
0 65 0.078564834213
0 66 0.820777653064
0 67 0.702315264048
0 68 0.488852417234
0 69 0.868076779662
0 70 0.382761506618
0 71 0.085544993719
0 72 0.828308064120
0 73 0.954329769232
0 74 0.563969759276
0 75 0.457031155921
0 76 0.679636344553
0 77 0.980949048956
0 78 0.958506904567
0 79 0.825208159917
0 80 0.511546079423
0 81 0.651003286071
0 82 0.806721687720
0 83 0.783992571693
0 84 0.952108185957
0 85 0.124859599507
0 86 0.852361115168
0 87 0.075249285244
0 88 0.998074198518
0 89 0.906373847964
0 90 0.279457067555
0 91 0.076330408624
0 92 0.795380983137
0 93 0.064494788414
0 94 0.053075041075
0 95 0.726430512327
0 96 0.486950522638
0 97 0.867979431532
0 98 0.087544213851
0 99 0.444662840818
1 0 0.209438277074
1 1 0.443406718111
1 2 0.823422162355
1 3 0.302069559260
1 4 0.933892675406
1 5 0.396336188564
1 6 0.144861398571
1 7 0.650683536657
1 8 0.026184538577
1 9 0.565374093296
1 10 0.659873170044
1 11 0.310517274884
1 12 0.292837258394
1 13 0.243179370096
1 14 0.472719362660
1 15 0.503697264573
1 16 0.590732972878
1 17 0.720919511612
1 18 0.642424031253
1 19 0.528986567633
1 20 0.106776520240
1 21 0.762983265083
1 22 0.762948359695
1 23 0.524141533990
1 24 0.896020680895
1 25 0.958453351638
1 26 0.603757188897
1 27 0.086334580716
1 28 0.511584197515
1 29 0.899422979832
1 30 0.986380941182
1 31 0.699420278842
1 32 0.417372271384
1 33 0.833074598235
1 34 0.492173328359
1 35 0.740170701309
1 36 0.566210113050
1 37 0.276580250165
1 38 0.901457882811
1 39 0.176019184333
1 40 0.128228664887
1 41 0.297688075465
1 42 0.741179800136
1 43 0.619057709175
1 44 0.832137083168
1 45 0.633693529282
1 46 0.835655911783
1 47 0.629734435689
1 48 0.209476121927
1 49 0.555427111228
1 50 0.266921286685
1 51 0.028422344428
1 52 0.875175294171
1 53 0.350445634653
1 54 0.914221274794
1 55 0.851694412188
1 56 0.266237188593
1 57 0.966763241078
1 58 0.825326785768
1 59 0.558997626929
1 60 0.203276432173
1 61 0.457317022773
1 62 0.972512182016
1 63 0.413824695636
1 64 0.973943895282
1 65 0.978759194527
1 66 0.986906498576
1 67 0.450719349915
1 68 0.770361953658
1 69 0.406196657209
1 70 0.886325051120
1 71 0.728013671155
1 72 0.600626261744
1 73 0.270038346141
1 74 0.764840333533
1 75 0.716070226985
1 76 0.898265650801
1 77 0.150526257490
1 78 0.313988086186
1 79 0.124718332194
1 80 0.066379978998
1 81 0.239162419173
1 82 0.241035048623
1 83 0.951233663892
1 84 0.476006912255
1 85 0.611338106873
1 86 0.739751318910
1 87 0.672982147058
1 88 0.853825833386
1 89 0.193251557413
1 90 0.923742751031
1 91 0.532856636328
1 92 0.926470044493
1 93 0.461381835754
1 94 0.483506450905
1 95 0.320593910369
1 96 0.828951979105
1 97 0.909825129348
1 98 0.133561272313
1 99 0.478202216995
2 0 0.622617639343
2 1 0.532563047723
2 2 0.658909809878
2 3 0.133743516976
2 4 0.551189352449
2 5 0.595929841534
2 6 0.571511157031
2 7 0.587478413712
2 8 0.488515120382
2 9 0.222903300757
2 10 0.299806251451
2 11 0.955296625756
2 12 0.004185933395
2 13 0.991869205515
2 14 0.409472867403
2 15 0.042664276938
2 16 0.416949958967
2 17 0.782399193759
2 18 0.904004118735
2 19 0.194862984583
2 20 0.926509728127
2 21 0.610009048839
2 22 0.472300985389
2 23 0.705102385284
2 24 0.592450716415
2 25 0.033466896768
2 26 0.134293334535
2 27 0.793388927297
2 28 0.566543598940
2 29 0.850205889517
2 30 0.490355533658
2 31 0.228052984552
2 32 0.321880270489
2 33 0.595546341721
2 34 0.582171605872
2 35 0.967320280061
2 36 0.641205995577
2 37 0.222166179901
2 38 0.999287873879
2 39 0.196314872452
2 40 0.651861373383
2 41 0.301546077277
2 42 0.683281900261
2 43 0.750574776743
2 44 0.917252922006
2 45 0.307865962932
2 46 0.174446200238
2 47 0.749142440449
2 48 0.390648190324
2 49 0.118436261115
2 50 0.062452982851
2 51 0.959078839134
2 52 0.616131113707
2 53 0.967470818534
2 54 0.275825006879
2 55 0.951014077936
2 56 0.805888447761
2 57 0.073725596538
2 58 0.591016269280
2 59 0.598550183497
2 60 0.686243908678
2 61 0.721203536203
2 62 0.424112452811
2 63 0.648069270330
2 64 0.376135652834
2 65 0.263125331538
2 66 0.997580639602
2 67 0.624385327258
2 68 0.182628587981
2 69 0.001972861924
2 70 0.145204288032
2 71 0.792931076584
2 72 0.111217246461
2 73 0.488060952912
2 74 0.693017680235
2 75 0.461529512563
2 76 0.275500330307
2 77 0.027318554912
2 78 0.959980105355
2 79 0.444151968517
2 80 0.691307674874
2 81 0.450861918654
2 82 0.493890711504
2 83 0.836408544139
2 84 0.774478819211
2 85 0.573126163242
2 86 0.053450843319
2 87 0.723242819557
2 88 0.984409187893
2 89 0.269108077842
2 90 0.066475274994
2 91 0.461506685960
2 92 0.791283008559
2 93 0.559288597785
2 94 0.104417596938
2 95 0.424473248061
2 96 0.309452570122
2 97 0.912276423468
2 98 0.770644315448
2 99 0.060361348853
3 0 0.181399219101
3 1 0.938943319857
3 2 0.266899332471
3 3 0.243855319716
3 4 0.569835880203
3 5 0.929294012097
3 6 0.718912592729
3 7 0.245674321637
3 8 0.210988795218
3 9 0.809047756613
3 10 0.653681867511
3 11 0.520938811148
3 12 0.713353750167
3 13 0.175185235682
3 14 0.149140259463
3 15 0.772093692474
3 16 0.773820482672
3 17 0.295063439255
3 18 0.263483461257
3 19 0.386926206017
3 20 0.769974962382
3 21 0.201316421820
3 22 0.978790528735
3 23 0.908030627100
3 24 0.157182791076
3 25 0.796384332800
3 26 0.953670625530
3 27 0.366580274655
3 28 0.376505704589
3 29 0.775524641821
3 30 0.949291552286
3 31 0.836839369692
3 32 0.470915089002
3 33 0.468191205432
3 34 0.940337176095
3 35 0.004798313360
3 36 0.652085497703
3 37 0.276779598707
3 38 0.653596160945
3 39 0.417851126227
3 40 0.502235052895
3 41 0.010651283795
3 42 0.136412066891
3 43 0.481677870243
3 44 0.959661445951
3 45 0.216147712346
3 46 0.993155032947
3 47 0.321475677451
3 48 0.594207897967
3 49 0.493653776236
3 50 0.648532997843
3 51 0.498752436157
3 52 0.778053441545
3 53 0.685876823826
3 54 0.366640091736
3 55 0.339956239951
3 56 0.884272197401
3 57 0.836686117426
3 58 0.381520631660
3 59 0.807591244333
3 60 0.674243298478
3 61 0.912636068302
3 62 0.187566717124
3 63 0.468128944036
3 64 0.232411675930
3 65 0.670953460658
3 66 0.366200273257
3 67 0.296775225825
3 68 0.149596933312
3 69 0.984541780793
3 70 0.192030813621
3 71 0.591978104722
3 72 0.308588974669
3 73 0.367322425097
3 74 0.285020371489
3 75 0.472854053985
3 76 0.721377499303
3 77 0.341993806824
3 78 0.533789099790
3 79 0.477978867442
3 80 0.403748250971
3 81 0.808473601373
3 82 0.615257472447
3 83 0.856532784686
3 84 0.803094157969
3 85 0.955268216569
3 86 0.106214322512
3 87 0.488718922394
3 88 0.512997068389
3 89 0.108306497444
3 90 0.170653244990
3 91 0.109764196577
3 92 0.378992449685
3 93 0.978130507346
3 94 0.754170948805
3 95 0.774875920044
3 96 0.662706464446
3 97 0.284675141387
3 98 0.207218736095
3 99 0.812720199844
4 0 0.018544630286
4 1 0.620071354692
4 2 0.322400019301
4 3 0.146200519833
4 4 0.068714184896
4 5 0.732856021482
4 6 0.080158320797
4 7 0.122303155838
4 8 0.348795175913
4 9 0.334471548030
4 10 0.741718510355
4 11 0.015632309533
4 12 0.825880809305
4 13 0.838370212920
4 14 0.863270923929
4 15 0.387698541929
4 16 0.341666247135
4 17 0.655049288110
4 18 0.766642013445
4 19 0.837141491964
4 20 0.990545105516
4 21 0.909770619216
4 22 0.749758894073
4 23 0.514492647711
4 24 0.252752602603
4 25 0.787967094492
4 26 0.471534683538
4 27 0.419268482577
4 28 0.079687761196
4 29 0.516463971683
4 30 0.247344131249
4 31 0.822648701230
4 32 0.364585536493
4 33 0.698944301978
4 34 0.782030111919
4 35 0.153056365673
4 36 0.378632318195
4 37 0.809578444766
4 38 0.149344004539
4 39 0.974438336260
4 40 0.488609955649
4 41 0.816050286021
4 42 0.009020407525
4 43 0.091178493057
4 44 0.409994091950
4 45 0.765505532430
4 46 0.852654856351
4 47 0.318660325137
4 48 0.195758817334
4 49 0.119920479568
4 50 0.194244321057
4 51 0.778199814429
4 52 0.661378354317
4 53 0.869821913335
4 54 0.953725243892
4 55 0.838249010403
4 56 0.576494664187
4 57 0.642568871207
4 58 0.368256205359
4 59 0.998541928768
4 60 0.862179647560
4 61 0.322190759047
4 62 0.180555162658
4 63 0.450386934227
4 64 0.692067632294
4 65 0.962593707166
4 66 0.638730139368
4 67 0.631682781893
4 68 0.018051812625
4 69 0.622615769584
4 70 0.010941544739
4 71 0.276213790539
4 72 0.254972533659
4 73 0.878058335515
4 74 0.948308931214
4 75 0.129794867162
4 76 0.394730559499
4 77 0.436870727068
4 78 0.296509386137
4 79 0.520021508549
4 80 0.613670478259
4 81 0.219535425587
4 82 0.267346740343
4 83 0.009379067938
4 84 0.867313823542
4 85 0.069492852347
4 86 0.483095003089
4 87 0.910991345232
4 88 0.490719218225
4 89 0.659137717387
4 90 0.434070993496
4 91 0.782115491757
4 92 0.245092968513
4 93 0.853024447377
4 94 0.694586029144
4 95 0.842474056725
4 96 0.051278412661
4 97 0.662871400222
4 98 0.529862536633
4 99 0.228155423174
0 0 10
0 1 9
0 2 5
0 3 8
0 4 9
0 5 9
0 6 5
0 7 9
0 8 8
0 9 11
0 10 6
0 11 10
0 12 6
0 13 6
0 14 5
0 15 5
0 16 5
0 17 11
0 18 10
0 19 10
0 20 10
0 21 7
0 22 11
0 23 10
0 24 9
0 25 10
0 26 6
0 27 6
0 28 4
0 29 9
0 30 5
0 31 5
0 32 11
0 33 6
0 34 9
0 35 4
0 36 5
0 37 5
0 38 11
0 39 10
0 40 10
0 41 9
0 42 8
0 43 7
0 44 8
0 45 9
0 46 12
0 47 10
0 48 10
0 49 9
0 50 9
0 51 10
0 52 9
0 53 4
0 54 11
0 55 6
0 56 6
0 57 10
0 58 4
0 59 10
0 60 5
0 61 12
0 62 6
0 63 6
0 64 6
0 65 5
0 66 10
0 67 11
0 68 10
0 69 11
0 70 9
0 71 9
0 72 5
0 73 8
0 74 6
0 75 6
0 76 6
0 77 7
0 78 10
0 79 11
0 80 11
0 81 10
0 82 11
0 83 9
0 84 4
0 85 4
0 86 8
0 87 8
0 88 9
0 89 9
0 90 11
0 91 9
0 92 9
0 93 10
0 94 12
0 95 9
0 96 10
0 97 10
0 98 9
0 99 5
1 0 11
1 1 11
1 2 7
1 3 9
1 4 10
1 5 12
1 6 8
1 7 11
1 8 9
1 9 11
1 10 6
1 11 11
1 12 8
1 13 8
1 14 7
1 15 7
1 16 7
1 17 12
1 18 11
1 19 11
1 20 12
1 21 8
1 22 13
1 23 11
1 24 10
1 25 12
1 26 6
1 27 6
1 28 6
1 29 11
1 30 6
1 31 5
1 32 12
1 33 5
1 34 10
1 35 6
1 36 6
1 37 6
1 38 11
1 39 11
1 40 12
1 41 11
1 42 10
1 43 8
1 44 9
1 45 12
1 46 13
1 47 11
1 48 11
1 49 11
1 50 10
1 51 11
1 52 10
1 53 6
1 54 13
1 55 6
1 56 6
1 57 11
1 58 7
1 59 11
1 60 5
1 61 13
1 62 9
1 63 8
1 64 6
1 65 6
1 66 13
1 67 12
1 68 13
1 69 12
1 70 11
1 71 11
1 72 6
1 73 10
1 74 7
1 75 9
1 76 8
1 77 7
1 78 11
1 79 11
1 80 11
1 81 9
1 82 13
1 83 11
1 84 5
1 85 6
1 86 11
1 87 11
1 88 10
1 89 11
1 90 10
1 91 12
1 92 10
1 93 11
1 94 11
1 95 10
1 96 12
1 97 11
1 98 9
1 99 6
2 0 12
2 1 11
2 2 9
2 3 10
2 4 9
2 5 11
2 6 8
2 7 12
2 8 11
2 9 13
2 10 7
2 11 12
2 12 10
2 13 9
2 14 6
2 15 6
2 16 6
2 17 13
2 18 11
2 19 10
2 20 13
2 21 7
2 22 13
2 23 12
2 24 13
2 25 12
2 26 6
2 27 8
2 28 7
2 29 11
2 30 7
2 31 7
2 32 13
2 33 8
2 34 11
2 35 7
2 36 6
2 37 6
2 38 11
2 39 11
2 40 14
2 41 12
2 42 10
2 43 10
2 44 10
2 45 13
2 46 13
2 47 14
2 48 12
2 49 11
2 50 11
2 51 13
2 52 12
2 53 7
2 54 12
2 55 6
2 56 8
2 57 11
2 58 8
2 59 13
2 60 7
2 61 13
2 62 10
2 63 9
2 64 7
2 65 7
2 66 13
2 67 11
2 68 13
2 69 13
2 70 12
2 71 12
2 72 9
2 73 12
2 74 6
2 75 9
2 76 7
2 77 10
2 78 11
2 79 13
2 80 14
2 81 12
2 82 12
2 83 11
2 84 6
2 85 7
2 86 12
2 87 10
2 88 13
2 89 11
2 90 13
2 91 11
2 92 10
2 93 11
2 94 13
2 95 10
2 96 11
2 97 11
2 98 10
2 99 8
3 0 10
3 1 11
3 2 8
3 3 12
3 4 9
3 5 11
3 6 7
3 7 11
3 8 9
3 9 14
3 10 6
3 11 10
3 12 8
3 13 7
3 14 6
3 15 8
3 16 7
3 17 14
3 18 11
3 19 10
3 20 12
3 21 8
3 22 14
3 23 13
3 24 11
3 25 14
3 26 7
3 27 8
3 28 6
3 29 12
3 30 8
3 31 7
3 32 13
3 33 7
3 34 11
3 35 6
3 36 8
3 37 8
3 38 13
3 39 13
3 40 14
3 41 11
3 42 11
3 43 9
3 44 12
3 45 13
3 46 14
3 47 12
3 48 12
3 49 11
3 50 11
3 51 11
3 52 13
3 53 8
3 54 12
3 55 8
3 56 7
3 57 13
3 58 6
3 59 13
3 60 6
3 61 13
3 62 9
3 63 10
3 64 6
3 65 7
3 66 13
3 67 12
3 68 14
3 69 12
3 70 10
3 71 13
3 72 7
3 73 11
3 74 6
3 75 8
3 76 9
3 77 10
3 78 10
3 79 11
3 80 12
3 81 12
3 82 12
3 83 11
3 84 6
3 85 7
3 86 12
3 87 11
3 88 11
3 89 12
3 90 12
3 91 11
3 92 11
3 93 11
3 94 13
3 95 10
3 96 13
3 97 13
3 98 9
3 99 7
4 0 11
4 1 12
4 2 8
4 3 11
4 4 11
4 5 11
4 6 7
4 7 13
4 8 11
4 9 12
4 10 7
4 11 11
4 12 10
4 13 7
4 14 6
4 15 6
4 16 7
4 17 13
4 18 12
4 19 12
4 20 14
4 21 8
4 22 13
4 23 13
4 24 13
4 25 13
4 26 6
4 27 6
4 28 6
4 29 13
4 30 7
4 31 7
4 32 12
4 33 6
4 34 11
4 35 6
4 36 8
4 37 6
4 38 11
4 39 12
4 40 14
4 41 11
4 42 11
4 43 8
4 44 11
4 45 11
4 46 12
4 47 14
4 48 12
4 49 10
4 50 10
4 51 11
4 52 11
4 53 6
4 54 13
4 55 6
4 56 9
4 57 13
4 58 7
4 59 11
4 60 6
4 61 14
4 62 10
4 63 8
4 64 7
4 65 8
4 66 12
4 67 12
4 68 13
4 69 13
4 70 10
4 71 12
4 72 9
4 73 12
4 74 8
4 75 10
4 76 8
4 77 10
4 78 10
4 79 11
4 80 13
4 81 11
4 82 13
4 83 11
4 84 8
4 85 7
4 86 11
4 87 10
4 88 12
4 89 12
4 90 11
4 91 12
4 92 12
4 93 12
4 94 12
4 95 12
4 96 13
4 97 11
4 98 10
4 99 9
