5 100 10 6 10.0 3.0 1.0 95
4 67 4
5 2 3
2 16 8
1 90 4
2 3 5
6 142 5
4 67 9
9 112 4
1 93 9
8 40 7
5 72 6
2 53 6
9 190 3
5 50 8
5 16 8
0 45 9
1 28 8
4 98 8
4 25 3
7 95 8
2 49 3
6 94 7
4 22 8
0 70 3
2 1 9
1 43 9
2 5 9
3 144 3
7 41 4
8 61 8
0 13 9
4 43 3
7 210 6
7 126 7
6 114 5
4 115 7
7 82 7
6 90 7
3 93 7
9 75 7
8 196 3
2 48 7
8 219 8
1 68 8
0 18 3
5 90 6
4 22 7
7 54 3
3 70 9
9 225 7
5 84 3
0 17 6
3 123 6
3 142 3
5 169 8
9 150 3
3 105 6
9 178 7
8 135 7
8 16 4
7 4 3
8 56 4
3 54 7
5 57 7
4 120 5
2 73 7
2 41 3
1 12 6
2 88 7
8 210 9
6 142 3
5 84 8
0 54 9
9 212 9
4 108 9
1 30 3
0 90 7
3 112 7
6 16 7
1 56 3
9 5 8
3 51 9
3 28 9
0 47 8
7 163 9
6 190 7
8 21 9
7 152 8
9 105 5
1 77 8
6 152 3
8 61 3
7 189 7
5 16 7
6 192 7
6 194 8
9 122 9
0 23 7
0 22 6
1 23 9
0 0 0.433926550323
0 1 0.106718962556
0 2 0.883063395605
0 3 0.166926306120
0 4 0.898538443864
0 5 0.461720731197
0 6 0.048823326191
0 7 0.444753075039
0 8 0.491278854517
0 9 0.843976688384
0 10 0.109489725212
0 11 0.314877827101
0 12 0.665354121421
0 13 0.407591612998
0 14 0.698040780098
0 15 0.094912928354
0 16 0.084168501253
0 17 0.564840362076
0 18 0.234505767814
0 19 0.107109243635
0 20 0.136710550996
0 21 0.281955526227
0 22 0.888814492514
0 23 0.211577146083
0 24 0.145500887089
0 25 0.705176950437
0 26 0.814949159816
0 27 0.098672273679
0 28 0.872541610352
0 29 0.997949569906
0 30 0.097443060732
0 31 0.196091684289
0 32 0.082799735960
0 33 0.344762552307
0 34 0.340091503621
0 35 0.613700440760
0 36 0.941498247987
0 37 0.916753759341
0 38 0.698952430661
0 39 0.440409447510
0 40 0.771469963919
0 41 0.722883701187
0 42 0.309103265617
0 43 0.443671259656
0 44 0.193696280581
0 45 0.498683162507
0 46 0.612378039876
0 47 0.951443467067
0 48 0.829610088325
0 49 0.138504997624
0 50 0.554118757712
0 51 0.617705908031
0 52 0.221376427108
0 53 0.245187201402
0 54 0.403740617435
0 55 0.919082469924
0 56 0.710504527956
0 57 0.504409764899
0 58 0.211311978416
0 59 0.579614735576
0 60 0.045290600246
0 61 0.259555945368
0 62 0.403121632212
0 63 0.026597334314
0 64 0.316596305771
0 65 0.615134259176
0 66 0.851696055789
0 67 0.344705195585
0 68 0.880964297356
0 69 0.602222499746
0 70 0.460740414827
0 71 0.583555168925
0 72 0.313701412163
0 73 0.965074824353
0 74 0.402118747149
0 75 0.796775874626
0 76 0.736567430409
0 77 0.471325938037
0 78 0.411420518069
0 79 0.351042356595
0 80 0.556808813414
0 81 0.823842269930
0 82 0.644566631042
0 83 0.628473264712
0 84 0.689388454794
0 85 0.326546044013
0 86 0.835039791163
0 87 0.460070028479
0 88 0.008417605584
0 89 0.006595341828
0 90 0.264895264527
0 91 0.077523839252
0 92 0.493257560521
0 93 0.372923324490
0 94 0.871537009794
0 95 0.285278401717
0 96 0.700088298792
0 97 0.370992468247
0 98 0.105084107470
0 99 0.944239265327
1 0 0.540023970756
1 1 0.416991806249
1 2 0.813841149842
1 3 0.325971708637
1 4 0.897726318416
1 5 0.581503786643
1 6 0.827825117664
1 7 0.534391564423
1 8 0.357769607396
1 9 0.815200125289
1 10 0.536368138405
1 11 0.071842706311
1 12 0.451743911547
1 13 0.629875987466
1 14 0.362063109737
1 15 0.612835718418
1 16 0.099245742678
1 17 0.113898863069
1 18 0.171076747415
1 19 0.732259202866
1 20 0.424896089812
1 21 0.701606224488
1 22 0.601304696434
1 23 0.740538326959
1 24 0.930899306918
1 25 0.407324835545
1 26 0.611378629962
1 27 0.623863030962
1 28 0.327804272280
1 29 0.716319925961
1 30 0.569565195585
1 31 0.035578371648
1 32 0.564638797475
1 33 0.448294293652
1 34 0.037244225957
1 35 0.379094526093
1 36 0.917035594520
1 37 0.028015945664
1 38 0.751686616584
1 39 0.408157858058
1 40 0.549797762878
1 41 0.361225228269
1 42 0.359127415056
1 43 0.489782454606
1 44 0.958190853323
1 45 0.266245803858
1 46 0.720645159951
1 47 0.745700475978
1 48 0.888902793541
1 49 0.149622146507
1 50 0.659958334851
1 51 0.905920668974
1 52 0.402602658321
1 53 0.123566490409
1 54 0.849778091691
1 55 0.286583741540
1 56 0.300719005896
1 57 0.016480380515
1 58 0.855857605451
1 59 0.912556495641
1 60 0.476491732364
1 61 0.114741935162
1 62 0.262384414501
1 63 0.108877631568
1 64 0.637780845968
1 65 0.226714539322
1 66 0.368609683844
1 67 0.794641069390
1 68 0.155181505670
1 69 0.895297622984
1 70 0.339702418939
1 71 0.935650150341
1 72 0.112503094615
1 73 0.141510621718
1 74 0.661106458328
1 75 0.306080928390
1 76 0.971584413373
1 77 0.645084736033
1 78 0.212663300723
1 79 0.425850672691
1 80 0.263920381995
1 81 0.012613163108
1 82 0.414426716416
1 83 0.797367439900
1 84 0.955869936537
1 85 0.588970483370
1 86 0.594843095802
1 87 0.056759092488
1 88 0.157868477734
1 89 0.301667445651
1 90 0.547400768887
1 91 0.300737836184
1 92 0.528039564846
1 93 0.024666359712
1 94 0.959144787946
1 95 0.805551196992
1 96 0.338896958752
1 97 0.530132491712
1 98 0.679489534494
1 99 0.924224872445
2 0 0.062726959949
2 1 0.938809125182
2 2 0.945887307400
2 3 0.582121415380
2 4 0.787767329225
2 5 0.058254490803
2 6 0.252383289795
2 7 0.771401054897
2 8 0.090614998468
2 9 0.859169876198
2 10 0.419653707775
2 11 0.429266560664
2 12 0.332530414281
2 13 0.388092161625
2 14 0.772217737520
2 15 0.488227289481
2 16 0.690523246154
2 17 0.477184440249
2 18 0.412224220912
2 19 0.951996734893
2 20 0.179202048523
2 21 0.954253677528
2 22 0.859254294063
2 23 0.532658140372
2 24 0.485626888412
2 25 0.979657700913
2 26 0.242053378305
2 27 0.132197062090
2 28 0.764673233262
2 29 0.392306950021
2 30 0.334923202951
2 31 0.587341750797
2 32 0.422919530193
2 33 0.413154867109
2 34 0.726174149850
2 35 0.592725854506
2 36 0.391674641637
2 37 0.784079898490
2 38 0.937434015758
2 39 0.660653272703
2 40 0.476997891505
2 41 0.399064563919
2 42 0.814945438076
2 43 0.933267751310
2 44 0.542582001214
2 45 0.499889338611
2 46 0.346237639843
2 47 0.034108709064
2 48 0.623870173192
2 49 0.463253314849
2 50 0.827365699795
2 51 0.766208477867
2 52 0.121645083199
2 53 0.745101266187
2 54 0.536339431503
2 55 0.884784419078
2 56 0.682488612044
2 57 0.789057775209
2 58 0.810544267917
2 59 0.655608685640
2 60 0.040296452031
2 61 0.897039303140
2 62 0.000145192435
2 63 0.242700534631
2 64 0.187327021683
2 65 0.146203148828
2 66 0.714526782382
2 67 0.901835662562
2 68 0.550450286292
2 69 0.144205691569
2 70 0.834781766478
2 71 0.996270817895
2 72 0.334006800340
2 73 0.963193671413
2 74 0.940824752028
2 75 0.755896726639
2 76 0.912358996078
2 77 0.719117743330
2 78 0.768599515366
2 79 0.564661181328
2 80 0.548182779856
2 81 0.189523256059
2 82 0.188025311035
2 83 0.640259401851
2 84 0.528296319517
2 85 0.137282759047
2 86 0.409268907144
2 87 0.923053246187
2 88 0.518575225100
2 89 0.883625398251
2 90 0.037590102860
2 91 0.800774686120
2 92 0.534862052972
2 93 0.850028208061
2 94 0.339612103037
2 95 0.048171414300
2 96 0.360243058674
2 97 0.143866212486
2 98 0.405055170682
2 99 0.968491205584
3 0 0.164337917678
3 1 0.655680402662
3 2 0.540929135793
3 3 0.102073749182
3 4 0.689812129977
3 5 0.025151073391
3 6 0.554947258659
3 7 0.562938329603
3 8 0.819778070049
3 9 0.805266686293
3 10 0.569765483477
3 11 0.015297838983
3 12 0.539352612869
3 13 0.797641068197
3 14 0.543902095473
3 15 0.400329338437
3 16 0.419468659619
3 17 0.420631819821
3 18 0.325509349644
3 19 0.111678290681
3 20 0.785677458016
3 21 0.983463906900
3 22 0.523747576181
3 23 0.183423857782
3 24 0.205215220178
3 25 0.047976829577
3 26 0.753261536147
3 27 0.372183869792
3 28 0.207234521684
3 29 0.855624405879
3 30 0.038787399950
3 31 0.109058364741
3 32 0.196475911529
3 33 0.898251084554
3 34 0.294752825424
3 35 0.818331248142
3 36 0.178209221929
3 37 0.108228201899
3 38 0.829290152542
3 39 0.735816110927
3 40 0.232223422964
3 41 0.492507680696
3 42 0.518096464652
3 43 0.762175856537
3 44 0.943229700387
3 45 0.430740731457
3 46 0.240131775675
3 47 0.877587636867
3 48 0.152229208848
3 49 0.863616347985
3 50 0.040710609670
3 51 0.525197238479
3 52 0.452225797251
3 53 0.426565788226
3 54 0.017422426643
3 55 0.497752305458
3 56 0.774529491619
3 57 0.966781253029
3 58 0.690870668686
3 59 0.666837566289
3 60 0.175258240189
3 61 0.157069763713
3 62 0.429381767067
3 63 0.443249534054
3 64 0.022363343427
3 65 0.375992619049
3 66 0.437651633257
3 67 0.579495099823
3 68 0.130810393055
3 69 0.261388895004
3 70 0.185142250208
3 71 0.680097034126
3 72 0.260284371646
3 73 0.297478649544
3 74 0.387533040344
3 75 0.245844137550
3 76 0.489527792693
3 77 0.505883751020
3 78 0.669556678146
3 79 0.542316789733
3 80 0.854598331957
3 81 0.316018657479
3 82 0.110819803647
3 83 0.356483844278
3 84 0.421632204626
3 85 0.589239465598
3 86 0.155163511059
3 87 0.126052758742
3 88 0.607929639191
3 89 0.795577999397
3 90 0.572007652879
3 91 0.700163114356
3 92 0.567631967584
3 93 0.889951270499
3 94 0.762423655127
3 95 0.127533970363
3 96 0.412047238992
3 97 0.206006639436
3 98 0.418998380909
3 99 0.154498229241
4 0 0.580110647535
4 1 0.966112661757
4 2 0.304655557142
4 3 0.953189957891
4 4 0.128564288632
4 5 0.070105379030
4 6 0.359283218250
4 7 0.921147581209
4 8 0.493559687994
4 9 0.378075318517
4 10 0.152211860434
4 11 0.580229383502
4 12 0.241254399431
4 13 0.035380304919
4 14 0.179582455359
4 15 0.394389499784
4 16 0.241411918716
4 17 0.819801022435
4 18 0.052615600427
4 19 0.963859468140
4 20 0.633736110093
4 21 0.868122511893
4 22 0.151285215406
4 23 0.077014080945
4 24 0.015035221646
4 25 0.809085111866
4 26 0.076625098179
4 27 0.593459062546
4 28 0.877173339285
4 29 0.275280719946
4 30 0.198359143673
4 31 0.957720837981
4 32 0.537762997798
4 33 0.278771436341
4 34 0.886960913162
4 35 0.762688618879
4 36 0.971254526554
4 37 0.853880905180
4 38 0.220444529183
4 39 0.539883283024
4 40 0.334537793622
4 41 0.553162674943
4 42 0.246050540312
4 43 0.114526719613
4 44 0.951848135383
4 45 0.981981231565
4 46 0.165771017666
4 47 0.660825776931
4 48 0.148971090393
4 49 0.935020610695
4 50 0.423239488712
4 51 0.777051718637
4 52 0.204147398870
4 53 0.633062884835
4 54 0.418792684000
4 55 0.421527253774
4 56 0.136100570911
4 57 0.351064018638
4 58 0.948393373190
4 59 0.008911806705
4 60 0.820289975257
4 61 0.274006791477
4 62 0.682437501018
4 63 0.889415159360
4 64 0.369721776274
4 65 0.091769627800
4 66 0.330082725506
4 67 0.892559393124
4 68 0.705241923304
4 69 0.893111036050
4 70 0.500208351313
4 71 0.407830577948
4 72 0.165941190756
4 73 0.498490373001
4 74 0.495127723968
4 75 0.406640724513
4 76 0.904327495570
4 77 0.423635196240
4 78 0.799684277783
4 79 0.218423498518
4 80 0.270362209250
4 81 0.583350091224
4 82 0.971977942744
4 83 0.928444218174
4 84 0.640035065172
4 85 0.423066719450
4 86 0.250643113542
4 87 0.649661390033
4 88 0.268512882748
4 89 0.666434171479
4 90 0.081698065976
4 91 0.474604462015
4 92 0.490238757662
4 93 0.614135307952
4 94 0.329009587441
4 95 0.186750583872
4 96 0.124727612293
4 97 0.139423458173
4 98 0.813365494631
4 99 0.878613561956
0 0 8
0 1 5
0 2 12
0 3 7
0 4 9
0 5 7
0 6 11
0 7 6
0 8 12
0 9 10
0 10 8
0 11 9
0 12 5
0 13 12
0 14 11
0 15 12
0 16 12
0 17 12
0 18 6
0 19 10
0 20 6
0 21 9
0 22 10
0 23 6
0 24 11
0 25 13
0 26 11
0 27 6
0 28 8
0 29 11
0 30 12
0 31 7
0 32 9
0 33 11
0 34 7
0 35 9
0 36 11
0 37 9
0 38 9
0 39 11
0 40 6
0 41 10
0 42 12
0 43 11
0 44 5
0 45 10
0 46 9
0 47 5
0 48 11
0 49 10
0 50 5
0 51 10
0 52 8
0 53 6
0 54 12
0 55 5
0 56 10
0 57 10
0 58 10
0 59 7
0 60 6
0 61 7
0 62 11
0 63 9
0 64 8
0 65 9
0 66 6
0 67 8
0 68 11
0 69 12
0 70 6
0 71 11
0 72 12
0 73 12
0 74 13
0 75 7
0 76 9
0 77 11
0 78 11
0 79 5
0 80 10
0 81 11
0 82 11
0 83 12
0 84 12
0 85 11
0 86 11
0 87 10
0 88 7
0 89 10
0 90 7
0 91 5
0 92 11
0 93 11
0 94 9
0 95 12
0 96 12
0 97 10
0 98 8
0 99 11
1 0 5
1 1 4
1 2 8
1 3 6
1 4 6
1 5 6
1 6 10
1 7 6
1 8 11
1 9 8
1 10 7
1 11 8
1 12 4
1 13 10
1 14 10
1 15 10
1 16 10
1 17 10
1 18 5
1 19 9
1 20 5
1 21 9
1 22 10
1 23 5
1 24 9
1 25 9
1 26 9
1 27 5
1 28 6
1 29 9
1 30 11
1 31 3
1 32 8
1 33 9
1 34 6
1 35 7
1 36 8
1 37 8
1 38 7
1 39 9
1 40 5
1 41 9
1 42 10
1 43 9
1 44 3
1 45 6
1 46 9
1 47 5
1 48 11
1 49 9
1 50 3
1 51 7
1 52 7
1 53 4
1 54 9
1 55 3
1 56 6
1 57 7
1 58 8
1 59 5
1 60 5
1 61 6
1 62 9
1 63 8
1 64 5
1 65 7
1 66 4
1 67 7
1 68 9
1 69 10
1 70 3
1 71 10
1 72 9
1 73 10
1 74 10
1 75 4
1 76 8
1 77 9
1 78 8
1 79 5
1 80 9
1 81 9
1 82 9
1 83 8
1 84 9
1 85 7
1 86 10
1 87 9
1 88 5
1 89 8
1 90 4
1 91 5
1 92 9
1 93 9
1 94 7
1 95 8
1 96 10
1 97 7
1 98 8
1 99 9
2 0 6
2 1 6
2 2 10
2 3 6
2 4 7
2 5 7
2 6 12
2 7 6
2 8 11
2 9 8
2 10 9
2 11 7
2 12 4
2 13 10
2 14 11
2 15 12
2 16 11
2 17 10
2 18 6
2 19 11
2 20 4
2 21 8
2 22 11
2 23 6
2 24 12
2 25 10
2 26 12
2 27 6
2 28 5
2 29 9
2 30 11
2 31 5
2 32 7
2 33 9
2 34 8
2 35 10
2 36 8
2 37 8
2 38 9
2 39 8
2 40 4
2 41 9
2 42 10
2 43 9
2 44 4
2 45 9
2 46 9
2 47 4
2 48 10
2 49 10
2 50 6
2 51 8
2 52 8
2 53 5
2 54 11
2 55 6
2 56 8
2 57 9
2 58 9
2 59 7
2 60 6
2 61 5
2 62 9
2 63 8
2 64 6
2 65 9
2 66 5
2 67 7
2 68 9
2 69 12
2 70 6
2 71 11
2 72 12
2 73 11
2 74 12
2 75 5
2 76 9
2 77 10
2 78 8
2 79 5
2 80 9
2 81 12
2 82 11
2 83 9
2 84 12
2 85 8
2 86 10
2 87 11
2 88 8
2 89 9
2 90 4
2 91 4
2 92 8
2 93 9
2 94 8
2 95 10
2 96 10
2 97 8
2 98 8
2 99 11
3 0 6
3 1 6
3 2 11
3 3 8
3 4 9
3 5 8
3 6 13
3 7 8
3 8 12
3 9 11
3 10 9
3 11 8
3 12 5
3 13 10
3 14 10
3 15 11
3 16 11
3 17 10
3 18 7
3 19 10
3 20 5
3 21 11
3 22 12
3 23 5
3 24 13
3 25 13
3 26 11
3 27 5
3 28 7
3 29 11
3 30 13
3 31 6
3 32 9
3 33 11
3 34 9
3 35 10
3 36 9
3 37 11
3 38 9
3 39 11
3 40 5
3 41 9
3 42 12
3 43 12
3 44 6
3 45 9
3 46 11
3 47 5
3 48 12
3 49 10
3 50 5
3 51 8
3 52 8
3 53 6
3 54 11
3 55 7
3 56 8
3 57 11
3 58 10
3 59 8
3 60 7
3 61 8
3 62 9
3 63 11
3 64 7
3 65 11
3 66 5
3 67 8
3 68 9
3 69 13
3 70 5
3 71 11
3 72 11
3 73 13
3 74 11
3 75 5
3 76 9
3 77 10
3 78 11
3 79 7
3 80 12
3 81 12
3 82 13
3 83 12
3 84 13
3 85 11
3 86 13
3 87 12
3 88 7
3 89 12
3 90 5
3 91 7
3 92 10
3 93 9
3 94 11
3 95 11
3 96 13
3 97 11
3 98 9
3 99 12
4 0 6
4 1 4
4 2 9
4 3 5
4 4 5
4 5 5
4 6 11
4 7 5
4 8 9
4 9 8
4 10 7
4 11 8
4 12 3
4 13 9
4 14 10
4 15 9
4 16 10
4 17 10
4 18 4
4 19 10
4 20 5
4 21 7
4 22 10
4 23 3
4 24 11
4 25 9
4 26 9
4 27 5
4 28 6
4 29 10
4 30 11
4 31 3
4 32 8
4 33 7
4 34 5
4 35 9
4 36 8
4 37 7
4 38 9
4 39 7
4 40 5
4 41 7
4 42 8
4 43 10
4 44 4
4 45 8
4 46 8
4 47 3
4 48 9
4 49 9
4 50 3
4 51 6
4 52 7
4 53 3
4 54 9
4 55 5
4 56 8
4 57 8
4 58 7
4 59 4
4 60 5
4 61 5
4 62 7
4 63 7
4 64 7
4 65 8
4 66 3
4 67 7
4 68 8
4 69 11
4 70 5
4 71 9
4 72 11
4 73 11
4 74 11
4 75 3
4 76 9
4 77 7
4 78 8
4 79 5
4 80 9
4 81 10
4 82 10
4 83 9
4 84 9
4 85 9
4 86 9
4 87 10
4 88 6
4 89 9
4 90 4
4 91 4
4 92 8
4 93 8
4 94 8
4 95 8
4 96 9
4 97 9
4 98 7
4 99 11
