5 100 10 6 10.0 3.0 1.0 95
5 106 7
4 17 3
7 72 5
3 114 5
6 62 9
7 132 7
4 12 7
1 110 9
4 108 8
2 29 8
7 35 7
8 37 6
8 79 8
7 48 8
1 82 5
1 112 9
8 105 3
0 71 9
9 230 4
7 199 3
4 67 8
7 15 9
3 148 8
3 141 9
9 60 3
1 35 8
4 50 5
6 184 4
5 176 4
6 130 9
5 88 3
5 99 9
9 170 7
4 72 5
6 46 8
8 205 6
7 128 4
0 80 5
9 222 7
9 195 4
9 120 7
9 140 9
0 24 7
0 84 6
8 63 3
5 110 8
3 16 7
6 140 7
9 152 3
0 57 3
6 120 6
3 38 6
1 91 9
8 182 8
9 25 9
2 60 3
4 127 7
2 48 9
2 43 9
3 42 8
4 142 3
7 210 3
5 127 8
4 73 9
0 79 8
7 156 7
7 111 8
3 3 9
8 105 7
1 102 3
1 66 3
4 105 8
1 107 6
5 59 3
9 5 7
5 55 8
2 116 8
6 136 3
3 130 3
2 120 3
8 229 8
5 70 8
2 97 5
0 80 8
0 99 7
3 108 3
8 203 9
2 9 8
5 90 5
6 8 8
2 29 5
0 38 3
1 80 9
6 16 9
3 102 8
1 79 7
8 103 9
2 3 7
0 9 8
6 190 3
0 0 0.160576436309
0 1 0.761612320240
0 2 0.415470309579
0 3 0.629013166055
0 4 0.259633626729
0 5 0.939443608953
0 6 0.875090700608
0 7 0.893027280706
0 8 0.795945218198
0 9 0.457114708374
0 10 0.122122627059
0 11 0.115675399708
0 12 0.756548807326
0 13 0.082173804588
0 14 0.091118283116
0 15 0.265384245201
0 16 0.753197328180
0 17 0.008244877242
0 18 0.858960611830
0 19 0.425717974993
0 20 0.227821167249
0 21 0.129073683367
0 22 0.764762286788
0 23 0.752430596010
0 24 0.138512509020
0 25 0.359174885200
0 26 0.866423941122
0 27 0.831601615405
0 28 0.499401598029
0 29 0.885959954139
0 30 0.759542096217
0 31 0.968154671538
0 32 0.112787664355
0 33 0.486408700518
0 34 0.759749348513
0 35 0.165215620754
0 36 0.718766847443
0 37 0.663284087455
0 38 0.355273938397
0 39 0.722573327905
0 40 0.987095658585
0 41 0.590772293454
0 42 0.941378603286
0 43 0.806516043609
0 44 0.278768203674
0 45 0.586013793059
0 46 0.426778050867
0 47 0.692016397622
0 48 0.661710779168
0 49 0.872938058548
0 50 0.090779581302
0 51 0.865138835241
0 52 0.937671748682
0 53 0.825035289921
0 54 0.209036079501
0 55 0.073943713149
0 56 0.343779202060
0 57 0.347425820578
0 58 0.524346258895
0 59 0.290780618519
0 60 0.406615449632
0 61 0.408832818085
0 62 0.587033372514
0 63 0.231325756393
0 64 0.201574991227
0 65 0.471756624594
0 66 0.387672622243
0 67 0.759735050198
0 68 0.080084778918
0 69 0.423847233776
0 70 0.300500945026
0 71 0.072175858347
0 72 0.230218436331
0 73 0.535552285418
0 74 0.760940268413
0 75 0.041696379428
0 76 0.015644706000
0 77 0.750133504951
0 78 0.233783720009
0 79 0.091705106669
0 80 0.651967974932
0 81 0.469281350273
0 82 0.237979935569
0 83 0.609036457470
0 84 0.457356770821
0 85 0.643645526039
0 86 0.315503113752
0 87 0.550928858006
0 88 0.945345259866
0 89 0.281452497942
0 90 0.308154554713
0 91 0.725239358879
0 92 0.535044429477
0 93 0.581588916713
0 94 0.700189845936
0 95 0.561047315826
0 96 0.227739281502
0 97 0.082864215355
0 98 0.322501162862
0 99 0.338257839885
1 0 0.590789425334
1 1 0.421426048897
1 2 0.230260138402
1 3 0.939308991624
1 4 0.488881427490
1 5 0.267083031642
1 6 0.687674326097
1 7 0.442939799787
1 8 0.590930903301
1 9 0.382487520859
1 10 0.627638631022
1 11 0.481578405319
1 12 0.973655526369
1 13 0.835916678734
1 14 0.646666515973
1 15 0.246975826597
1 16 0.050060298081
1 17 0.877875605987
1 18 0.762067916336
1 19 0.386059357468
1 20 0.949833373783
1 21 0.371937260799
1 22 0.564427006017
1 23 0.101956302262
1 24 0.819438593739
1 25 0.714297172230
1 26 0.827282363236
1 27 0.694479512146
1 28 0.624739684036
1 29 0.298573183082
1 30 0.659470714309
1 31 0.516268866693
1 32 0.981721592138
1 33 0.653168170535
1 34 0.558627497256
1 35 0.556183604599
1 36 0.912616758702
1 37 0.825292153077
1 38 0.771608028221
1 39 0.338138546864
1 40 0.112954823752
1 41 0.132578429506
1 42 0.651511958960
1 43 0.165970350606
1 44 0.525486457549
1 45 0.295307896801
1 46 0.273395426550
1 47 0.487728133886
1 48 0.950443967752
1 49 0.389153830857
1 50 0.068824009307
1 51 0.673380803640
1 52 0.690096245847
1 53 0.074736297205
1 54 0.431530284024
1 55 0.791227158327
1 56 0.710963156705
1 57 0.727934061221
1 58 0.626531025747
1 59 0.885689127150
1 60 0.486125627052
1 61 0.303395872682
1 62 0.625936548840
1 63 0.991919687196
1 64 0.056602720624
1 65 0.866927935108
1 66 0.623515480156
1 67 0.125125490322
1 68 0.911849116043
1 69 0.367537208655
1 70 0.545728417457
1 71 0.525585382844
1 72 0.193907648736
1 73 0.500478667764
1 74 0.422293509555
1 75 0.620744422029
1 76 0.142781796590
1 77 0.580811283282
1 78 0.778465968882
1 79 0.833360896403
1 80 0.826100243913
1 81 0.143731319984
1 82 0.759992034868
1 83 0.820826400283
1 84 0.347601235162
1 85 0.585206387663
1 86 0.098689021336
1 87 0.376929001147
1 88 0.568417371284
1 89 0.926053419886
1 90 0.264428976503
1 91 0.708453552360
1 92 0.166390727211
1 93 0.198598030737
1 94 0.360956563391
1 95 0.545825023624
1 96 0.888566101769
1 97 0.151100027517
1 98 0.968904338501
1 99 0.992528440558
2 0 0.846629837107
2 1 0.322449350712
2 2 0.194324615190
2 3 0.210842906334
2 4 0.458384503534
2 5 0.815114477178
2 6 0.623983923282
2 7 0.006606178757
2 8 0.690956588710
2 9 0.092590498265
2 10 0.846515270515
2 11 0.404245568181
2 12 0.498742730834
2 13 0.401419548948
2 14 0.025216246535
2 15 0.171421954776
2 16 0.907733355735
2 17 0.874943151466
2 18 0.857567295626
2 19 0.150657897282
2 20 0.542489697122
2 21 0.746755708135
2 22 0.493141150096
2 23 0.885949334273
2 24 0.466915330105
2 25 0.033772475206
2 26 0.756687230341
2 27 0.403336459615
2 28 0.667018101996
2 29 0.553155168041
2 30 0.632399853871
2 31 0.119479847656
2 32 0.812878752424
2 33 0.105852140951
2 34 0.602413636251
2 35 0.080044291166
2 36 0.647679871396
2 37 0.550821117918
2 38 0.631585061028
2 39 0.698928044029
2 40 0.454217975271
2 41 0.691731131615
2 42 0.676918727314
2 43 0.368723217741
2 44 0.291850920889
2 45 0.675762260713
2 46 0.240803275762
2 47 0.542917448240
2 48 0.107701633537
2 49 0.854414198761
2 50 0.556433149085
2 51 0.859205508078
2 52 0.780192457922
2 53 0.674189439071
2 54 0.522284112260
2 55 0.058709246665
2 56 0.806314407660
2 57 0.201762165019
2 58 0.579711691050
2 59 0.145800034803
2 60 0.647958316031
2 61 0.576586355447
2 62 0.153537523097
2 63 0.980360774320
2 64 0.315922823160
2 65 0.682848144450
2 66 0.264216029849
2 67 0.220447326841
2 68 0.789681110623
2 69 0.555727713077
2 70 0.758339035806
2 71 0.485226191112
2 72 0.626566824551
2 73 0.916261515326
2 74 0.095195466359
2 75 0.841900529126
2 76 0.182071218488
2 77 0.101350704677
2 78 0.335614156298
2 79 0.384460466747
2 80 0.988644336087
2 81 0.686259475386
2 82 0.319731797268
2 83 0.389086388100
2 84 0.195521201316
2 85 0.621337074366
2 86 0.362322972552
2 87 0.293753407274
2 88 0.110669617675
2 89 0.291501757456
2 90 0.657111120216
2 91 0.689023700713
2 92 0.554607340956
2 93 0.727416219577
2 94 0.348457554916
2 95 0.539095783954
2 96 0.320667290512
2 97 0.239859955272
2 98 0.627127166625
2 99 0.079313249043
3 0 0.459764980552
3 1 0.808481093031
3 2 0.452072470913
3 3 0.625595414686
3 4 0.362296446338
3 5 0.367036184152
3 6 0.097933643449
3 7 0.313884701937
3 8 0.394261904312
3 9 0.855999550298
3 10 0.408897048301
3 11 0.439627849185
3 12 0.903890562811
3 13 0.472139535290
3 14 0.039589881220
3 15 0.443868796186
3 16 0.863224195307
3 17 0.807133435001
3 18 0.918429568179
3 19 0.666325732715
3 20 0.508424366249
3 21 0.715740163430
3 22 0.857806820180
3 23 0.547245802440
3 24 0.702426877219
3 25 0.602950497984
3 26 0.335211385604
3 27 0.246609872701
3 28 0.186492281065
3 29 0.919912198768
3 30 0.923447428428
3 31 0.202877837053
3 32 0.024335675597
3 33 0.855787701008
3 34 0.573914698474
3 35 0.900278810711
3 36 0.035783877060
3 37 0.323832556580
3 38 0.508237792364
3 39 0.663041712463
3 40 0.047215800209
3 41 0.499030886760
3 42 0.884097895982
3 43 0.360846470482
3 44 0.726118258715
3 45 0.278156244586
3 46 0.594943645922
3 47 0.266715121531
3 48 0.737822181692
3 49 0.820667572707
3 50 0.279630961611
3 51 0.429617272096
3 52 0.985192986285
3 53 0.802558281456
3 54 0.030586650445
3 55 0.656591761407
3 56 0.093743449736
3 57 0.553639599995
3 58 0.878553299773
3 59 0.184132151459
3 60 0.443408892179
3 61 0.268004325817
3 62 0.563693488575
3 63 0.693884157401
3 64 0.265054340153
3 65 0.700199859780
3 66 0.704215625456
3 67 0.507393979119
3 68 0.268405863741
3 69 0.361981313598
3 70 0.078250191193
3 71 0.487798982683
3 72 0.203848614113
3 73 0.012389501151
3 74 0.404032839836
3 75 0.926342111865
3 76 0.779458613681
3 77 0.488163278213
3 78 0.588738946830
3 79 0.576135343017
3 80 0.934411672103
3 81 0.488184165834
3 82 0.920184759325
3 83 0.720269750939
3 84 0.586224038605
3 85 0.442334471642
3 86 0.922970299359
3 87 0.145843719203
3 88 0.632312213072
3 89 0.100283920146
3 90 0.320771420632
3 91 0.127999667066
3 92 0.713521102583
3 93 0.124789632134
3 94 0.293260150947
3 95 0.374980148523
3 96 0.863019097188
3 97 0.895451058319
3 98 0.196792223056
3 99 0.787072362524
4 0 0.535520022872
4 1 0.947467942500
4 2 0.878502959834
4 3 0.719179326488
4 4 0.546828570085
4 5 0.230035202722
4 6 0.241703112867
4 7 0.878879650709
4 8 0.877434870204
4 9 0.483818239569
4 10 0.303258564572
4 11 0.616721611853
4 12 0.906851534308
4 13 0.556418993292
4 14 0.637518706060
4 15 0.789679993615
4 16 0.833399622748
4 17 0.970362462289
4 18 0.865433817345
4 19 0.179041662275
4 20 0.973715429417
4 21 0.954415644472
4 22 0.719391798596
4 23 0.082572336001
4 24 0.513691866723
4 25 0.389975622424
4 26 0.363083672575
4 27 0.337363691856
4 28 0.570402818962
4 29 0.578991958462
4 30 0.167309332232
4 31 0.654826288784
4 32 0.867141746949
4 33 0.453298397244
4 34 0.101624650805
4 35 0.242302973449
4 36 0.406728841240
4 37 0.090630809302
4 38 0.212495001719
4 39 0.260883859830
4 40 0.129324162321
4 41 0.026015675035
4 42 0.248752895256
4 43 0.770736785353
4 44 0.101028796873
4 45 0.563277274545
4 46 0.745268875920
4 47 0.118931845031
4 48 0.491036576673
4 49 0.801313637053
4 50 0.326706742641
4 51 0.797616963969
4 52 0.963846666234
4 53 0.535217696234
4 54 0.636678422768
4 55 0.455039760847
4 56 0.430938972181
4 57 0.886146274721
4 58 0.623146379977
4 59 0.672727794881
4 60 0.303900179812
4 61 0.607606347487
4 62 0.596803144948
4 63 0.659289616217
4 64 0.824762280297
4 65 0.430471484522
4 66 0.213642516637
4 67 0.868152290394
4 68 0.364501464470
4 69 0.053146475380
4 70 0.156458480274
4 71 0.230170799150
4 72 0.467752556033
4 73 0.573634086248
4 74 0.253083864232
4 75 0.961244602228
4 76 0.330895287451
4 77 0.329461229176
4 78 0.512529045071
4 79 0.205536752957
4 80 0.734371841827
4 81 0.037965481810
4 82 0.579336267847
4 83 0.199988834179
4 84 0.213322457788
4 85 0.123972719594
4 86 0.483966127926
4 87 0.096085062697
4 88 0.114316012292
4 89 0.371406503833
4 90 0.756396796466
4 91 0.689837228543
4 92 0.037281080311
4 93 0.827645648689
4 94 0.512690134368
4 95 0.771866477389
4 96 0.005196260233
4 97 0.273986460108
4 98 0.994464061639
4 99 0.801911670497
0 0 9
0 1 7
0 2 8
0 3 9
0 4 12
0 5 9
0 6 10
0 7 11
0 8 11
0 9 12
0 10 9
0 11 10
0 12 11
0 13 10
0 14 9
0 15 11
0 16 7
0 17 12
0 18 8
0 19 7
0 20 10
0 21 12
0 22 11
0 23 13
0 24 7
0 25 12
0 26 7
0 27 6
0 28 6
0 29 13
0 30 7
0 31 13
0 32 9
0 33 7
0 34 11
0 35 9
0 36 8
0 37 9
0 38 10
0 39 7
0 40 9
0 41 11
0 42 9
0 43 9
0 44 7
0 45 12
0 46 11
0 47 9
0 48 7
0 49 5
0 50 8
0 51 8
0 52 13
0 53 11
0 54 12
0 55 5
0 56 10
0 57 13
0 58 11
0 59 12
0 60 5
0 61 5
0 62 10
0 63 13
0 64 11
0 65 11
0 66 12
0 67 12
0 68 10
0 69 7
0 70 5
0 71 11
0 72 9
0 73 5
0 74 9
0 75 12
0 76 10
0 77 6
0 78 5
0 79 6
0 80 12
0 81 12
0 82 9
0 83 12
0 84 9
0 85 5
0 86 11
0 87 11
0 88 9
0 89 10
0 90 8
0 91 7
0 92 12
0 93 12
0 94 12
0 95 10
0 96 12
0 97 11
0 98 12
0 99 6
1 0 8
1 1 5
1 2 7
1 3 8
1 4 12
1 5 10
1 6 10
1 7 12
1 8 11
1 9 10
1 10 9
1 11 7
1 12 9
1 13 9
1 14 7
1 15 10
1 16 4
1 17 11
1 18 5
1 19 5
1 20 9
1 21 10
1 22 9
1 23 10
1 24 5
1 25 9
1 26 7
1 27 7
1 28 7
1 29 11
1 30 6
1 31 11
1 32 8
1 33 6
1 34 10
1 35 7
1 36 5
1 37 8
1 38 9
1 39 7
1 40 10
1 41 10
1 42 9
1 43 8
1 44 4
1 45 10
1 46 10
1 47 10
1 48 6
1 49 6
1 50 7
1 51 7
1 52 10
1 53 11
1 54 11
1 55 5
1 56 9
1 57 12
1 58 10
1 59 10
1 60 6
1 61 4
1 62 10
1 63 10
1 64 10
1 65 9
1 66 9
1 67 11
1 68 8
1 69 4
1 70 5
1 71 11
1 72 7
1 73 4
1 74 9
1 75 9
1 76 9
1 77 4
1 78 4
1 79 6
1 80 10
1 81 9
1 82 8
1 83 9
1 84 10
1 85 6
1 86 12
1 87 10
1 88 7
1 89 9
1 90 8
1 91 5
1 92 10
1 93 12
1 94 9
1 95 10
1 96 10
1 97 10
1 98 10
1 99 4
2 0 9
2 1 4
2 2 7
2 3 6
2 4 11
2 5 9
2 6 9
2 7 9
2 8 9
2 9 10
2 10 7
2 11 7
2 12 8
2 13 10
2 14 6
2 15 10
2 16 4
2 17 9
2 18 5
2 19 3
2 20 9
2 21 10
2 22 10
2 23 11
2 24 4
2 25 8
2 26 7
2 27 6
2 28 6
2 29 11
2 30 4
2 31 9
2 32 8
2 33 7
2 34 8
2 35 8
2 36 6
2 37 6
2 38 9
2 39 4
2 40 8
2 41 11
2 42 9
2 43 7
2 44 3
2 45 8
2 46 8
2 47 8
2 48 3
2 49 4
2 50 7
2 51 6
2 52 11
2 53 9
2 54 10
2 55 3
2 56 9
2 57 11
2 58 10
2 59 10
2 60 4
2 61 3
2 62 8
2 63 10
2 64 9
2 65 9
2 66 9
2 67 11
2 68 8
2 69 3
2 70 5
2 71 10
2 72 8
2 73 3
2 74 7
2 75 8
2 76 10
2 77 4
2 78 5
2 79 5
2 80 10
2 81 9
2 82 5
2 83 9
2 84 9
2 85 5
2 86 11
2 87 8
2 88 5
2 89 10
2 90 6
2 91 3
2 92 11
2 93 10
2 94 10
2 95 8
2 96 11
2 97 8
2 98 9
2 99 5
3 0 10
3 1 8
3 2 10
3 3 10
3 4 12
3 5 11
3 6 12
3 7 12
3 8 13
3 9 12
3 10 10
3 11 11
3 12 13
3 13 11
3 14 8
3 15 13
3 16 6
3 17 12
3 18 7
3 19 8
3 20 12
3 21 13
3 22 11
3 23 12
3 24 8
3 25 11
3 26 8
3 27 8
3 28 7
3 29 14
3 30 7
3 31 12
3 32 11
3 33 9
3 34 12
3 35 10
3 36 8
3 37 8
3 38 12
3 39 8
3 40 12
3 41 14
3 42 10
3 43 11
3 44 8
3 45 11
3 46 10
3 47 11
3 48 7
3 49 6
3 50 9
3 51 9
3 52 12
3 53 13
3 54 14
3 55 8
3 56 11
3 57 12
3 58 13
3 59 12
3 60 8
3 61 6
3 62 13
3 63 13
3 64 13
3 65 12
3 66 12
3 67 14
3 68 11
3 69 8
3 70 6
3 71 11
3 72 9
3 73 8
3 74 11
3 75 13
3 76 12
3 77 7
3 78 8
3 79 7
3 80 13
3 81 12
3 82 9
3 83 13
3 84 10
3 85 8
3 86 13
3 87 12
3 88 9
3 89 12
3 90 8
3 91 6
3 92 14
3 93 14
3 94 13
3 95 11
3 96 13
3 97 10
3 98 11
3 99 7
4 0 7
4 1 4
4 2 5
4 3 6
4 4 10
4 5 7
4 6 8
4 7 10
4 8 10
4 9 8
4 10 7
4 11 6
4 12 9
4 13 9
4 14 7
4 15 9
4 16 4
4 17 10
4 18 5
4 19 4
4 20 10
4 21 10
4 22 9
4 23 11
4 24 5
4 25 9
4 26 7
4 27 6
4 28 5
4 29 10
4 30 4
4 31 9
4 32 7
4 33 7
4 34 8
4 35 8
4 36 4
4 37 7
4 38 9
4 39 6
4 40 8
4 41 11
4 42 8
4 43 8
4 44 5
4 45 8
4 46 8
4 47 7
4 48 4
4 49 4
4 50 6
4 51 8
4 52 11
4 53 9
4 54 10
4 55 4
4 56 8
4 57 9
4 58 10
4 59 8
4 60 3
4 61 3
4 62 8
4 63 9
4 64 9
4 65 9
4 66 9
4 67 11
4 68 8
4 69 5
4 70 4
4 71 10
4 72 6
4 73 4
4 74 7
4 75 9
4 76 9
4 77 3
4 78 3
4 79 3
4 80 10
4 81 9
4 82 5
4 83 10
4 84 9
4 85 4
4 86 9
4 87 9
4 88 5
4 89 9
4 90 5
4 91 5
4 92 11
4 93 10
4 94 10
4 95 9
4 96 11
4 97 9
4 98 9
4 99 4
