10 100 10 7 10.0 3.0 1.0 95
3 147 9
2 87 8
4 102 3
2 24 6
0 59 6
0 60 4
8 184 8
4 32 3
5 116 3
8 54 4
9 182 6
4 73 8
2 21 5
3 92 3
9 245 9
7 2 6
7 48 9
8 47 4
5 117 8
9 185 9
9 102 3
3 140 9
8 93 3
2 29 3
4 130 8
5 154 8
1 61 9
6 156 7
6 90 3
0 17 3
9 42 3
7 189 9
3 99 4
6 18 8
8 222 7
8 201 9
5 66 4
0 20 9
0 43 9
5 86 3
5 53 8
7 195 7
6 20 3
9 175 7
3 21 9
9 238 9
8 212 8
6 2 7
6 4 7
1 13 7
1 70 5
0 77 7
1 71 7
4 160 9
0 20 8
3 28 7
2 60 8
6 96 5
2 53 7
2 19 8
7 141 7
6 170 9
6 140 5
8 219 3
5 9 4
9 25 4
7 41 3
1 84 3
5 178 8
8 77 9
5 182 9
1 78 7
3 40 6
1 71 4
9 75 9
0 16 3
4 13 6
7 132 6
2 52 3
8 44 7
3 105 3
0 86 7
1 63 3
4 47 7
7 7 9
1 50 9
1 54 7
3 129 7
3 111 7
7 30 9
4 118 8
9 178 9
0 73 9
4 127 7
4 33 6
5 134 8
2 131 7
2 85 8
6 30 7
7 202 3
0 0 0.370597228790
0 1 0.056119663963
0 2 0.704944651877
0 3 0.564001704742
0 4 0.647544550338
0 5 0.163210504380
0 6 0.558493056921
0 7 0.533664701732
0 8 0.830626663573
0 9 0.900835516703
0 10 0.780447682023
0 11 0.440241012356
0 12 0.475295553345
0 13 0.923392366329
0 14 0.615555066758
0 15 0.399147592987
0 16 0.136600487454
0 17 0.477428541386
0 18 0.069579710336
0 19 0.476926499414
0 20 0.600613223998
0 21 0.656156434557
0 22 0.072498304385
0 23 0.988844515336
0 24 0.348972777282
0 25 0.038467126657
0 26 0.179462283357
0 27 0.285496550351
0 28 0.021523192554
0 29 0.002822872963
0 30 0.924594455923
0 31 0.102515796952
0 32 0.274665592656
0 33 0.890165692783
0 34 0.371095742734
0 35 0.891702676076
0 36 0.872056100521
0 37 0.609901247615
0 38 0.239269865473
0 39 0.996166414324
0 40 0.805098579393
0 41 0.037162308092
0 42 0.698831476182
0 43 0.814236516809
0 44 0.844700653027
0 45 0.592710107145
0 46 0.463854578171
0 47 0.287750492038
0 48 0.558618659279
0 49 0.860983632131
0 50 0.434617169142
0 51 0.724610082369
0 52 0.060422876428
0 53 0.503658026591
0 54 0.316939228456
0 55 0.045109211993
0 56 0.547170402029
0 57 0.867081893351
0 58 0.909368713814
0 59 0.191493457663
0 60 0.888828844050
0 61 0.270388391253
0 62 0.432769908794
0 63 0.790805332350
0 64 0.522508379968
0 65 0.273952767414
0 66 0.166559955377
0 67 0.748951078633
0 68 0.065533895990
0 69 0.802956918772
0 70 0.131560992835
0 71 0.885062985634
0 72 0.142871545537
0 73 0.058724840524
0 74 0.909931840774
0 75 0.671285324356
0 76 0.695356923061
0 77 0.648157863173
0 78 0.811330774247
0 79 0.920791997476
0 80 0.296185240989
0 81 0.914687418292
0 82 0.806679419241
0 83 0.162199325258
0 84 0.528869448900
0 85 0.133071390623
0 86 0.303890616500
0 87 0.022974426986
0 88 0.871680407724
0 89 0.322739803715
0 90 0.313883978136
0 91 0.460353655602
0 92 0.558251130095
0 93 0.742137371835
0 94 0.775368971205
0 95 0.497507379849
0 96 0.198791675872
0 97 0.403309804538
0 98 0.293392405818
0 99 0.814604854842
1 0 0.172835885781
1 1 0.386877336536
1 2 0.805105907349
1 3 0.518763179142
1 4 0.314642311925
1 5 0.588436114393
1 6 0.855290612330
1 7 0.762809737499
1 8 0.652812080498
1 9 0.787862518491
1 10 0.250256317092
1 11 0.612595692518
1 12 0.731091634580
1 13 0.655656625731
1 14 0.171198404336
1 15 0.445108985307
1 16 0.720584500953
1 17 0.929274316358
1 18 0.051739957439
1 19 0.856776823226
1 20 0.193712762138
1 21 0.094288082800
1 22 0.522267348664
1 23 0.901712150644
1 24 0.218014668751
1 25 0.619789443852
1 26 0.837623712440
1 27 0.067937611689
1 28 0.473724379767
1 29 0.628474962683
1 30 0.686784475258
1 31 0.581096596164
1 32 0.596128421492
1 33 0.853621957493
1 34 0.600717814933
1 35 0.065086440643
1 36 0.331626744956
1 37 0.141104309129
1 38 0.758509534641
1 39 0.184750658695
1 40 0.336369916740
1 41 0.603497926193
1 42 0.159393696777
1 43 0.494281064989
1 44 0.997910968482
1 45 0.408791162001
1 46 0.784824423224
1 47 0.608945778817
1 48 0.047970696719
1 49 0.537972354374
1 50 0.036439009965
1 51 0.032475339350
1 52 0.518977634849
1 53 0.369858938852
1 54 0.049082926608
1 55 0.584950133766
1 56 0.893625741369
1 57 0.367880717628
1 58 0.160832450951
1 59 0.530370588277
1 60 0.222893896054
1 61 0.634034716463
1 62 0.195650936298
1 63 0.579552918199
1 64 0.144974925601
1 65 0.169462745533
1 66 0.088790252951
1 67 0.648082992118
1 68 0.251600824131
1 69 0.140148912035
1 70 0.649443328736
1 71 0.562197112663
1 72 0.334797569255
1 73 0.824003485947
1 74 0.620331925131
1 75 0.872708971990
1 76 0.495188944917
1 77 0.527254475714
1 78 0.287912908039
1 79 0.069874318371
1 80 0.447529155833
1 81 0.572727621298
1 82 0.952018744632
1 83 0.437537632496
1 84 0.467292792439
1 85 0.045091887457
1 86 0.397194701963
1 87 0.749040798107
1 88 0.728401828560
1 89 0.257379935409
1 90 0.379453601648
1 91 0.388928529992
1 92 0.934818470965
1 93 0.061011802242
1 94 0.595668190660
1 95 0.684398072094
1 96 0.469740149821
1 97 0.099960857686
1 98 0.984609164649
1 99 0.384081828409
2 0 0.459808667045
2 1 0.475212869127
2 2 0.406724601290
2 3 0.264912296246
2 4 0.775651132202
2 5 0.643737391528
2 6 0.892679149983
2 7 0.600968700572
2 8 0.892191179771
2 9 0.839851537122
2 10 0.220601256634
2 11 0.240256864098
2 12 0.788891543709
2 13 0.648293117114
2 14 0.022777858683
2 15 0.062028448599
2 16 0.582231759190
2 17 0.805966967661
2 18 0.376380214961
2 19 0.347964658103
2 20 0.592558369771
2 21 0.989696055041
2 22 0.370690183877
2 23 0.358033508971
2 24 0.592300802003
2 25 0.399414573865
2 26 0.415958142348
2 27 0.217216478971
2 28 0.908354892850
2 29 0.084199472169
2 30 0.410785171730
2 31 0.292042247220
2 32 0.592700455242
2 33 0.871827580697
2 34 0.379428153205
2 35 0.153385312534
2 36 0.564956180184
2 37 0.175443476946
2 38 0.897159456111
2 39 0.111462496057
2 40 0.638462949905
2 41 0.908507614204
2 42 0.543347132691
2 43 0.639360072090
2 44 0.982510899348
2 45 0.920884514971
2 46 0.773818321111
2 47 0.655648557353
2 48 0.594201388552
2 49 0.396635265779
2 50 0.928135523576
2 51 0.943048133077
2 52 0.168305669637
2 53 0.240279137671
2 54 0.299573193296
2 55 0.443478099102
2 56 0.561318048250
2 57 0.983692210017
2 58 0.610676303179
2 59 0.673881393132
2 60 0.809625538259
2 61 0.999687573641
2 62 0.698788933929
2 63 0.909701287139
2 64 0.847433706885
2 65 0.741602256958
2 66 0.163966071951
2 67 0.747129455122
2 68 0.516506516488
2 69 0.124010580725
2 70 0.423170583970
2 71 0.169645530635
2 72 0.406066600334
2 73 0.881123303334
2 74 0.111996025797
2 75 0.204435614255
2 76 0.302470901044
2 77 0.056490851189
2 78 0.079147485634
2 79 0.855469375597
2 80 0.949059101229
2 81 0.407725596276
2 82 0.737282351013
2 83 0.288326909781
2 84 0.450542524120
2 85 0.725334550039
2 86 0.891520035021
2 87 0.396564241793
2 88 0.998315895602
2 89 0.194573963758
2 90 0.315391809173
2 91 0.642013815131
2 92 0.991639760788
2 93 0.500510489834
2 94 0.442538676241
2 95 0.755835677218
2 96 0.434691715862
2 97 0.107241882571
2 98 0.945993231652
2 99 0.310010703213
3 0 0.771953420350
3 1 0.593007135066
3 2 0.928002117174
3 3 0.019638203299
3 4 0.302575889365
3 5 0.618925843807
3 6 0.235808450263
3 7 0.083643447745
3 8 0.576027664499
3 9 0.641651833954
3 10 0.801717348429
3 11 0.946709413494
3 12 0.264263654455
3 13 0.511875726679
3 14 0.164445928281
3 15 0.193374374142
3 16 0.355618745331
3 17 0.038976104973
3 18 0.928015479911
3 19 0.363151225310
3 20 0.194691094307
3 21 0.787734828469
3 22 0.966934850689
3 23 0.303360949319
3 24 0.233812367764
3 25 0.683217448800
3 26 0.449227483916
3 27 0.226372241068
3 28 0.070118431657
3 29 0.107748519601
3 30 0.826924164895
3 31 0.546884910025
3 32 0.793788996168
3 33 0.754667632961
3 34 0.369659830753
3 35 0.177615546120
3 36 0.178985836480
3 37 0.418731342545
3 38 0.622683147875
3 39 0.938632539500
3 40 0.836770009851
3 41 0.944515752533
3 42 0.417520315052
3 43 0.970396784730
3 44 0.252200061064
3 45 0.747346404000
3 46 0.697086332940
3 47 0.116934276673
3 48 0.112890300113
3 49 0.474149964591
3 50 0.806541036602
3 51 0.803885377532
3 52 0.089272508777
3 53 0.007046437243
3 54 0.941680686090
3 55 0.989173276866
3 56 0.286310362694
3 57 0.031736161671
3 58 0.759617487630
3 59 0.974600627696
3 60 0.442078296914
3 61 0.133814428225
3 62 0.029675616917
3 63 0.933988785821
3 64 0.277828788571
3 65 0.329571569784
3 66 0.055493846649
3 67 0.542522960248
3 68 0.547974856481
3 69 0.563641784499
3 70 0.095691743615
3 71 0.869763649409
3 72 0.672750066392
3 73 0.970313965107
3 74 0.963512299856
3 75 0.136146548206
3 76 0.364201123946
3 77 0.425458582161
3 78 0.236327945466
3 79 0.572600627325
3 80 0.963987063654
3 81 0.594820711247
3 82 0.543229902081
3 83 0.786100027326
3 84 0.491212142520
3 85 0.492032245261
3 86 0.147245580653
3 87 0.943371050826
3 88 0.300532308274
3 89 0.413259811988
3 90 0.042548197891
3 91 0.203250057699
3 92 0.585861747138
3 93 0.579030707826
3 94 0.258594522086
3 95 0.341768766874
3 96 0.816866332345
3 97 0.189058987422
3 98 0.628457251489
3 99 0.653495997024
4 0 0.303102634539
4 1 0.435951478138
4 2 0.125069026121
4 3 0.393163261726
4 4 0.362502500520
4 5 0.824311288340
4 6 0.548597409206
4 7 0.865916995992
4 8 0.541855723650
4 9 0.922277433304
4 10 0.361328381030
4 11 0.759509654932
4 12 0.368032802165
4 13 0.808268100980
4 14 0.345142870614
4 15 0.727828483263
4 16 0.307978071740
4 17 0.969908199802
4 18 0.058376666231
4 19 0.235328690791
4 20 0.457303522758
4 21 0.141556413972
4 22 0.957836096560
4 23 0.359824229014
4 24 0.629637401150
4 25 0.243486422577
4 26 0.959606736753
4 27 0.431246260525
4 28 0.867032831196
4 29 0.679160095156
4 30 0.694931389194
4 31 0.155934755646
4 32 0.616889383237
4 33 0.394163690745
4 34 0.609271568382
4 35 0.150034336941
4 36 0.771975914525
4 37 0.955958001603
4 38 0.264588545859
4 39 0.284016531446
4 40 0.395827594289
4 41 0.026445380299
4 42 0.426484664113
4 43 0.960149866361
4 44 0.304679813077
4 45 0.192441241759
4 46 0.037090428592
4 47 0.856139389354
4 48 0.720282994949
4 49 0.426006896212
4 50 0.551770052862
4 51 0.395515449873
4 52 0.037793510698
4 53 0.534483733815
4 54 0.803135391828
4 55 0.708343107525
4 56 0.973304749304
4 57 0.331669233630
4 58 0.501133819168
4 59 0.000836170577
4 60 0.123925431217
4 61 0.477178810349
4 62 0.382586050584
4 63 0.292966041816
4 64 0.151129656470
4 65 0.382133533431
4 66 0.984414291603
4 67 0.637577017198
4 68 0.562640681627
4 69 0.793413664811
4 70 0.182161626149
4 71 0.679111936087
4 72 0.684388184527
4 73 0.780503633617
4 74 0.551104937877
4 75 0.781190326359
4 76 0.914497918458
4 77 0.058907218377
4 78 0.828678220006
4 79 0.024543024835
4 80 0.149150633859
4 81 0.801640737760
4 82 0.618779934417
4 83 0.309343169636
4 84 0.203288485075
4 85 0.045442936567
4 86 0.556997568675
4 87 0.746577580145
4 88 0.120210240989
4 89 0.455793499193
4 90 0.813945923453
4 91 0.249792390218
4 92 0.153740644486
4 93 0.603980327858
4 94 0.967549424202
4 95 0.603552713926
4 96 0.965364235547
4 97 0.289743684666
4 98 0.969794467110
4 99 0.210989586885
5 0 0.261893973970
5 1 0.029680700254
5 2 0.367099789493
5 3 0.302064690112
5 4 0.442367026638
5 5 0.964779002094
5 6 0.708683106730
5 7 0.742041811128
5 8 0.240579880336
5 9 0.348247399957
5 10 0.962526949047
5 11 0.437058244260
5 12 0.915387357782
5 13 0.827434016003
5 14 0.746985086693
5 15 0.081204686153
5 16 0.979367239975
5 17 0.577218129014
5 18 0.518665657380
5 19 0.643618493376
5 20 0.391743453695
5 21 0.476024488391
5 22 0.460435062890
5 23 0.964383915493
5 24 0.924020661714
5 25 0.571147485100
5 26 0.361873855533
5 27 0.257006690912
5 28 0.096371354312
5 29 0.156240920675
5 30 0.511493466842
5 31 0.174388869303
5 32 0.155488370092
5 33 0.212862173876
5 34 0.430157473131
5 35 0.090856066911
5 36 0.847144411823
5 37 0.482678169336
5 38 0.861361952316
5 39 0.109499182286
5 40 0.940126119380
5 41 0.810255334500
5 42 0.750937276114
5 43 0.067804420330
5 44 0.363214110156
5 45 0.255037527709
5 46 0.316906318231
5 47 0.403015130977
5 48 0.752283878039
5 49 0.175329138724
5 50 0.319472811101
5 51 0.878393753507
5 52 0.442293294216
5 53 0.009928200133
5 54 0.200708384264
5 55 0.632866681310
5 56 0.004116898873
5 57 0.020181685950
5 58 0.062584989799
5 59 0.460787272662
5 60 0.658385791615
5 61 0.065390034533
5 62 0.725745733633
5 63 0.249985475266
5 64 0.520608062065
5 65 0.854639954962
5 66 0.842558603120
5 67 0.022468064977
5 68 0.746995374417
5 69 0.373816705769
5 70 0.000229682411
5 71 0.319553716574
5 72 0.532144781070
5 73 0.208400938159
5 74 0.676651148315
5 75 0.475547040223
5 76 0.838113233990
5 77 0.436853931862
5 78 0.654901320055
5 79 0.007918999842
5 80 0.731880279999
5 81 0.589522620248
5 82 0.222646749282
5 83 0.412719770174
5 84 0.312764136236
5 85 0.027408435374
5 86 0.930857013385
5 87 0.812707119396
5 88 0.753826720028
5 89 0.939150165195
5 90 0.805451937221
5 91 0.699071667814
5 92 0.207799769440
5 93 0.094311083209
5 94 0.932215915809
5 95 0.122352914321
5 96 0.085528261701
5 97 0.739608352987
5 98 0.511600759691
5 99 0.547977824056
6 0 0.293099792683
6 1 0.115766153430
6 2 0.260616556436
6 3 0.575018659298
6 4 0.451599321208
6 5 0.831443145677
6 6 0.373251514594
6 7 0.797563626135
6 8 0.416204550768
6 9 0.621011206857
6 10 0.711269584903
6 11 0.667393573377
6 12 0.488687572948
6 13 0.026237058241
6 14 0.996032868830
6 15 0.226343844707
6 16 0.237133407515
6 17 0.380866448804
6 18 0.864536192429
6 19 0.646841817697
6 20 0.583721944562
6 21 0.238477121321
6 22 0.874417056008
6 23 0.243586107058
6 24 0.357863906830
6 25 0.186789190931
6 26 0.745382499712
6 27 0.707832327259
6 28 0.938800621001
6 29 0.212040941188
6 30 0.718365719763
6 31 0.128403325610
6 32 0.451916709021
6 33 0.545874150323
6 34 0.020028012891
6 35 0.619295849062
6 36 0.129792748941
6 37 0.823836270001
6 38 0.560933390647
6 39 0.244855167012
6 40 0.372943503975
6 41 0.668362210348
6 42 0.704962710399
6 43 0.371602443790
6 44 0.015639779935
6 45 0.828424134807
6 46 0.257151582688
6 47 0.745113668838
6 48 0.676319437579
6 49 0.203424820906
6 50 0.225568477436
6 51 0.460906134201
6 52 0.365118217362
6 53 0.891953250666
6 54 0.894887005936
6 55 0.454257768047
6 56 0.236035716752
6 57 0.326902808720
6 58 0.736305189456
6 59 0.957357138258
6 60 0.244019750398
6 61 0.452090473150
6 62 0.015996678813
6 63 0.210095741912
6 64 0.210943260541
6 65 0.513875655934
6 66 0.808946632263
6 67 0.579049362160
6 68 0.371327746731
6 69 0.251580278530
6 70 0.943559423953
6 71 0.624445414510
6 72 0.987420320588
6 73 0.056912022050
6 74 0.577456526704
6 75 0.571089437407
6 76 0.491414142505
6 77 0.936082519053
6 78 0.773208340186
6 79 0.288181422471
6 80 0.121459228876
6 81 0.837216150622
6 82 0.709671381914
6 83 0.139701452241
6 84 0.705230730463
6 85 0.286827527828
6 86 0.950086108477
6 87 0.153506018537
6 88 0.007859906152
6 89 0.876281656478
6 90 0.095500454121
6 91 0.374918801003
6 92 0.731019660182
6 93 0.173341486583
6 94 0.748312627734
6 95 0.172970758687
6 96 0.373076153679
6 97 0.548974433471
6 98 0.365347674364
6 99 0.899279272527
7 0 0.694903265457
7 1 0.237826722336
7 2 0.462594668536
7 3 0.340838275504
7 4 0.882815638992
7 5 0.997801593102
7 6 0.965567112500
7 7 0.059073876542
7 8 0.588297899606
7 9 0.251992185000
7 10 0.612857267601
7 11 0.398595402989
7 12 0.416468384836
7 13 0.511771844922
7 14 0.187502021640
7 15 0.159969346035
7 16 0.526618264085
7 17 0.891239962416
7 18 0.384467552425
7 19 0.154480505154
7 20 0.410176668837
7 21 0.069694361726
7 22 0.294584250092
7 23 0.799855621404
7 24 0.148665934699
7 25 0.656386745885
7 26 0.728650739215
7 27 0.190540590909
7 28 0.800845678596
7 29 0.417469464830
7 30 0.830096588707
7 31 0.039587137339
7 32 0.329204035869
7 33 0.208309851809
7 34 0.371865466482
7 35 0.784346572302
7 36 0.723022999997
7 37 0.655993122101
7 38 0.177688842636
7 39 0.581371871516
7 40 0.262866520474
7 41 0.853750198538
7 42 0.828703173255
7 43 0.216345266103
7 44 0.995947407338
7 45 0.500112823055
7 46 0.671909138114
7 47 0.894427471264
7 48 0.972540036352
7 49 0.576496182052
7 50 0.181641608490
7 51 0.329603089405
7 52 0.422806289582
7 53 0.745406822815
7 54 0.033718497567
7 55 0.679811349350
7 56 0.811047412923
7 57 0.381755405856
7 58 0.295958750409
7 59 0.272538003444
7 60 0.082688927386
7 61 0.964350412302
7 62 0.744972124416
7 63 0.061796453532
7 64 0.480343208289
7 65 0.457271647339
7 66 0.988094285999
7 67 0.267674172872
7 68 0.475149357645
7 69 0.924225521995
7 70 0.905032676761
7 71 0.704275948018
7 72 0.842218043474
7 73 0.619784814959
7 74 0.395637926594
7 75 0.862884824346
7 76 0.267235778509
7 77 0.119197377836
7 78 0.710491244747
7 79 0.983720711436
7 80 0.457563762378
7 81 0.821906091915
7 82 0.061946815171
7 83 0.165661169725
7 84 0.560253088648
7 85 0.629188010131
7 86 0.681652300927
7 87 0.467518785690
7 88 0.914370693206
7 89 0.322276896499
7 90 0.022014561279
7 91 0.811891932089
7 92 0.962528046038
7 93 0.465360967325
7 94 0.133370792212
7 95 0.727342082905
7 96 0.272511665432
7 97 0.143160628221
7 98 0.625516298390
7 99 0.891412001460
8 0 0.381731545374
8 1 0.840838276201
8 2 0.770170709162
8 3 0.931316180224
8 4 0.873246133674
8 5 0.169718902396
8 6 0.160917188505
8 7 0.694615340297
8 8 0.543249662014
8 9 0.855399267078
8 10 0.906458486794
8 11 0.258339775156
8 12 0.885999248899
8 13 0.950910205995
8 14 0.353442593175
8 15 0.313243610570
8 16 0.856905461994
8 17 0.766779068535
8 18 0.336100102867
8 19 0.096910356105
8 20 0.389880839861
8 21 0.344128771857
8 22 0.490032575073
8 23 0.582675647025
8 24 0.084539691720
8 25 0.603842606851
8 26 0.455416062721
8 27 0.845755716369
8 28 0.045568212351
8 29 0.610798561779
8 30 0.973640421588
8 31 0.364206400006
8 32 0.274864410017
8 33 0.355467894295
8 34 0.369356202174
8 35 0.109669174365
8 36 0.297976754550
8 37 0.118934575094
8 38 0.096555498001
8 39 0.186963497988
8 40 0.745782564081
8 41 0.842375895535
8 42 0.043668317789
8 43 0.785033028636
8 44 0.249381933980
8 45 0.561848688559
8 46 0.895322872681
8 47 0.151934212191
8 48 0.979757788484
8 49 0.378411905282
8 50 0.765851822379
8 51 0.531064260653
8 52 0.435234881404
8 53 0.645440757344
8 54 0.607058334398
8 55 0.695757570885
8 56 0.673191466561
8 57 0.065882019518
8 58 0.174832592435
8 59 0.061124218257
8 60 0.125918697919
8 61 0.323983442730
8 62 0.320717281892
8 63 0.093497953764
8 64 0.169500904000
8 65 0.242541358874
8 66 0.639375384223
8 67 0.204062226699
8 68 0.135307546133
8 69 0.937038721094
8 70 0.844855175059
8 71 0.653046645475
8 72 0.308086478645
8 73 0.023600689839
8 74 0.133389694895
8 75 0.326905700652
8 76 0.244202102045
8 77 0.532482514427
8 78 0.599525640112
8 79 0.965939270329
8 80 0.634902879628
8 81 0.209888562174
8 82 0.131738032519
8 83 0.343743404274
8 84 0.391389246345
8 85 0.873826636199
8 86 0.875609874722
8 87 0.776917634884
8 88 0.509905323370
8 89 0.794785427229
8 90 0.036780363541
8 91 0.017586457507
8 92 0.939545414589
8 93 0.877210313489
8 94 0.131540084343
8 95 0.092901722022
8 96 0.373657157595
8 97 0.657315028127
8 98 0.750893829551
8 99 0.108569855494
9 0 0.049577855971
9 1 0.375887787398
9 2 0.048031540775
9 3 0.502628844265
9 4 0.586024625029
9 5 0.185012088892
9 6 0.781174975220
9 7 0.044710450185
9 8 0.383420421503
9 9 0.915466142543
9 10 0.741514501551
9 11 0.595332964418
9 12 0.840361995531
9 13 0.222922796346
9 14 0.664146359365
9 15 0.026676648154
9 16 0.269947920276
9 17 0.673100990440
9 18 0.856268152383
9 19 0.202339040525
9 20 0.069132716417
9 21 0.828421259408
9 22 0.352189046869
9 23 0.053975936177
9 24 0.589216851699
9 25 0.730178662980
9 26 0.029214322573
9 27 0.112672784204
9 28 0.182539710460
9 29 0.189004621351
9 30 0.030242723541
9 31 0.412068475614
9 32 0.277256652237
9 33 0.624018679566
9 34 0.059894430059
9 35 0.503815949910
9 36 0.138013129110
9 37 0.503441807861
9 38 0.594849077504
9 39 0.860036928425
9 40 0.420308506270
9 41 0.371658890479
9 42 0.810069624499
9 43 0.336553759212
9 44 0.261331289985
9 45 0.684752573668
9 46 0.171258854845
9 47 0.309472918903
9 48 0.449429508080
9 49 0.955551508816
9 50 0.159214865932
9 51 0.107876104563
9 52 0.325702952165
9 53 0.797928283101
9 54 0.643705503274
9 55 0.710788944655
9 56 0.333253148465
9 57 0.518247488117
9 58 0.579948476754
9 59 0.041719549374
9 60 0.978154861503
9 61 0.908429485607
9 62 0.022211899375
9 63 0.945876379899
9 64 0.526079915697
9 65 0.043765524800
9 66 0.809318744389
9 67 0.361156297406
9 68 0.010163654541
9 69 0.770450365683
9 70 0.096931787369
9 71 0.799702130828
9 72 0.492398728449
9 73 0.183714386111
9 74 0.122385640721
9 75 0.763295955264
9 76 0.507803550445
9 77 0.157376827500
9 78 0.675039745466
9 79 0.521500682266
9 80 0.595174432715
9 81 0.070517579308
9 82 0.690621979453
9 83 0.871803799516
9 84 0.728331540462
9 85 0.658324911987
9 86 0.954877446370
9 87 0.299288437005
9 88 0.865534359888
9 89 0.128176260491
9 90 0.117331960630
9 91 0.966726919757
9 92 0.167871866454
9 93 0.515648976801
9 94 0.049297622846
9 95 0.633497145067
9 96 0.020375955957
9 97 0.871446639311
9 98 0.050994027718
9 99 0.325856786446
0 0 10
0 1 10
0 2 3
0 3 8
0 4 8
0 5 5
0 6 9
0 7 3
0 8 3
0 9 5
0 10 6
0 11 10
0 12 7
0 13 4
0 14 10
0 15 8
0 16 9
0 17 4
0 18 8
0 19 11
0 20 3
0 21 11
0 22 5
0 23 4
0 24 8
0 25 9
0 26 10
0 27 8
0 28 5
0 29 5
0 30 3
0 31 9
0 32 5
0 33 10
0 34 9
0 35 10
0 36 5
0 37 9
0 38 10
0 39 4
0 40 8
0 41 8
0 42 3
0 43 9
0 44 10
0 45 9
0 46 8
0 47 8
0 48 8
0 49 7
0 50 5
0 51 9
0 52 9
0 53 11
0 54 8
0 55 7
0 56 8
0 57 7
0 58 8
0 59 9
0 60 7
0 61 9
0 62 6
0 63 5
0 64 5
0 65 5
0 66 4
0 67 5
0 68 8
0 69 9
0 70 9
0 71 9
0 72 7
0 73 5
0 74 10
0 75 4
0 76 8
0 77 6
0 78 5
0 79 7
0 80 4
0 81 8
0 82 3
0 83 8
0 84 11
0 85 11
0 86 7
0 87 8
0 88 7
0 89 10
0 90 10
0 91 10
0 92 9
0 93 8
0 94 8
0 95 10
0 96 8
0 97 9
0 98 8
0 99 4
1 0 11
1 1 11
1 2 5
1 3 9
1 4 9
1 5 7
1 6 10
1 7 7
1 8 7
1 9 7
1 10 10
1 11 12
1 12 9
1 13 6
1 14 13
1 15 10
1 16 12
1 17 6
1 18 12
1 19 12
1 20 7
1 21 13
1 22 7
1 23 6
1 24 11
1 25 12
1 26 11
1 27 10
1 28 6
1 29 6
1 30 5
1 31 13
1 32 7
1 33 10
1 34 11
1 35 11
1 36 7
1 37 11
1 38 12
1 39 5
1 40 10
1 41 11
1 42 5
1 43 11
1 44 11
1 45 13
1 46 11
1 47 9
1 48 10
1 49 10
1 50 7
1 51 11
1 52 9
1 53 12
1 54 12
1 55 11
1 56 10
1 57 8
1 58 9
1 59 10
1 60 9
1 61 13
1 62 7
1 63 6
1 64 6
1 65 7
1 66 7
1 67 7
1 68 10
1 69 11
1 70 13
1 71 10
1 72 10
1 73 7
1 74 11
1 75 6
1 76 9
1 77 8
1 78 5
1 79 9
1 80 5
1 81 10
1 82 6
1 83 11
1 84 13
1 85 11
1 86 10
1 87 9
1 88 11
1 89 11
1 90 12
1 91 13
1 92 13
1 93 9
1 94 10
1 95 11
1 96 11
1 97 10
1 98 11
1 99 7
2 0 12
2 1 11
2 2 6
2 3 9
2 4 9
2 5 6
2 6 11
2 7 7
2 8 5
2 9 8
2 10 9
2 11 12
2 12 7
2 13 6
2 14 12
2 15 9
2 16 13
2 17 8
2 18 10
2 19 11
2 20 6
2 21 12
2 22 6
2 23 7
2 24 12
2 25 12
2 26 13
2 27 10
2 28 7
2 29 5
2 30 6
2 31 11
2 32 7
2 33 11
2 34 10
2 35 12
2 36 7
2 37 11
2 38 11
2 39 7
2 40 11
2 41 10
2 42 5
2 43 10
2 44 12
2 45 13
2 46 10
2 47 9
2 48 11
2 49 10
2 50 8
2 51 9
2 52 9
2 53 12
2 54 12
2 55 10
2 56 10
2 57 7
2 58 11
2 59 11
2 60 9
2 61 11
2 62 7
2 63 6
2 64 6
2 65 6
2 66 6
2 67 7
2 68 10
2 69 13
2 70 12
2 71 11
2 72 8
2 73 8
2 74 13
2 75 7
2 76 10
2 77 9
2 78 5
2 79 11
2 80 7
2 81 9
2 82 7
2 83 9
2 84 11
2 85 12
2 86 11
2 87 11
2 88 10
2 89 13
2 90 10
2 91 11
2 92 13
2 93 11
2 94 8
2 95 12
2 96 10
2 97 12
2 98 10
2 99 5
3 0 13
3 1 12
3 2 8
3 3 9
3 4 9
3 5 9
3 6 12
3 7 8
3 8 6
3 9 9
3 10 9
3 11 13
3 12 10
3 13 6
3 14 12
3 15 9
3 16 14
3 17 7
3 18 13
3 19 14
3 20 6
3 21 13
3 22 6
3 23 6
3 24 11
3 25 13
3 26 14
3 27 10
3 28 8
3 29 7
3 30 6
3 31 13
3 32 7
3 33 13
3 34 11
3 35 12
3 36 7
3 37 12
3 38 14
3 39 8
3 40 13
3 41 11
3 42 6
3 43 12
3 44 13
3 45 12
3 46 12
3 47 10
3 48 10
3 49 12
3 50 8
3 51 10
3 52 12
3 53 12
3 54 11
3 55 10
3 56 12
3 57 10
3 58 10
3 59 11
3 60 10
3 61 12
3 62 9
3 63 7
3 64 8
3 65 9
3 66 8
3 67 6
3 68 13
3 69 12
3 70 12
3 71 12
3 72 9
3 73 7
3 74 14
3 75 6
3 76 11
3 77 11
3 78 6
3 79 10
3 80 8
3 81 10
3 82 6
3 83 12
3 84 14
3 85 12
3 86 11
3 87 12
3 88 12
3 89 14
3 90 11
3 91 13
3 92 12
3 93 10
3 94 10
3 95 13
3 96 11
3 97 11
3 98 11
3 99 7
4 0 14
4 1 12
4 2 6
4 3 9
4 4 10
4 5 7
4 6 12
4 7 7
4 8 8
4 9 7
4 10 10
4 11 12
4 12 9
4 13 7
4 14 12
4 15 10
4 16 12
4 17 7
4 18 13
4 19 14
4 20 7
4 21 14
4 22 7
4 23 6
4 24 13
4 25 12
4 26 14
4 27 11
4 28 7
4 29 8
4 30 7
4 31 13
4 32 8
4 33 13
4 34 12
4 35 14
4 36 9
4 37 13
4 38 13
4 39 8
4 40 12
4 41 11
4 42 7
4 43 11
4 44 12
4 45 14
4 46 11
4 47 10
4 48 10
4 49 12
4 50 10
4 51 10
4 52 12
4 53 12
4 54 13
4 55 11
4 56 12
4 57 8
4 58 12
4 59 11
4 60 10
4 61 13
4 62 10
4 63 8
4 64 9
4 65 9
4 66 6
4 67 7
4 68 13
4 69 13
4 70 13
4 71 10
4 72 10
4 73 9
4 74 13
4 75 7
4 76 9
4 77 11
4 78 8
4 79 10
4 80 7
4 81 12
4 82 6
4 83 10
4 84 14
4 85 12
4 86 10
4 87 10
4 88 12
4 89 12
4 90 12
4 91 14
4 92 12
4 93 11
4 94 11
4 95 11
4 96 12
4 97 13
4 98 11
4 99 7
5 0 11
5 1 10
5 2 6
5 3 8
5 4 8
5 5 7
5 6 10
5 7 4
5 8 5
5 9 5
5 10 8
5 11 11
5 12 7
5 13 4
5 14 10
5 15 7
5 16 10
5 17 6
5 18 10
5 19 11
5 20 6
5 21 11
5 22 6
5 23 4
5 24 10
5 25 11
5 26 10
5 27 10
5 28 4
5 29 4
5 30 6
5 31 10
5 32 6
5 33 9
5 34 9
5 35 10
5 36 7
5 37 10
5 38 10
5 39 5
5 40 9
5 41 9
5 42 6
5 43 9
5 44 11
5 45 12
5 46 10
5 47 8
5 48 10
5 49 9
5 50 7
5 51 8
5 52 10
5 53 11
5 54 10
5 55 10
5 56 10
5 57 8
5 58 9
5 59 11
5 60 10
5 61 11
5 62 7
5 63 5
5 64 7
5 65 6
5 66 6
5 67 6
5 68 10
5 69 12
5 70 12
5 71 8
5 72 7
5 73 5
5 74 12
5 75 4
5 76 7
5 77 7
5 78 4
5 79 8
5 80 6
5 81 10
5 82 5
5 83 9
5 84 12
5 85 10
5 86 10
5 87 9
5 88 10
5 89 11
5 90 9
5 91 10
5 92 12
5 93 8
5 94 9
5 95 9
5 96 9
5 97 11
5 98 10
5 99 4
6 0 13
6 1 11
6 2 6
6 3 10
6 4 10
6 5 7
6 6 11
6 7 6
6 8 7
6 9 8
6 10 11
6 11 12
6 12 9
6 13 6
6 14 14
6 15 11
6 16 12
6 17 7
6 18 13
6 19 13
6 20 7
6 21 14
6 22 8
6 23 6
6 24 11
6 25 12
6 26 12
6 27 10
6 28 7
6 29 8
6 30 8
6 31 12
6 32 9
6 33 11
6 34 11
6 35 14
6 36 7
6 37 12
6 38 13
6 39 8
6 40 11
6 41 11
6 42 8
6 43 11
6 44 14
6 45 13
6 46 13
6 47 11
6 48 12
6 49 11
6 50 8
6 51 10
6 52 12
6 53 12
6 54 13
6 55 11
6 56 11
6 57 10
6 58 12
6 59 11
6 60 12
6 61 14
6 62 8
6 63 6
6 64 7
6 65 9
6 66 6
6 67 6
6 68 12
6 69 14
6 70 12
6 71 10
6 72 9
6 73 7
6 74 12
6 75 7
6 76 11
6 77 9
6 78 6
6 79 10
6 80 8
6 81 10
6 82 7
6 83 10
6 84 12
6 85 13
6 86 12
6 87 12
6 88 10
6 89 14
6 90 11
6 91 14
6 92 14
6 93 11
6 94 9
6 95 12
6 96 10
6 97 12
6 98 11
6 99 6
7 0 13
7 1 13
7 2 6
7 3 10
7 4 11
7 5 9
7 6 11
7 7 7
7 8 7
7 9 8
7 10 11
7 11 11
7 12 9
7 13 6
7 14 13
7 15 9
7 16 14
7 17 8
7 18 11
7 19 12
7 20 6
7 21 12
7 22 7
7 23 7
7 24 11
7 25 13
7 26 13
7 27 10
7 28 7
7 29 8
7 30 8
7 31 12
7 32 8
7 33 11
7 34 12
7 35 14
7 36 7
7 37 13
7 38 12
7 39 7
7 40 11
7 41 10
7 42 7
7 43 11
7 44 14
7 45 13
7 46 12
7 47 11
7 48 10
7 49 11
7 50 8
7 51 11
7 52 12
7 53 14
7 54 12
7 55 12
7 56 12
7 57 8
7 58 12
7 59 13
7 60 10
7 61 12
7 62 8
7 63 7
7 64 9
7 65 9
7 66 7
7 67 8
7 68 13
7 69 13
7 70 12
7 71 10
7 72 10
7 73 7
7 74 14
7 75 6
7 76 9
7 77 9
7 78 6
7 79 12
7 80 8
7 81 12
7 82 7
7 83 11
7 84 12
7 85 13
7 86 11
7 87 10
7 88 12
7 89 14
7 90 13
7 91 13
7 92 14
7 93 10
7 94 10
7 95 13
7 96 10
7 97 11
7 98 10
7 99 7
8 0 12
8 1 11
8 2 5
8 3 8
8 4 8
8 5 6
8 6 10
8 7 7
8 8 7
8 9 6
8 10 10
8 11 10
8 12 8
8 13 5
8 14 11
8 15 8
8 16 13
8 17 6
8 18 11
8 19 11
8 20 7
8 21 11
8 22 6
8 23 7
8 24 11
8 25 12
8 26 13
8 27 9
8 28 6
8 29 7
8 30 6
8 31 11
8 32 7
8 33 12
8 34 11
8 35 11
8 36 7
8 37 12
8 38 11
8 39 7
8 40 12
8 41 10
8 42 6
8 43 11
8 44 12
8 45 13
8 46 11
8 47 11
8 48 11
8 49 11
8 50 9
8 51 10
8 52 9
8 53 11
8 54 12
8 55 9
8 56 11
8 57 9
8 58 11
8 59 11
8 60 10
8 61 13
8 62 8
8 63 5
8 64 8
8 65 7
8 66 6
8 67 5
8 68 11
8 69 13
8 70 12
8 71 11
8 72 9
8 73 6
8 74 11
8 75 6
8 76 8
8 77 10
8 78 7
8 79 9
8 80 7
8 81 9
8 82 5
8 83 11
8 84 13
8 85 12
8 86 9
8 87 9
8 88 10
8 89 12
8 90 11
8 91 11
8 92 11
8 93 10
8 94 10
8 95 11
8 96 9
8 97 11
8 98 9
8 99 5
9 0 9
9 1 8
9 2 3
9 3 6
9 4 6
9 5 5
9 6 9
9 7 3
9 8 3
9 9 6
9 10 7
9 11 8
9 12 7
9 13 5
9 14 10
9 15 7
9 16 9
9 17 6
9 18 9
9 19 10
9 20 3
9 21 10
9 22 4
9 23 4
9 24 9
9 25 8
9 26 11
9 27 9
9 28 3
9 29 5
9 30 4
9 31 10
9 32 4
9 33 8
9 34 8
9 35 11
9 36 4
9 37 11
9 38 9
9 39 5
9 40 9
9 41 7
9 42 5
9 43 9
9 44 11
9 45 9
9 46 10
9 47 9
9 48 9
9 49 7
9 50 6
9 51 7
9 52 8
9 53 9
9 54 10
9 55 7
9 56 9
9 57 5
9 58 9
9 59 8
9 60 7
9 61 11
9 62 7
9 63 5
9 64 4
9 65 4
9 66 4
9 67 5
9 68 9
9 69 10
9 70 9
9 71 9
9 72 6
9 73 6
9 74 11
9 75 4
9 76 7
9 77 8
9 78 5
9 79 8
9 80 4
9 81 9
9 82 5
9 83 9
9 84 10
9 85 10
9 86 8
9 87 8
9 88 8
9 89 11
9 90 10
9 91 9
9 92 9
9 93 8
9 94 8
9 95 9
9 96 8
9 97 8
9 98 9
9 99 4
