10 100 10 7 10.0 3.0 1.0 95
9 90 8
7 15 3
7 4 8
2 39 6
5 13 8
8 208 9
0 8 6
7 184 4
8 84 9
8 154 7
3 10 3
6 142 3
0 4 3
0 19 9
6 142 9
3 21 9
1 28 7
5 180 9
0 57 9
0 85 3
8 63 7
7 2 6
1 70 6
8 114 6
4 65 9
2 124 9
7 169 7
6 114 5
5 182 5
6 198 7
6 70 8
6 78 7
4 8 3
8 105 3
1 66 3
4 147 7
3 98 8
6 194 8
2 104 3
9 88 7
5 59 8
2 40 6
4 13 8
5 50 9
1 72 9
3 36 3
6 76 3
5 130 3
0 68 5
5 68 7
1 29 9
5 7 3
5 114 7
0 94 9
9 122 9
1 63 7
4 160 6
9 155 8
8 26 8
4 48 3
7 82 3
2 93 7
1 98 3
8 194 6
3 27 8
4 92 9
2 53 8
7 17 8
1 41 8
1 42 8
7 154 8
9 75 6
2 56 7
2 4 8
3 75 5
2 119 9
8 189 8
3 81 8
9 230 3
1 75 6
4 160 7
0 74 9
0 39 8
0 69 8
4 5 8
3 8 8
2 65 3
5 130 4
9 170 6
3 51 4
6 90 8
7 113 9
9 228 7
3 14 7
9 162 8
9 185 3
7 195 7
4 7 5
6 146 4
8 133 3
0 0 0.921140524693
0 1 0.145897750749
0 2 0.192224106309
0 3 0.148598065535
0 4 0.611141056174
0 5 0.836394242115
0 6 0.523575657753
0 7 0.281283421805
0 8 0.722542641388
0 9 0.229495948664
0 10 0.598573137967
0 11 0.841128643606
0 12 0.102573938721
0 13 0.923568351421
0 14 0.266120772173
0 15 0.556285332075
0 16 0.524431427888
0 17 0.841616098598
0 18 0.118477564505
0 19 0.993187588061
0 20 0.780548720853
0 21 0.287539727469
0 22 0.706132074049
0 23 0.779435252372
0 24 0.961847966324
0 25 0.502636658985
0 26 0.976265211482
0 27 0.135995084356
0 28 0.381448814410
0 29 0.229181373538
0 30 0.622589371274
0 31 0.775766245393
0 32 0.527998011850
0 33 0.132290087461
0 34 0.430163008330
0 35 0.820967741115
0 36 0.883538037147
0 37 0.574262214079
0 38 0.716848238355
0 39 0.661761616197
0 40 0.907450495784
0 41 0.555282892658
0 42 0.731754996947
0 43 0.522856969314
0 44 0.120334821013
0 45 0.545349380715
0 46 0.178750092215
0 47 0.212439921976
0 48 0.567109186102
0 49 0.045053107443
0 50 0.858153964628
0 51 0.225322413739
0 52 0.987537922044
0 53 0.721348065399
0 54 0.979352190985
0 55 0.458898881423
0 56 0.190047528663
0 57 0.728293375492
0 58 0.927338035934
0 59 0.913357456217
0 60 0.171102908195
0 61 0.594694689622
0 62 0.732978185770
0 63 0.180859562535
0 64 0.490073714242
0 65 0.297888493672
0 66 0.959468302690
0 67 0.117917124563
0 68 0.740887649106
0 69 0.096732920885
0 70 0.369253593769
0 71 0.340805227685
0 72 0.758904194353
0 73 0.716811184368
0 74 0.713792838727
0 75 0.647894204964
0 76 0.060332396534
0 77 0.471336264143
0 78 0.501068737797
0 79 0.475551460174
0 80 0.201609923861
0 81 0.776688446174
0 82 0.418305440825
0 83 0.577842055433
0 84 0.907102587454
0 85 0.650356930977
0 86 0.480265314059
0 87 0.187218414481
0 88 0.767294632767
0 89 0.464719065747
0 90 0.399740417510
0 91 0.908397848693
0 92 0.647069190189
0 93 0.097518550851
0 94 0.238669698242
0 95 0.034008746993
0 96 0.719428498794
0 97 0.114194149137
0 98 0.466918692863
0 99 0.757763842703
1 0 0.256361710545
1 1 0.287357741264
1 2 0.390344332453
1 3 0.788054918994
1 4 0.912969190617
1 5 0.486116286961
1 6 0.542667253393
1 7 0.259385815592
1 8 0.354044406329
1 9 0.248641259922
1 10 0.059789395423
1 11 0.972878429836
1 12 0.389405746522
1 13 0.992098729942
1 14 0.285205701943
1 15 0.718836118659
1 16 0.223958509672
1 17 0.905850135188
1 18 0.009112698739
1 19 0.899976807897
1 20 0.389625364641
1 21 0.568829517806
1 22 0.815125813170
1 23 0.440366544299
1 24 0.036569303310
1 25 0.788412386091
1 26 0.149394734089
1 27 0.998105136745
1 28 0.985874782985
1 29 0.820169311768
1 30 0.130916105324
1 31 0.249612854657
1 32 0.843858935057
1 33 0.982494866787
1 34 0.791003280161
1 35 0.651365078638
1 36 0.726606716531
1 37 0.286380168490
1 38 0.571564678475
1 39 0.564441905621
1 40 0.936318699165
1 41 0.543145795809
1 42 0.948668202219
1 43 0.193631160701
1 44 0.080979114669
1 45 0.015355025364
1 46 0.878125887417
1 47 0.573103262220
1 48 0.974918114667
1 49 0.026863089623
1 50 0.158478579834
1 51 0.474966564233
1 52 0.167257066138
1 53 0.253692619116
1 54 0.074557535678
1 55 0.554114665821
1 56 0.417261202871
1 57 0.121093008393
1 58 0.586028159470
1 59 0.081692099188
1 60 0.886984939635
1 61 0.506430445422
1 62 0.060016454489
1 63 0.217309813747
1 64 0.501176110583
1 65 0.088495106225
1 66 0.947082509621
1 67 0.581834184732
1 68 0.766645749725
1 69 0.489168115877
1 70 0.620234949302
1 71 0.313036891093
1 72 0.771231340848
1 73 0.682613528181
1 74 0.177621607762
1 75 0.307206912316
1 76 0.315450042854
1 77 0.874126342463
1 78 0.524342157092
1 79 0.921372305374
1 80 0.887413630848
1 81 0.851204514430
1 82 0.500050820452
1 83 0.047367862085
1 84 0.397250044689
1 85 0.238423486639
1 86 0.497883224110
1 87 0.123537786626
1 88 0.014660848266
1 89 0.355631360786
1 90 0.408305322640
1 91 0.651660034433
1 92 0.216266557693
1 93 0.719406725873
1 94 0.651803384903
1 95 0.014291313625
1 96 0.058338619485
1 97 0.551617275932
1 98 0.367546116029
1 99 0.149711749411
2 0 0.202800476146
2 1 0.895403710144
2 2 0.858527409735
2 3 0.582379811430
2 4 0.667403486502
2 5 0.568331160284
2 6 0.468313407301
2 7 0.860351992284
2 8 0.639521799462
2 9 0.584531168585
2 10 0.345433582793
2 11 0.609701642188
2 12 0.614893725628
2 13 0.367416192986
2 14 0.456212037629
2 15 0.003332617652
2 16 0.405286151210
2 17 0.502455476613
2 18 0.511237754477
2 19 0.676406298658
2 20 0.970704448138
2 21 0.268580146373
2 22 0.582934368833
2 23 0.254498663844
2 24 0.468155908147
2 25 0.189530196479
2 26 0.488587610603
2 27 0.675367481606
2 28 0.773091467049
2 29 0.402216912353
2 30 0.609554623757
2 31 0.731758249938
2 32 0.376065611414
2 33 0.736597490655
2 34 0.104769800677
2 35 0.572449604984
2 36 0.980111169573
2 37 0.712267120506
2 38 0.734057387290
2 39 0.501381823103
2 40 0.575744862795
2 41 0.410819207944
2 42 0.172165935539
2 43 0.270091874789
2 44 0.971099356404
2 45 0.098854517598
2 46 0.072678570221
2 47 0.626928242992
2 48 0.730105054883
2 49 0.976460806849
2 50 0.615645354820
2 51 0.697023111648
2 52 0.871532763690
2 53 0.403363306813
2 54 0.363053878149
2 55 0.145565411107
2 56 0.833941947623
2 57 0.238762712542
2 58 0.727227683069
2 59 0.859088171935
2 60 0.516658422134
2 61 0.454233748846
2 62 0.925873174832
2 63 0.189449833180
2 64 0.722982313595
2 65 0.088597386097
2 66 0.355156993726
2 67 0.557865915469
2 68 0.015991426778
2 69 0.507149329090
2 70 0.719131028241
2 71 0.874527402542
2 72 0.151169475228
2 73 0.018095686632
2 74 0.725793396311
2 75 0.740179688337
2 76 0.953645659450
2 77 0.312983409726
2 78 0.793026330669
2 79 0.183561149329
2 80 0.288915041139
2 81 0.907741374878
2 82 0.173689829509
2 83 0.099962633660
2 84 0.351269454293
2 85 0.287927877135
2 86 0.754464955957
2 87 0.166701334038
2 88 0.894198403821
2 89 0.214177898597
2 90 0.199116141241
2 91 0.516162736766
2 92 0.153178128441
2 93 0.050033561044
2 94 0.967043947294
2 95 0.678558462030
2 96 0.997387336873
2 97 0.634493382614
2 98 0.015706236257
2 99 0.527335478909
3 0 0.593754327767
3 1 0.466703774205
3 2 0.229289426590
3 3 0.469132907430
3 4 0.892905798092
3 5 0.685253069726
3 6 0.878481699343
3 7 0.110145736568
3 8 0.077010980304
3 9 0.118441778817
3 10 0.112369193774
3 11 0.065123432366
3 12 0.816831825531
3 13 0.983891578173
3 14 0.247964313731
3 15 0.312911907750
3 16 0.520136678787
3 17 0.164183932823
3 18 0.520348204423
3 19 0.626520270653
3 20 0.004889903353
3 21 0.963134447593
3 22 0.256298870193
3 23 0.390565753230
3 24 0.003635550838
3 25 0.710168077518
3 26 0.219861386965
3 27 0.914784780879
3 28 0.013003510355
3 29 0.199988250513
3 30 0.202104455469
3 31 0.106237909212
3 32 0.232891047856
3 33 0.482622970057
3 34 0.797744094932
3 35 0.696829778441
3 36 0.674728550148
3 37 0.818923591609
3 38 0.685447093442
3 39 0.868892153483
3 40 0.219075546061
3 41 0.347617503008
3 42 0.720018693184
3 43 0.168570297479
3 44 0.216774588839
3 45 0.983433828125
3 46 0.212313261126
3 47 0.348058147057
3 48 0.433011940743
3 49 0.955592388480
3 50 0.864562968277
3 51 0.808052189519
3 52 0.283167705565
3 53 0.199803955654
3 54 0.393720102795
3 55 0.568410204423
3 56 0.567855379972
3 57 0.022115773473
3 58 0.100451629090
3 59 0.908394196947
3 60 0.423932618754
3 61 0.094322830377
3 62 0.386649709848
3 63 0.131369556160
3 64 0.052086172867
3 65 0.374070115789
3 66 0.762739498037
3 67 0.382274818708
3 68 0.605997356205
3 69 0.702458540005
3 70 0.344874068815
3 71 0.772980764355
3 72 0.263515127107
3 73 0.362708527852
3 74 0.021149903014
3 75 0.824806522148
3 76 0.165926560572
3 77 0.062613039622
3 78 0.145856572244
3 79 0.810866301133
3 80 0.080582666486
3 81 0.614193681984
3 82 0.000634769134
3 83 0.526518582404
3 84 0.010336878498
3 85 0.365695752751
3 86 0.944126751741
3 87 0.175988867863
3 88 0.173232001404
3 89 0.656754626891
3 90 0.981785232617
3 91 0.153303275470
3 92 0.724898387241
3 93 0.918856846718
3 94 0.495638635510
3 95 0.796981007254
3 96 0.171612797001
3 97 0.068678869567
3 98 0.537021270686
3 99 0.391381661441
4 0 0.746219332280
4 1 0.430801936058
4 2 0.980244254312
4 3 0.616934063958
4 4 0.214198578155
4 5 0.356509461154
4 6 0.322582820247
4 7 0.348867747652
4 8 0.025886125646
4 9 0.728020982555
4 10 0.752554527600
4 11 0.042947731769
4 12 0.564136209735
4 13 0.213540454783
4 14 0.502864674612
4 15 0.034363108812
4 16 0.524417232053
4 17 0.508002702452
4 18 0.566345921069
4 19 0.017593385286
4 20 0.898788443637
4 21 0.955683947376
4 22 0.581962976526
4 23 0.552353212718
4 24 0.898796484636
4 25 0.052836962772
4 26 0.705578360452
4 27 0.546767619492
4 28 0.741039971055
4 29 0.114514040107
4 30 0.130041748293
4 31 0.507775499464
4 32 0.256656947019
4 33 0.309231234325
4 34 0.360507432181
4 35 0.428250858623
4 36 0.447671057544
4 37 0.026465843903
4 38 0.260732682671
4 39 0.552631905663
4 40 0.655321799527
4 41 0.245745761353
4 42 0.585994953244
4 43 0.158125780776
4 44 0.276815310694
4 45 0.692250412671
4 46 0.030310929713
4 47 0.106487599870
4 48 0.049927275090
4 49 0.933725071225
4 50 0.150341982763
4 51 0.667573016165
4 52 0.639505172557
4 53 0.548035446818
4 54 0.030801734357
4 55 0.670473260119
4 56 0.116586023743
4 57 0.404895010012
4 58 0.511630109918
4 59 0.707324227026
4 60 0.718287820299
4 61 0.331155476298
4 62 0.810715753958
4 63 0.515245135843
4 64 0.555689955805
4 65 0.988666524426
4 66 0.612664134645
4 67 0.886910515107
4 68 0.004259993814
4 69 0.762291947860
4 70 0.056974259591
4 71 0.880198049746
4 72 0.788899223132
4 73 0.949223596676
4 74 0.738440387853
4 75 0.095627534719
4 76 0.137538469211
4 77 0.773389145347
4 78 0.676528470449
4 79 0.356343984502
4 80 0.741809879367
4 81 0.124660203397
4 82 0.669562752097
4 83 0.785465816674
4 84 0.853309788751
4 85 0.175848708826
4 86 0.942699393491
4 87 0.840076621748
4 88 0.541902150249
4 89 0.301178540212
4 90 0.328933198915
4 91 0.947094811376
4 92 0.711702575415
4 93 0.877977269856
4 94 0.730959271388
4 95 0.594140239845
4 96 0.645585822273
4 97 0.772935660819
4 98 0.921592073451
4 99 0.139570953531
5 0 0.310136604262
5 1 0.382808927866
5 2 0.309229858827
5 3 0.460052618365
5 4 0.011431922524
5 5 0.150993677854
5 6 0.323488523088
5 7 0.717195278935
5 8 0.195805470607
5 9 0.102822213983
5 10 0.613812188732
5 11 0.802409108188
5 12 0.249789642627
5 13 0.917725333936
5 14 0.968437348544
5 15 0.173324411977
5 16 0.305735744921
5 17 0.839040757931
5 18 0.705311768846
5 19 0.760544613305
5 20 0.838180133726
5 21 0.698088487645
5 22 0.174352279233
5 23 0.586735699106
5 24 0.995519369675
5 25 0.139796039424
5 26 0.842512356396
5 27 0.099301364123
5 28 0.655343177086
5 29 0.304083623676
5 30 0.459189414469
5 31 0.767586538985
5 32 0.365878094021
5 33 0.412865315356
5 34 0.873904990665
5 35 0.648019631511
5 36 0.673231807132
5 37 0.621681556767
5 38 0.350972294647
5 39 0.217374565522
5 40 0.570559965802
5 41 0.984990248556
5 42 0.025155688025
5 43 0.129616317226
5 44 0.023655666169
5 45 0.714033089687
5 46 0.862902226594
5 47 0.828788236721
5 48 0.036868750163
5 49 0.003073767297
5 50 0.102058650471
5 51 0.276241549886
5 52 0.799376946639
5 53 0.058422654830
5 54 0.500984276150
5 55 0.244966124473
5 56 0.711122682786
5 57 0.589860367386
5 58 0.851965616288
5 59 0.325130886311
5 60 0.591185807565
5 61 0.784235725030
5 62 0.812211905113
5 63 0.622064634825
5 64 0.055241651370
5 65 0.255027600404
5 66 0.331139177804
5 67 0.506652687203
5 68 0.905964953756
5 69 0.461294766422
5 70 0.967301464852
5 71 0.249063441717
5 72 0.309232936320
5 73 0.825725232960
5 74 0.532022708687
5 75 0.430058791940
5 76 0.384876586051
5 77 0.327088892314
5 78 0.231088081037
5 79 0.059134726000
5 80 0.218641638082
5 81 0.738164261483
5 82 0.376923781241
5 83 0.308669405511
5 84 0.749215417072
5 85 0.005618661961
5 86 0.099514740054
5 87 0.753827179727
5 88 0.567137437669
5 89 0.330901714803
5 90 0.706782614577
5 91 0.793994677526
5 92 0.100389638036
5 93 0.197577027324
5 94 0.636709498134
5 95 0.919357498880
5 96 0.809576403153
5 97 0.520321757096
5 98 0.414515352188
5 99 0.937949834564
6 0 0.330125619393
6 1 0.765833300309
6 2 0.253779098366
6 3 0.932650075841
6 4 0.815542223523
6 5 0.345506461057
6 6 0.324448088167
6 7 0.746715150982
6 8 0.319077659168
6 9 0.215724026833
6 10 0.609856557630
6 11 0.505758396437
6 12 0.483143448501
6 13 0.184846617412
6 14 0.149503364680
6 15 0.647306281049
6 16 0.547274032452
6 17 0.715826461128
6 18 0.271295684155
6 19 0.129888511523
6 20 0.985421799216
6 21 0.430028983701
6 22 0.537499141686
6 23 0.917872255542
6 24 0.581875413949
6 25 0.468057320509
6 26 0.129996607778
6 27 0.810716403036
6 28 0.978646808872
6 29 0.172412214416
6 30 0.759815352952
6 31 0.414483675498
6 32 0.813990820893
6 33 0.184341771776
6 34 0.823432042316
6 35 0.981862001216
6 36 0.390719673191
6 37 0.581080226655
6 38 0.509462424158
6 39 0.565542777912
6 40 0.362663175592
6 41 0.702847071963
6 42 0.772425694172
6 43 0.895541539410
6 44 0.909952198394
6 45 0.507457065156
6 46 0.515540104018
6 47 0.930879454458
6 48 0.637874857881
6 49 0.785479829794
6 50 0.433983208052
6 51 0.727959634415
6 52 0.821426406660
6 53 0.421665339475
6 54 0.018230182756
6 55 0.715841881678
6 56 0.957159924061
6 57 0.565392545510
6 58 0.741677460110
6 59 0.882432384677
6 60 0.326633584699
6 61 0.377681996337
6 62 0.557873420022
6 63 0.239564139008
6 64 0.127606843035
6 65 0.124452308011
6 66 0.837833937438
6 67 0.180027185943
6 68 0.243390155400
6 69 0.461816028401
6 70 0.322615428602
6 71 0.228123888023
6 72 0.535835577536
6 73 0.978992936326
6 74 0.198780443789
6 75 0.350486746649
6 76 0.132412603955
6 77 0.098532543128
6 78 0.753999049226
6 79 0.185013393294
6 80 0.584110781502
6 81 0.139766344399
6 82 0.601036654803
6 83 0.333480729845
6 84 0.034618480205
6 85 0.056001545240
6 86 0.216508502166
6 87 0.650167712972
6 88 0.420354775141
6 89 0.706026295814
6 90 0.891229346182
6 91 0.764687485102
6 92 0.796658045973
6 93 0.102386074068
6 94 0.692226713819
6 95 0.087783565487
6 96 0.938754647912
6 97 0.653737412137
6 98 0.966835376336
6 99 0.129585505803
7 0 0.026818445398
7 1 0.562224676897
7 2 0.071198229553
7 3 0.611117380595
7 4 0.880487418929
7 5 0.732095152219
7 6 0.184125329879
7 7 0.882375635267
7 8 0.108833579097
7 9 0.066127977561
7 10 0.987357462661
7 11 0.093098319495
7 12 0.919270171653
7 13 0.784856432740
7 14 0.261851537529
7 15 0.572731265523
7 16 0.430060314819
7 17 0.697387669596
7 18 0.939766146383
7 19 0.142886566517
7 20 0.309524797476
7 21 0.327891031707
7 22 0.679412812998
7 23 0.052599297794
7 24 0.086197456383
7 25 0.216781523865
7 26 0.526200678810
7 27 0.597478113290
7 28 0.500517160689
7 29 0.007385080720
7 30 0.545682344989
7 31 0.005134268723
7 32 0.488410235200
7 33 0.040984507989
7 34 0.838437669176
7 35 0.422796769963
7 36 0.679534465638
7 37 0.862331920152
7 38 0.905322361293
7 39 0.071970410402
7 40 0.884525569646
7 41 0.615451669877
7 42 0.725580418682
7 43 0.286433084959
7 44 0.762265106248
7 45 0.765032197295
7 46 0.548767302574
7 47 0.468092326906
7 48 0.217606944134
7 49 0.931709581955
7 50 0.955504395380
7 51 0.143725853429
7 52 0.635264774795
7 53 0.318035434489
7 54 0.412494058929
7 55 0.778866004427
7 56 0.214657619363
7 57 0.403403929058
7 58 0.040254018330
7 59 0.541253865665
7 60 0.239240865954
7 61 0.779255903899
7 62 0.168781678750
7 63 0.535244377914
7 64 0.131675620572
7 65 0.043565579176
7 66 0.344487014840
7 67 0.343803551104
7 68 0.637645870390
7 69 0.611900681768
7 70 0.154062024354
7 71 0.339174628690
7 72 0.574823794697
7 73 0.778394883184
7 74 0.819651539571
7 75 0.321391179241
7 76 0.588081451412
7 77 0.644510547254
7 78 0.503194715939
7 79 0.589501826270
7 80 0.844709312210
7 81 0.368928987654
7 82 0.461548115106
7 83 0.509535423543
7 84 0.272667410889
7 85 0.431595264245
7 86 0.195389194287
7 87 0.239039943508
7 88 0.355093585265
7 89 0.379230215052
7 90 0.167647611284
7 91 0.776441699878
7 92 0.316843055972
7 93 0.905270808314
7 94 0.873149841166
7 95 0.178920091314
7 96 0.283130612782
7 97 0.472288306822
7 98 0.035232079667
7 99 0.475690970343
8 0 0.188199172359
8 1 0.696336357829
8 2 0.194394501322
8 3 0.881058343405
8 4 0.937140481324
8 5 0.906713575369
8 6 0.140256975141
8 7 0.437593540462
8 8 0.464361118106
8 9 0.488216997729
8 10 0.333448691609
8 11 0.569147985434
8 12 0.925574046975
8 13 0.270520723167
8 14 0.455241507198
8 15 0.195592634482
8 16 0.569361402424
8 17 0.447302304492
8 18 0.340840605458
8 19 0.919984505752
8 20 0.701074731147
8 21 0.230019051647
8 22 0.209710140961
8 23 0.228472958605
8 24 0.555005109691
8 25 0.385427310948
8 26 0.672257431033
8 27 0.535371664427
8 28 0.800277226676
8 29 0.646507072854
8 30 0.724285725916
8 31 0.567223382240
8 32 0.094661306642
8 33 0.404486544912
8 34 0.632188724824
8 35 0.580787993539
8 36 0.729469862504
8 37 0.186482678175
8 38 0.498179978054
8 39 0.467297810297
8 40 0.192320334991
8 41 0.772631500429
8 42 0.659972123724
8 43 0.501931051012
8 44 0.564108879257
8 45 0.550382341485
8 46 0.179792309519
8 47 0.085069597548
8 48 0.714144586661
8 49 0.047477999810
8 50 0.983499542441
8 51 0.820621192470
8 52 0.079284021406
8 53 0.474482853878
8 54 0.552984826035
8 55 0.915734583462
8 56 0.644943433977
8 57 0.751131505284
8 58 0.542404489414
8 59 0.919042981686
8 60 0.862060049854
8 61 0.145129310577
8 62 0.758090183911
8 63 0.252536985669
8 64 0.130915197380
8 65 0.999132996363
8 66 0.266718419104
8 67 0.771836195165
8 68 0.550820105880
8 69 0.738665339544
8 70 0.333003149561
8 71 0.964552865742
8 72 0.904954638222
8 73 0.172429860850
8 74 0.361845098239
8 75 0.863013133001
8 76 0.247290910863
8 77 0.211090476245
8 78 0.036838820696
8 79 0.231941320848
8 80 0.481024635349
8 81 0.123778270759
8 82 0.691864066710
8 83 0.867401919090
8 84 0.916323818690
8 85 0.477824292559
8 86 0.125929934322
8 87 0.052246471843
8 88 0.060886773038
8 89 0.950718092767
8 90 0.406577089092
8 91 0.949310695989
8 92 0.322859104951
8 93 0.039795253807
8 94 0.549608456485
8 95 0.377625601830
8 96 0.650117852783
8 97 0.301125745296
8 98 0.048352860044
8 99 0.510406433418
9 0 0.643031337205
9 1 0.912058279881
9 2 0.305248396230
9 3 0.521009541489
9 4 0.077990193025
9 5 0.574506798747
9 6 0.438203506988
9 7 0.960396984117
9 8 0.797235631535
9 9 0.131541275933
9 10 0.432930379036
9 11 0.191779373887
9 12 0.449705412519
9 13 0.377309204567
9 14 0.796362426113
9 15 0.182335349241
9 16 0.096603329520
9 17 0.477101355070
9 18 0.267944487853
9 19 0.262064766620
9 20 0.859047610990
9 21 0.581937330109
9 22 0.798307133531
9 23 0.947050908826
9 24 0.702143290843
9 25 0.723282899007
9 26 0.880118305943
9 27 0.089631343719
9 28 0.186008489937
9 29 0.384513109036
9 30 0.045306580523
9 31 0.730275220214
9 32 0.756756958517
9 33 0.126626588439
9 34 0.043992210824
9 35 0.230972502370
9 36 0.468617762562
9 37 0.698378705659
9 38 0.599527107217
9 39 0.487563573591
9 40 0.876796888169
9 41 0.787877137754
9 42 0.229955530723
9 43 0.701673433951
9 44 0.177331888097
9 45 0.477758987141
9 46 0.534295039495
9 47 0.453827411138
9 48 0.238397847940
9 49 0.424044516578
9 50 0.956315064485
9 51 0.262829014453
9 52 0.277004774517
9 53 0.083276183635
9 54 0.122500076858
9 55 0.901645330369
9 56 0.345610351750
9 57 0.146569008788
9 58 0.466109329528
9 59 0.853912619460
9 60 0.308040851282
9 61 0.727699185072
9 62 0.410079352541
9 63 0.508703179788
9 64 0.740797711680
9 65 0.872693871085
9 66 0.676809823643
9 67 0.190038591928
9 68 0.237274973586
9 69 0.619563691974
9 70 0.934439017554
9 71 0.431768075500
9 72 0.362775714339
9 73 0.855763993873
9 74 0.948472504428
9 75 0.266987780673
9 76 0.726298780430
9 77 0.715585431714
9 78 0.689456269472
9 79 0.492130796862
9 80 0.256493789840
9 81 0.706200384467
9 82 0.482668187225
9 83 0.873357997056
9 84 0.033101561173
9 85 0.108299662277
9 86 0.854135463969
9 87 0.685783807129
9 88 0.693045724409
9 89 0.184892206495
9 90 0.953251649840
9 91 0.167298686054
9 92 0.504088030990
9 93 0.445710820666
9 94 0.755723136635
9 95 0.089804177339
9 96 0.258111410714
9 97 0.502991879045
9 98 0.185318648383
9 99 0.139014843730
0 0 10
0 1 7
0 2 12
0 3 8
0 4 11
0 5 12
0 6 9
0 7 8
0 8 11
0 9 10
0 10 6
0 11 6
0 12 5
0 13 13
0 14 12
0 15 13
0 16 11
0 17 13
0 18 13
0 19 7
0 20 11
0 21 10
0 22 8
0 23 10
0 24 12
0 25 13
0 26 11
0 27 7
0 28 9
0 29 9
0 30 10
0 31 11
0 32 7
0 33 6
0 34 6
0 35 11
0 36 11
0 37 12
0 38 7
0 39 10
0 40 12
0 41 9
0 42 12
0 43 12
0 44 11
0 45 7
0 46 5
0 47 7
0 48 8
0 49 10
0 50 13
0 51 5
0 52 11
0 53 11
0 54 13
0 55 10
0 56 8
0 57 10
0 58 10
0 59 5
0 60 6
0 61 10
0 62 6
0 63 9
0 64 11
0 65 12
0 66 10
0 67 11
0 68 12
0 69 11
0 70 12
0 71 9
0 72 11
0 73 11
0 74 8
0 75 13
0 76 11
0 77 10
0 78 6
0 79 10
0 80 9
0 81 11
0 82 12
0 83 10
0 84 12
0 85 11
0 86 6
0 87 8
0 88 9
0 89 6
0 90 10
0 91 12
0 92 11
0 93 10
0 94 12
0 95 7
0 96 10
0 97 7
0 98 7
0 99 5
1 0 13
1 1 8
1 2 12
1 3 9
1 4 11
1 5 13
1 6 11
1 7 7
1 8 12
1 9 10
1 10 7
1 11 8
1 12 6
1 13 13
1 14 12
1 15 12
1 16 10
1 17 12
1 18 13
1 19 7
1 20 10
1 21 10
1 22 10
1 23 11
1 24 13
1 25 12
1 26 10
1 27 8
1 28 9
1 29 11
1 30 13
1 31 12
1 32 8
1 33 8
1 34 7
1 35 12
1 36 11
1 37 11
1 38 6
1 39 12
1 40 12
1 41 9
1 42 11
1 43 12
1 44 13
1 45 6
1 46 8
1 47 6
1 48 8
1 49 10
1 50 12
1 51 7
1 52 12
1 53 12
1 54 12
1 55 10
1 56 11
1 57 13
1 58 13
1 59 6
1 60 8
1 61 11
1 62 8
1 63 11
1 64 13
1 65 13
1 66 11
1 67 12
1 68 13
1 69 13
1 70 11
1 71 10
1 72 10
1 73 12
1 74 10
1 75 12
1 76 13
1 77 12
1 78 8
1 79 11
1 80 12
1 81 12
1 82 11
1 83 11
1 84 12
1 85 12
1 86 6
1 87 7
1 88 10
1 89 7
1 90 13
1 91 14
1 92 11
1 93 12
1 94 11
1 95 8
1 96 12
1 97 9
1 98 9
1 99 6
2 0 10
2 1 5
2 2 10
2 3 7
2 4 10
2 5 10
2 6 7
2 7 6
2 8 9
2 9 8
2 10 4
2 11 4
2 12 4
2 13 9
2 14 9
2 15 10
2 16 9
2 17 10
2 18 11
2 19 4
2 20 8
2 21 6
2 22 7
2 23 7
2 24 11
2 25 11
2 26 9
2 27 5
2 28 6
2 29 9
2 30 9
2 31 8
2 32 5
2 33 3
2 34 4
2 35 8
2 36 10
2 37 10
2 38 3
2 39 8
2 40 8
2 41 8
2 42 8
2 43 9
2 44 9
2 45 4
2 46 4
2 47 3
2 48 7
2 49 9
2 50 10
2 51 3
2 52 7
2 53 11
2 54 10
2 55 7
2 56 7
2 57 9
2 58 9
2 59 5
2 60 5
2 61 8
2 62 4
2 63 7
2 64 9
2 65 11
2 66 10
2 67 10
2 68 9
2 69 9
2 70 8
2 71 6
2 72 8
2 73 9
2 74 5
2 75 9
2 76 8
2 77 10
2 78 4
2 79 7
2 80 9
2 81 10
2 82 8
2 83 8
2 84 10
2 85 9
2 86 5
2 87 5
2 88 6
2 89 4
2 90 9
2 91 11
2 92 9
2 93 8
2 94 8
2 95 4
2 96 7
2 97 7
2 98 5
2 99 5
3 0 8
3 1 3
3 2 10
3 3 8
3 4 10
3 5 11
3 6 8
3 7 6
3 8 9
3 9 8
3 10 3
3 11 3
3 12 3
3 13 10
3 14 9
3 15 10
3 16 7
3 17 10
3 18 11
3 19 3
3 20 7
3 21 8
3 22 8
3 23 8
3 24 9
3 25 9
3 26 9
3 27 5
3 28 6
3 29 8
3 30 8
3 31 9
3 32 5
3 33 4
3 34 4
3 35 8
3 36 9
3 37 9
3 38 5
3 39 7
3 40 10
3 41 6
3 42 9
3 43 10
3 44 10
3 45 4
3 46 4
3 47 5
3 48 6
3 49 7
3 50 9
3 51 3
3 52 9
3 53 10
3 54 9
3 55 9
3 56 6
3 57 9
3 58 10
3 59 4
3 60 5
3 61 8
3 62 4
3 63 7
3 64 10
3 65 11
3 66 9
3 67 8
3 68 10
3 69 8
3 70 9
3 71 6
3 72 8
3 73 10
3 74 7
3 75 10
3 76 10
3 77 8
3 78 4
3 79 6
3 80 7
3 81 9
3 82 10
3 83 8
3 84 9
3 85 9
3 86 4
3 87 6
3 88 8
3 89 4
3 90 9
3 91 11
3 92 8
3 93 9
3 94 8
3 95 3
3 96 9
3 97 6
3 98 5
3 99 4
4 0 9
4 1 3
4 2 9
4 3 8
4 4 9
4 5 11
4 6 6
4 7 6
4 8 11
4 9 9
4 10 3
4 11 3
4 12 4
4 13 10
4 14 10
4 15 11
4 16 7
4 17 10
4 18 9
4 19 3
4 20 9
4 21 6
4 22 7
4 23 8
4 24 9
4 25 11
4 26 7
4 27 7
4 28 5
4 29 9
4 30 8
4 31 9
4 32 5
4 33 5
4 34 3
4 35 7
4 36 8
4 37 8
4 38 3
4 39 9
4 40 9
4 41 7
4 42 9
4 43 10
4 44 11
4 45 3
4 46 5
4 47 4
4 48 7
4 49 9
4 50 9
4 51 4
4 52 9
4 53 11
4 54 11
4 55 7
4 56 7
4 57 9
4 58 8
4 59 5
4 60 5
4 61 8
4 62 4
4 63 6
4 64 10
4 65 10
4 66 9
4 67 9
4 68 10
4 69 8
4 70 10
4 71 8
4 72 7
4 73 8
4 74 5
4 75 10
4 76 8
4 77 8
4 78 4
4 79 7
4 80 9
4 81 11
4 82 10
4 83 9
4 84 10
4 85 10
4 86 5
4 87 4
4 88 8
4 89 6
4 90 8
4 91 11
4 92 8
4 93 8
4 94 10
4 95 5
4 96 7
4 97 7
4 98 5
4 99 3
5 0 8
5 1 4
5 2 9
5 3 8
5 4 10
5 5 11
5 6 7
5 7 5
5 8 9
5 9 8
5 10 5
5 11 3
5 12 3
5 13 10
5 14 10
5 15 9
5 16 9
5 17 9
5 18 10
5 19 4
5 20 7
5 21 7
5 22 7
5 23 7
5 24 10
5 25 10
5 26 8
5 27 5
5 28 5
5 29 7
5 30 9
5 31 9
5 32 4
5 33 3
5 34 4
5 35 7
5 36 8
5 37 10
5 38 4
5 39 8
5 40 10
5 41 6
5 42 8
5 43 10
5 44 9
5 45 5
5 46 4
5 47 3
5 48 6
5 49 8
5 50 10
5 51 3
5 52 8
5 53 10
5 54 9
5 55 8
5 56 6
5 57 8
5 58 9
5 59 5
5 60 3
5 61 7
5 62 4
5 63 8
5 64 10
5 65 9
5 66 9
5 67 10
5 68 9
5 69 10
5 70 8
5 71 8
5 72 8
5 73 8
5 74 5
5 75 9
5 76 9
5 77 8
5 78 4
5 79 6
5 80 9
5 81 9
5 82 10
5 83 10
5 84 8
5 85 9
5 86 5
5 87 4
5 88 8
5 89 5
5 90 8
5 91 9
5 92 7
5 93 8
5 94 10
5 95 3
5 96 9
5 97 6
5 98 5
5 99 4
6 0 11
6 1 6
6 2 9
6 3 8
6 4 11
6 5 11
6 6 7
6 7 5
6 8 11
6 9 10
6 10 4
6 11 6
6 12 4
6 13 10
6 14 11
6 15 10
6 16 10
6 17 10
6 18 11
6 19 6
6 20 9
6 21 9
6 22 8
6 23 8
6 24 10
6 25 10
6 26 9
6 27 8
6 28 7
6 29 8
6 30 9
6 31 9
6 32 4
6 33 4
6 34 6
6 35 10
6 36 9
6 37 10
6 38 5
6 39 9
6 40 9
6 41 7
6 42 10
6 43 12
6 44 10
6 45 4
6 46 6
6 47 5
6 48 8
6 49 8
6 50 11
6 51 4
6 52 9
6 53 11
6 54 10
6 55 8
6 56 8
6 57 11
6 58 9
6 59 4
6 60 6
6 61 9
6 62 4
6 63 7
6 64 9
6 65 10
6 66 9
6 67 10
6 68 10
6 69 10
6 70 9
6 71 9
6 72 10
6 73 9
6 74 8
6 75 10
6 76 9
6 77 10
6 78 5
6 79 7
6 80 10
6 81 12
6 82 11
6 83 11
6 84 10
6 85 11
6 86 6
6 87 5
6 88 8
6 89 5
6 90 11
6 91 10
6 92 8
6 93 9
6 94 11
6 95 4
6 96 9
6 97 6
6 98 5
6 99 5
7 0 11
7 1 5
7 2 9
7 3 9
7 4 11
7 5 10
7 6 7
7 7 5
7 8 10
7 9 10
7 10 5
7 11 5
7 12 5
7 13 12
7 14 10
7 15 11
7 16 10
7 17 12
7 18 10
7 19 4
7 20 8
7 21 8
7 22 9
7 23 7
7 24 10
7 25 11
7 26 9
7 27 8
7 28 8
7 29 10
7 30 9
7 31 8
7 32 5
7 33 4
7 34 4
7 35 10
7 36 10
7 37 11
7 38 4
7 39 10
7 40 10
7 41 9
7 42 10
7 43 12
7 44 11
7 45 5
7 46 5
7 47 5
7 48 6
7 49 9
7 50 10
7 51 6
7 52 9
7 53 12
7 54 10
7 55 9
7 56 8
7 57 11
7 58 9
7 59 5
7 60 5
7 61 10
7 62 5
7 63 8
7 64 9
7 65 11
7 66 10
7 67 9
7 68 11
7 69 10
7 70 9
7 71 7
7 72 8
7 73 11
7 74 7
7 75 12
7 76 10
7 77 11
7 78 6
7 79 9
7 80 10
7 81 12
7 82 10
7 83 9
7 84 11
7 85 11
7 86 5
7 87 7
7 88 9
7 89 5
7 90 11
7 91 12
7 92 8
7 93 9
7 94 10
7 95 4
7 96 8
7 97 7
7 98 6
7 99 6
8 0 10
8 1 6
8 2 10
8 3 7
8 4 11
8 5 10
8 6 9
8 7 5
8 8 10
8 9 8
8 10 4
8 11 5
8 12 4
8 13 10
8 14 12
8 15 11
8 16 8
8 17 11
8 18 10
8 19 4
8 20 8
8 21 8
8 22 9
8 23 9
8 24 12
8 25 10
8 26 9
8 27 8
8 28 7
8 29 8
8 30 11
8 31 8
8 32 6
8 33 5
8 34 6
8 35 9
8 36 10
8 37 10
8 38 4
8 39 10
8 40 11
8 41 7
8 42 9
8 43 11
8 44 12
8 45 6
8 46 6
8 47 5
8 48 8
8 49 9
8 50 12
8 51 6
8 52 10
8 53 12
8 54 10
8 55 8
8 56 9
8 57 10
8 58 11
8 59 6
8 60 5
8 61 9
8 62 6
8 63 9
8 64 11
8 65 12
8 66 11
8 67 9
8 68 11
8 69 11
8 70 9
8 71 9
8 72 9
8 73 11
8 74 6
8 75 10
8 76 9
8 77 9
8 78 6
8 79 7
8 80 8
8 81 12
8 82 10
8 83 11
8 84 11
8 85 11
8 86 6
8 87 7
8 88 8
8 89 6
8 90 10
8 91 10
8 92 10
8 93 10
8 94 11
8 95 6
8 96 9
8 97 6
8 98 5
8 99 5
9 0 10
9 1 3
9 2 9
9 3 7
9 4 8
9 5 11
9 6 7
9 7 5
9 8 9
9 9 8
9 10 3
9 11 4
9 12 4
9 13 9
9 14 10
9 15 11
9 16 8
9 17 9
9 18 11
9 19 3
9 20 9
9 21 8
9 22 6
9 23 6
9 24 10
9 25 10
9 26 7
9 27 7
9 28 5
9 29 9
9 30 8
9 31 8
9 32 3
9 33 3
9 34 5
9 35 7
9 36 10
9 37 8
9 38 5
9 39 9
9 40 10
9 41 8
9 42 8
9 43 10
9 44 11
9 45 5
9 46 4
9 47 5
9 48 6
9 49 8
9 50 11
9 51 3
9 52 7
9 53 11
9 54 10
9 55 9
9 56 7
9 57 8
9 58 9
9 59 5
9 60 3
9 61 8
9 62 4
9 63 8
9 64 8
9 65 10
9 66 9
9 67 10
9 68 10
9 69 8
9 70 10
9 71 7
9 72 9
9 73 10
9 74 5
9 75 11
9 76 9
9 77 10
9 78 4
9 79 6
9 80 7
9 81 10
9 82 8
9 83 10
9 84 8
9 85 9
9 86 3
9 87 5
9 88 7
9 89 6
9 90 8
9 91 10
9 92 9
9 93 9
9 94 9
9 95 5
9 96 7
9 97 6
9 98 5
9 99 3
