10 100 10 7 10.0 3.0 1.0 95
2 56 9
2 32 3
1 98 7
0 60 8
5 127 5
0 99 3
4 70 5
1 111 5
7 180 9
5 70 9
5 84 7
2 47 4
3 82 3
0 31 9
8 61 8
4 10 9
3 12 7
1 50 9
9 15 9
5 92 9
8 154 8
5 68 9
0 14 8
1 16 3
8 163 3
8 72 3
6 140 8
5 114 3
0 4 4
5 136 3
8 222 4
4 13 7
6 88 3
2 77 5
9 118 7
6 92 4
1 52 8
5 101 6
7 199 3
9 142 9
7 126 9
7 80 5
6 158 7
3 51 3
0 57 7
2 85 7
6 84 3
3 8 7
8 166 8
2 21 9
4 38 3
3 64 5
8 222 9
7 106 9
4 132 4
6 4 8
9 142 9
4 165 7
7 56 3
4 87 9
3 94 7
9 62 9
4 43 9
0 69 8
9 52 6
0 69 6
1 63 3
8 89 9
9 58 3
7 15 7
8 152 5
3 87 6
9 222 3
2 73 8
7 91 9
1 102 7
9 225 7
5 110 9
1 68 4
9 5 4
3 51 9
6 2 8
7 43 4
3 120 9
6 66 9
5 11 7
2 67 7
0 69 8
1 105 7
2 81 3
4 68 9
7 186 9
3 60 7
4 12 3
6 134 8
1 40 7
2 25 8
8 159 8
0 95 3
6 52 5
0 0 0.519283602059
0 1 0.517595197539
0 2 0.514132307161
0 3 0.141832140526
0 4 0.693967850311
0 5 0.196211864733
0 6 0.487381372575
0 7 0.382018507920
0 8 0.652936153079
0 9 0.506645667322
0 10 0.945899281792
0 11 0.789121088433
0 12 0.827246800101
0 13 0.907699708432
0 14 0.805820227958
0 15 0.145631941011
0 16 0.601956715062
0 17 0.614429723499
0 18 0.488050566800
0 19 0.109375831802
0 20 0.631872984838
0 21 0.283873741735
0 22 0.920384634404
0 23 0.578585018572
0 24 0.627187401560
0 25 0.454120781068
0 26 0.150794913582
0 27 0.744665817613
0 28 0.125974487026
0 29 0.584086957383
0 30 0.547350693955
0 31 0.301561753664
0 32 0.276810808585
0 33 0.595745410313
0 34 0.618090841574
0 35 0.931316181928
0 36 0.474721189909
0 37 0.096142614159
0 38 0.185723447200
0 39 0.857781076509
0 40 0.315386925107
0 41 0.482574489531
0 42 0.377262934798
0 43 0.913750162301
0 44 0.542838422041
0 45 0.559112528882
0 46 0.432116857184
0 47 0.537491841235
0 48 0.350728414693
0 49 0.996576879780
0 50 0.407684883687
0 51 0.860074595784
0 52 0.591174645845
0 53 0.802333074011
0 54 0.914457897444
0 55 0.331770662149
0 56 0.344492260614
0 57 0.073036656730
0 58 0.173447485130
0 59 0.270817695104
0 60 0.783425183840
0 61 0.514824654387
0 62 0.162336489309
0 63 0.561368368770
0 64 0.043353290488
0 65 0.835172868614
0 66 0.235914505442
0 67 0.291695202596
0 68 0.134233186743
0 69 0.366651147453
0 70 0.526409156498
0 71 0.172223754468
0 72 0.057267571174
0 73 0.700963954310
0 74 0.184610155213
0 75 0.987199098287
0 76 0.561953290380
0 77 0.264339520684
0 78 0.104645556240
0 79 0.018357074277
0 80 0.535040280246
0 81 0.541464736539
0 82 0.805041853589
0 83 0.839367912810
0 84 0.823055943577
0 85 0.420244722793
0 86 0.609121654727
0 87 0.270400513210
0 88 0.129672825577
0 89 0.395875050609
0 90 0.368115085710
0 91 0.426968399622
0 92 0.853902831999
0 93 0.629503963540
0 94 0.482955864311
0 95 0.858870132726
0 96 0.835775198383
0 97 0.049139213857
0 98 0.129364848915
0 99 0.443079880752
1 0 0.812845476185
1 1 0.045759686017
1 2 0.158414088656
1 3 0.095644328332
1 4 0.499423643042
1 5 0.498132406877
1 6 0.233424089797
1 7 0.900987844851
1 8 0.638340314153
1 9 0.714660995012
1 10 0.055114719660
1 11 0.558960918029
1 12 0.243914987093
1 13 0.747974540518
1 14 0.040924438983
1 15 0.437425475398
1 16 0.280831990557
1 17 0.798601269740
1 18 0.063156215076
1 19 0.034833955503
1 20 0.898529293285
1 21 0.005535189309
1 22 0.659459237431
1 23 0.237855336483
1 24 0.945579933548
1 25 0.673290536174
1 26 0.871031657771
1 27 0.058392583141
1 28 0.148322113508
1 29 0.806842567573
1 30 0.668261971769
1 31 0.182157768089
1 32 0.753507224587
1 33 0.975517113838
1 34 0.504240030259
1 35 0.287726764442
1 36 0.452013232026
1 37 0.184177495810
1 38 0.956630219626
1 39 0.343953054100
1 40 0.675444151356
1 41 0.073627576873
1 42 0.179952052146
1 43 0.190687897818
1 44 0.457575336716
1 45 0.674744303307
1 46 0.593697310888
1 47 0.490441178812
1 48 0.520629110866
1 49 0.412304032622
1 50 0.213265624392
1 51 0.528244454179
1 52 0.843250866223
1 53 0.211196475383
1 54 0.732604540591
1 55 0.769426953412
1 56 0.621155273371
1 57 0.671344881275
1 58 0.252796721162
1 59 0.416471045753
1 60 0.737906484832
1 61 0.681743863195
1 62 0.739769880933
1 63 0.222727860508
1 64 0.069494799291
1 65 0.676977572449
1 66 0.272449522542
1 67 0.907745871944
1 68 0.767494749304
1 69 0.320941167491
1 70 0.992949886337
1 71 0.777721410424
1 72 0.528836040050
1 73 0.681056227872
1 74 0.039329129931
1 75 0.975539780972
1 76 0.366550474754
1 77 0.962801030961
1 78 0.571369294502
1 79 0.243498385718
1 80 0.084774862465
1 81 0.177577751840
1 82 0.489772923780
1 83 0.980755025677
1 84 0.922390696517
1 85 0.081794637532
1 86 0.871141269988
1 87 0.711416933114
1 88 0.779876191689
1 89 0.428211578088
1 90 0.024187388898
1 91 0.828435254779
1 92 0.826470685049
1 93 0.465322993945
1 94 0.364423894741
1 95 0.994440501575
1 96 0.486438707359
1 97 0.533456685540
1 98 0.647715097064
1 99 0.994627602850
2 0 0.260044816444
2 1 0.675967980415
2 2 0.687062744144
2 3 0.176581820430
2 4 0.915983867514
2 5 0.599557877117
2 6 0.567525901836
2 7 0.919010460634
2 8 0.248144691416
2 9 0.248101820954
2 10 0.192787340503
2 11 0.338830514514
2 12 0.580362495444
2 13 0.494502269878
2 14 0.471193178532
2 15 0.216575706346
2 16 0.176319390911
2 17 0.498327966004
2 18 0.635189279708
2 19 0.223561940719
2 20 0.468115837067
2 21 0.867741893940
2 22 0.429691515610
2 23 0.405932000571
2 24 0.588998041810
2 25 0.717076314009
2 26 0.578385674106
2 27 0.032330104682
2 28 0.307529219727
2 29 0.768345119872
2 30 0.319432290327
2 31 0.519269370823
2 32 0.584309173171
2 33 0.647414894151
2 34 0.041113644580
2 35 0.468025359041
2 36 0.848040617867
2 37 0.653547815994
2 38 0.665858239563
2 39 0.736619566957
2 40 0.288034240523
2 41 0.589999556382
2 42 0.580287131340
2 43 0.030596517644
2 44 0.704356666396
2 45 0.992456867546
2 46 0.251946243437
2 47 0.494625467941
2 48 0.688373723653
2 49 0.874608883520
2 50 0.912328740530
2 51 0.279746277887
2 52 0.220576976125
2 53 0.649516711789
2 54 0.251945295971
2 55 0.454546745627
2 56 0.872284815084
2 57 0.226911541607
2 58 0.363533950653
2 59 0.850994485299
2 60 0.521525088822
2 61 0.782371438379
2 62 0.181031257290
2 63 0.595029642156
2 64 0.243761202415
2 65 0.375082155422
2 66 0.814462475128
2 67 0.484459854997
2 68 0.722483333071
2 69 0.109400012476
2 70 0.685963999169
2 71 0.688864622247
2 72 0.639218425039
2 73 0.165193339817
2 74 0.339021122885
2 75 0.430746840799
2 76 0.107871182652
2 77 0.687760556267
2 78 0.444204014973
2 79 0.389716561570
2 80 0.453401224555
2 81 0.543197825335
2 82 0.217028031819
2 83 0.589994215387
2 84 0.375521764799
2 85 0.178850112392
2 86 0.187934444814
2 87 0.864409405351
2 88 0.227565610757
2 89 0.066150751046
2 90 0.863519913660
2 91 0.373724294983
2 92 0.787893676106
2 93 0.723757397724
2 94 0.044565191794
2 95 0.486833326086
2 96 0.693244753718
2 97 0.656733440489
2 98 0.459714579957
2 99 0.252610497366
3 0 0.221116175266
3 1 0.911894208672
3 2 0.622914907725
3 3 0.645495603433
3 4 0.951424602827
3 5 0.725484436229
3 6 0.621691110658
3 7 0.588520917540
3 8 0.700582031486
3 9 0.962105379192
3 10 0.908596751683
3 11 0.121428477242
3 12 0.590296227879
3 13 0.058752551561
3 14 0.746536671449
3 15 0.989600076548
3 16 0.724906415492
3 17 0.583143385003
3 18 0.235175307610
3 19 0.939113411429
3 20 0.354638525341
3 21 0.804701696562
3 22 0.332339717975
3 23 0.723764534315
3 24 0.355687130276
3 25 0.804246890624
3 26 0.863337441197
3 27 0.461085060272
3 28 0.042618009154
3 29 0.659672300070
3 30 0.158382097720
3 31 0.617673546140
3 32 0.190178927337
3 33 0.890492551159
3 34 0.525139779007
3 35 0.716418918300
3 36 0.969946348196
3 37 0.445855764170
3 38 0.510800235792
3 39 0.959338833350
3 40 0.291634699158
3 41 0.293280172839
3 42 0.440487369508
3 43 0.145354909983
3 44 0.293714142994
3 45 0.479475148026
3 46 0.912784047532
3 47 0.625689380950
3 48 0.212153157964
3 49 0.045021675703
3 50 0.586087853360
3 51 0.928369482657
3 52 0.292879662623
3 53 0.623346286436
3 54 0.251767403466
3 55 0.922559289227
3 56 0.309677217589
3 57 0.158306229682
3 58 0.301897693566
3 59 0.598959749996
3 60 0.907390596440
3 61 0.588050237933
3 62 0.999663395199
3 63 0.288283341804
3 64 0.827704216513
3 65 0.092249583954
3 66 0.601044969011
3 67 0.085642978505
3 68 0.071935027124
3 69 0.475682480744
3 70 0.267799352460
3 71 0.151488619713
3 72 0.693575594902
3 73 0.826004760565
3 74 0.556809713820
3 75 0.240689578124
3 76 0.921354477884
3 77 0.299924470927
3 78 0.394071596541
3 79 0.250091901866
3 80 0.433939655961
3 81 0.913304803179
3 82 0.976539190077
3 83 0.775512715331
3 84 0.643932608847
3 85 0.135729207388
3 86 0.419468247220
3 87 0.349598115273
3 88 0.650619688301
3 89 0.901367652693
3 90 0.367822698621
3 91 0.822242011567
3 92 0.402646895238
3 93 0.303279680839
3 94 0.292058325079
3 95 0.910275346473
3 96 0.986681749862
3 97 0.410872384929
3 98 0.708480967799
3 99 0.967609774244
4 0 0.806831946561
4 1 0.745843238725
4 2 0.755670663521
4 3 0.908463857095
4 4 0.767803103316
4 5 0.944425789176
4 6 0.288010592558
4 7 0.102841586039
4 8 0.394487464242
4 9 0.570831296058
4 10 0.534787666562
4 11 0.250578908844
4 12 0.561344788630
4 13 0.323755732573
4 14 0.442347659267
4 15 0.364254730431
4 16 0.642453019186
4 17 0.973317648976
4 18 0.476271691285
4 19 0.897113793995
4 20 0.374207628106
4 21 0.008565092501
4 22 0.707534273066
4 23 0.406433005203
4 24 0.059214750694
4 25 0.292187553409
4 26 0.052708590295
4 27 0.832209385695
4 28 0.122044999507
4 29 0.102141857252
4 30 0.238299695615
4 31 0.569871950546
4 32 0.624835315004
4 33 0.698351216649
4 34 0.530913049663
4 35 0.433454215819
4 36 0.905261431377
4 37 0.184124772686
4 38 0.576877902260
4 39 0.090577454664
4 40 0.220564222168
4 41 0.074979666667
4 42 0.877977582888
4 43 0.590210006594
4 44 0.074704748268
4 45 0.189479356996
4 46 0.729819092267
4 47 0.754483024508
4 48 0.720760444173
4 49 0.970502030204
4 50 0.511011402499
4 51 0.612626217892
4 52 0.953998683392
4 53 0.294948448144
4 54 0.617785261380
4 55 0.838453974529
4 56 0.013961199432
4 57 0.919570373296
4 58 0.728482136478
4 59 0.193110740092
4 60 0.716229626992
4 61 0.810634850468
4 62 0.789801333360
4 63 0.923381129070
4 64 0.488308306171
4 65 0.116312963188
4 66 0.885048131325
4 67 0.326360538123
4 68 0.596514921866
4 69 0.020005702526
4 70 0.745891078693
4 71 0.367250786906
4 72 0.657828930672
4 73 0.463351413010
4 74 0.828479055606
4 75 0.101079110321
4 76 0.188957139342
4 77 0.957173846316
4 78 0.544481329342
4 79 0.702896850891
4 80 0.258667042230
4 81 0.899319507411
4 82 0.454370229137
4 83 0.689644680862
4 84 0.102852692537
4 85 0.847098144842
4 86 0.009283013380
4 87 0.443749889444
4 88 0.947686752786
4 89 0.767769866477
4 90 0.488944268911
4 91 0.574070325511
4 92 0.180497891984
4 93 0.331230204339
4 94 0.448168937474
4 95 0.954469539205
4 96 0.277601454477
4 97 0.803731485475
4 98 0.674148253843
4 99 0.772552219156
5 0 0.504566026596
5 1 0.557263447020
5 2 0.095063361083
5 3 0.666289939521
5 4 0.321065898240
5 5 0.680054196052
5 6 0.939712050719
5 7 0.599410458413
5 8 0.634526684461
5 9 0.007369128813
5 10 0.682210908237
5 11 0.688639701219
5 12 0.861829354270
5 13 0.102439468646
5 14 0.508268675258
5 15 0.032903893782
5 16 0.569556542891
5 17 0.455111107470
5 18 0.215858434436
5 19 0.698236002929
5 20 0.851993124794
5 21 0.141204368606
5 22 0.480030808487
5 23 0.902021843596
5 24 0.166628880666
5 25 0.602784167753
5 26 0.316817337287
5 27 0.676729716706
5 28 0.224896873727
5 29 0.250266267399
5 30 0.343771409657
5 31 0.419980109364
5 32 0.659996510193
5 33 0.275783308964
5 34 0.231891188993
5 35 0.551285672339
5 36 0.334964155368
5 37 0.192401890292
5 38 0.802772302423
5 39 0.119384984997
5 40 0.369229729687
5 41 0.829388155765
5 42 0.588870430036
5 43 0.182170589765
5 44 0.751802177504
5 45 0.039646803372
5 46 0.683290739360
5 47 0.583042541928
5 48 0.371285789373
5 49 0.281330977491
5 50 0.999790408163
5 51 0.961915268075
5 52 0.015000918156
5 53 0.230411571162
5 54 0.847108251454
5 55 0.599257278564
5 56 0.981292726305
5 57 0.901332366863
5 58 0.545232730292
5 59 0.478808985461
5 60 0.863084182458
5 61 0.126394842145
5 62 0.792768044797
5 63 0.006592092376
5 64 0.220355778835
5 65 0.631039933763
5 66 0.669920927072
5 67 0.517681650639
5 68 0.543483405407
5 69 0.018764950552
5 70 0.693967751429
5 71 0.810381481512
5 72 0.571310333476
5 73 0.242664179268
5 74 0.190143074522
5 75 0.299795452186
5 76 0.132263248954
5 77 0.663083536246
5 78 0.974122357033
5 79 0.833976682320
5 80 0.164459136716
5 81 0.702853022210
5 82 0.065000240551
5 83 0.023929886781
5 84 0.671460435814
5 85 0.780371039279
5 86 0.621930124055
5 87 0.344516496886
5 88 0.803311883748
5 89 0.296410376141
5 90 0.996318292260
5 91 0.375550222591
5 92 0.138876266153
5 93 0.192195982798
5 94 0.766828426036
5 95 0.048148227730
5 96 0.896100900999
5 97 0.555771407872
5 98 0.516584280709
5 99 0.349950347301
6 0 0.167303212564
6 1 0.104249629048
6 2 0.389623906000
6 3 0.857046382222
6 4 0.295909749944
6 5 0.369944934572
6 6 0.920563574307
6 7 0.870788477534
6 8 0.198072159260
6 9 0.137991922527
6 10 0.090130298380
6 11 0.244631042392
6 12 0.885306752781
6 13 0.202795305268
6 14 0.150390532970
6 15 0.648723340744
6 16 0.694714125262
6 17 0.496064378602
6 18 0.416833666862
6 19 0.748452945606
6 20 0.435598483078
6 21 0.999576860468
6 22 0.172756004309
6 23 0.920201825628
6 24 0.012706083769
6 25 0.183647495843
6 26 0.488238788714
6 27 0.439331590476
6 28 0.884176844035
6 29 0.014942313166
6 30 0.649371963091
6 31 0.393188219740
6 32 0.697845201999
6 33 0.966569432383
6 34 0.520355405469
6 35 0.485877164926
6 36 0.130281176114
6 37 0.291301282829
6 38 0.617817094552
6 39 0.110710332101
6 40 0.025954314967
6 41 0.300231332418
6 42 0.059147296005
6 43 0.040597592566
6 44 0.137927576492
6 45 0.987152661055
6 46 0.937961670614
6 47 0.670727799458
6 48 0.695714089098
6 49 0.790000709013
6 50 0.257387622624
6 51 0.532158030423
6 52 0.456482061683
6 53 0.310044072967
6 54 0.968423571710
6 55 0.682993988334
6 56 0.243727223954
6 57 0.820486160742
6 58 0.097464387153
6 59 0.193303121985
6 60 0.799021282978
6 61 0.986739266377
6 62 0.702596936584
6 63 0.349056235683
6 64 0.022424191024
6 65 0.416654407263
6 66 0.349232968057
6 67 0.488756145755
6 68 0.133426696590
6 69 0.296487280737
6 70 0.855589763282
6 71 0.698948432969
6 72 0.571931962519
6 73 0.780953523016
6 74 0.088044697711
6 75 0.741835935454
6 76 0.731750584731
6 77 0.752986677226
6 78 0.268281617525
6 79 0.024435975884
6 80 0.917656598765
6 81 0.397575701599
6 82 0.521645540289
6 83 0.546719347025
6 84 0.414692905937
6 85 0.058150598806
6 86 0.576773635460
6 87 0.658681866171
6 88 0.580525447017
6 89 0.650817620406
6 90 0.300482299083
6 91 0.056001391040
6 92 0.151695371536
6 93 0.328558143308
6 94 0.557149535310
6 95 0.646140881089
6 96 0.688011500924
6 97 0.909154546670
6 98 0.493972655446
6 99 0.265954452539
7 0 0.664551138342
7 1 0.588147472303
7 2 0.552054388688
7 3 0.101646619208
7 4 0.359861384409
7 5 0.044644359663
7 6 0.729598012811
7 7 0.811689424448
7 8 0.193084305316
7 9 0.033313654340
7 10 0.799721510268
7 11 0.091880177254
7 12 0.071202916733
7 13 0.050598632117
7 14 0.108452484221
7 15 0.152570855109
7 16 0.433993409277
7 17 0.173675696760
7 18 0.747178258400
7 19 0.386391601017
7 20 0.784487407463
7 21 0.652907321250
7 22 0.297207023319
7 23 0.377672386600
7 24 0.600729599327
7 25 0.130298416584
7 26 0.722861981350
7 27 0.862248187351
7 28 0.273068619027
7 29 0.057852157564
7 30 0.704433990986
7 31 0.235105046648
7 32 0.082895548104
7 33 0.052336526371
7 34 0.047745432478
7 35 0.268289452657
7 36 0.984175072603
7 37 0.879747706207
7 38 0.805186671408
7 39 0.714208255975
7 40 0.157662091585
7 41 0.406782129942
7 42 0.996987315947
7 43 0.532418450076
7 44 0.232433879688
7 45 0.547650194173
7 46 0.047555753395
7 47 0.573926515331
7 48 0.186601509635
7 49 0.833406779427
7 50 0.549012181759
7 51 0.271159980449
7 52 0.229542852698
7 53 0.440651853478
7 54 0.380969283216
7 55 0.921516155781
7 56 0.655150255754
7 57 0.867184399916
7 58 0.617249425412
7 59 0.912244369728
7 60 0.287442579692
7 61 0.144591154169
7 62 0.051871996075
7 63 0.649993434696
7 64 0.519441951596
7 65 0.857647464335
7 66 0.976318709396
7 67 0.794786938296
7 68 0.327254246251
7 69 0.130547383407
7 70 0.200175648688
7 71 0.597329829011
7 72 0.728420351162
7 73 0.341554845140
7 74 0.916253947540
7 75 0.595232493565
7 76 0.397724260656
7 77 0.263642423114
7 78 0.889296585464
7 79 0.232643847755
7 80 0.219977713667
7 81 0.139691494789
7 82 0.803899680063
7 83 0.377272898341
7 84 0.242418341696
7 85 0.306754924901
7 86 0.638511816546
7 87 0.185945569744
7 88 0.323456165293
7 89 0.437505290859
7 90 0.014066776818
7 91 0.120876595636
7 92 0.826205292208
7 93 0.396047582451
7 94 0.305563825621
7 95 0.709389721019
7 96 0.803806910694
7 97 0.057589249416
7 98 0.289636186058
7 99 0.163890583392
8 0 0.813744881841
8 1 0.663814103488
8 2 0.267387915573
8 3 0.962132047564
8 4 0.913434966848
8 5 0.842422486449
8 6 0.374254255275
8 7 0.651096135733
8 8 0.548438355991
8 9 0.765380718628
8 10 0.026637481867
8 11 0.320169242130
8 12 0.583317059631
8 13 0.201771534620
8 14 0.106007074096
8 15 0.370274200087
8 16 0.231602980016
8 17 0.270227112290
8 18 0.308764431104
8 19 0.642958371019
8 20 0.997314943635
8 21 0.082142249811
8 22 0.379548648116
8 23 0.249561404995
8 24 0.934303785918
8 25 0.029586756644
8 26 0.138648572128
8 27 0.650252547936
8 28 0.344778453577
8 29 0.729145318764
8 30 0.478463893426
8 31 0.457026201840
8 32 0.365486905373
8 33 0.168396163477
8 34 0.888819320077
8 35 0.590701478610
8 36 0.690673347551
8 37 0.230092115696
8 38 0.548829855914
8 39 0.102366690823
8 40 0.762971169636
8 41 0.684494165570
8 42 0.063318103063
8 43 0.945274523892
8 44 0.992370604252
8 45 0.690188901953
8 46 0.095464081420
8 47 0.480532821134
8 48 0.171310528297
8 49 0.602988827536
8 50 0.967330976117
8 51 0.937665267116
8 52 0.979294925036
8 53 0.924217497781
8 54 0.327113248159
8 55 0.396962962901
8 56 0.490962050631
8 57 0.345486979484
8 58 0.455434473116
8 59 0.375094594935
8 60 0.488621538576
8 61 0.225630099283
8 62 0.677152589872
8 63 0.647687617927
8 64 0.548830435012
8 65 0.796970693604
8 66 0.217001734619
8 67 0.948272361871
8 68 0.578531432992
8 69 0.942020578499
8 70 0.954912195579
8 71 0.439404856260
8 72 0.870828589788
8 73 0.337360962678
8 74 0.698399239509
8 75 0.292027742211
8 76 0.645584008750
8 77 0.604816422296
8 78 0.728063449532
8 79 0.117414045857
8 80 0.129800973472
8 81 0.348276188955
8 82 0.111331625227
8 83 0.252314539116
8 84 0.343443906235
8 85 0.664993101696
8 86 0.503801227226
8 87 0.527638902632
8 88 0.877384839821
8 89 0.385980102421
8 90 0.609912901023
8 91 0.515276146478
8 92 0.987334345532
8 93 0.092994358637
8 94 0.695119860063
8 95 0.205615351097
8 96 0.861023130513
8 97 0.353706409034
8 98 0.678114879737
8 99 0.431587943549
9 0 0.395606537707
9 1 0.400380169244
9 2 0.864637369812
9 3 0.910133110332
9 4 0.755327086488
9 5 0.754205334507
9 6 0.394814321202
9 7 0.367714909648
9 8 0.385140330792
9 9 0.768861164892
9 10 0.582538566431
9 11 0.374932378643
9 12 0.202745917093
9 13 0.927956785665
9 14 0.092178869066
9 15 0.524802570823
9 16 0.068527217431
9 17 0.333372283075
9 18 0.473671535152
9 19 0.654373595850
9 20 0.026546441776
9 21 0.811796987073
9 22 0.237653440687
9 23 0.068805055308
9 24 0.138901919597
9 25 0.377069992081
9 26 0.727472616933
9 27 0.488627859465
9 28 0.535602449504
9 29 0.972396839025
9 30 0.690822334688
9 31 0.091194717458
9 32 0.014889177455
9 33 0.360810485510
9 34 0.072606655160
9 35 0.625085535148
9 36 0.177800445542
9 37 0.397887513137
9 38 0.162199574446
9 39 0.313531881653
9 40 0.223352538884
9 41 0.928242368832
9 42 0.087478374827
9 43 0.035987535771
9 44 0.873265010091
9 45 0.919412134295
9 46 0.885494371884
9 47 0.638264828693
9 48 0.416362187560
9 49 0.562723017159
9 50 0.564430839478
9 51 0.902259044153
9 52 0.007040754923
9 53 0.741271470895
9 54 0.428422128677
9 55 0.720857769778
9 56 0.619545906970
9 57 0.428297170732
9 58 0.060063651745
9 59 0.595165272303
9 60 0.378002745934
9 61 0.161673193657
9 62 0.980959771648
9 63 0.688023553349
9 64 0.095407049961
9 65 0.319070850538
9 66 0.053072727822
9 67 0.344556107530
9 68 0.341920431468
9 69 0.263269280194
9 70 0.961473957342
9 71 0.900174373747
9 72 0.797274569410
9 73 0.559603527194
9 74 0.747105689825
9 75 0.931164417160
9 76 0.659788864626
9 77 0.713161018258
9 78 0.742636343582
9 79 0.617604410391
9 80 0.631179874409
9 81 0.861572403673
9 82 0.099884750882
9 83 0.137485824307
9 84 0.963068499230
9 85 0.353962677068
9 86 0.173975931762
9 87 0.362750835421
9 88 0.225225333582
9 89 0.419171641583
9 90 0.328343695907
9 91 0.026948432197
9 92 0.599317688447
9 93 0.339585652371
9 94 0.644853880709
9 95 0.071162414732
9 96 0.413357566255
9 97 0.850039280735
9 98 0.490539233347
9 99 0.232633847174
0 0 14
0 1 7
0 2 12
0 3 11
0 4 8
0 5 8
0 6 9
0 7 9
0 8 13
0 9 14
0 10 11
0 11 9
0 12 7
0 13 14
0 14 11
0 15 12
0 16 12
0 17 14
0 18 14
0 19 12
0 20 12
0 21 14
0 22 13
0 23 6
0 24 7
0 25 7
0 26 12
0 27 7
0 28 8
0 29 8
0 30 9
0 31 11
0 32 7
0 33 10
0 34 10
0 35 8
0 36 13
0 37 9
0 38 6
0 39 13
0 40 13
0 41 10
0 42 10
0 43 7
0 44 10
0 45 11
0 46 6
0 47 10
0 48 11
0 49 14
0 50 6
0 51 9
0 52 13
0 53 14
0 54 9
0 55 12
0 56 13
0 57 10
0 58 7
0 59 14
0 60 12
0 61 14
0 62 12
0 63 12
0 64 10
0 65 11
0 66 6
0 67 14
0 68 6
0 69 12
0 70 8
0 71 11
0 72 7
0 73 12
0 74 13
0 75 12
0 76 12
0 77 14
0 78 9
0 79 7
0 80 13
0 81 11
0 82 9
0 83 14
0 84 13
0 85 10
0 86 12
0 87 12
0 88 10
0 89 6
0 90 12
0 91 12
0 92 11
0 93 8
0 94 11
0 95 11
0 96 12
0 97 13
0 98 8
0 99 10
1 0 10
1 1 3
1 2 8
1 3 8
1 4 7
1 5 3
1 6 7
1 7 7
1 8 10
1 9 9
1 10 9
1 11 6
1 12 5
1 13 9
1 14 10
1 15 9
1 16 8
1 17 9
1 18 11
1 19 10
1 20 9
1 21 11
1 22 10
1 23 3
1 24 5
1 25 3
1 26 10
1 27 4
1 28 4
1 29 4
1 30 6
1 31 8
1 32 3
1 33 7
1 34 9
1 35 6
1 36 9
1 37 6
1 38 3
1 39 9
1 40 11
1 41 7
1 42 7
1 43 5
1 44 7
1 45 7
1 46 4
1 47 8
1 48 9
1 49 11
1 50 3
1 51 7
1 52 10
1 53 11
1 54 4
1 55 9
1 56 10
1 57 7
1 58 3
1 59 11
1 60 9
1 61 10
1 62 9
1 63 9
1 64 6
1 65 8
1 66 3
1 67 9
1 68 3
1 69 8
1 70 5
1 71 8
1 72 4
1 73 8
1 74 9
1 75 7
1 76 9
1 77 10
1 78 4
1 79 5
1 80 9
1 81 10
1 82 6
1 83 9
1 84 10
1 85 7
1 86 8
1 87 10
1 88 8
1 89 5
1 90 11
1 91 10
1 92 8
1 93 4
1 94 10
1 95 7
1 96 8
1 97 8
1 98 4
1 99 5
2 0 12
2 1 6
2 2 10
2 3 10
2 4 9
2 5 5
2 6 7
2 7 9
2 8 11
2 9 11
2 10 11
2 11 8
2 12 7
2 13 13
2 14 11
2 15 12
2 16 11
2 17 11
2 18 13
2 19 13
2 20 12
2 21 13
2 22 12
2 23 6
2 24 6
2 25 6
2 26 11
2 27 7
2 28 6
2 29 6
2 30 7
2 31 10
2 32 7
2 33 8
2 34 9
2 35 7
2 36 10
2 37 10
2 38 6
2 39 11
2 40 11
2 41 8
2 42 9
2 43 6
2 44 11
2 45 10
2 46 7
2 47 9
2 48 12
2 49 12
2 50 6
2 51 8
2 52 13
2 53 12
2 54 8
2 55 12
2 56 11
2 57 10
2 58 5
2 59 11
2 60 10
2 61 13
2 62 13
2 63 12
2 64 9
2 65 9
2 66 5
2 67 11
2 68 7
2 69 9
2 70 9
2 71 8
2 72 5
2 73 11
2 74 13
2 75 9
2 76 10
2 77 11
2 78 8
2 79 7
2 80 12
2 81 12
2 82 6
2 83 11
2 84 13
2 85 11
2 86 9
2 87 10
2 88 11
2 89 6
2 90 13
2 91 13
2 92 11
2 93 6
2 94 10
2 95 10
2 96 11
2 97 12
2 98 5
2 99 9
3 0 11
3 1 4
3 2 8
3 3 11
3 4 6
3 5 6
3 6 7
3 7 7
3 8 12
3 9 11
3 10 9
3 11 6
3 12 5
3 13 12
3 14 9
3 15 10
3 16 9
3 17 12
3 18 12
3 19 10
3 20 10
3 21 10
3 22 9
3 23 6
3 24 4
3 25 4
3 26 11
3 27 4
3 28 5
3 29 5
3 30 7
3 31 8
3 32 5
3 33 8
3 34 10
3 35 6
3 36 9
3 37 8
3 38 6
3 39 11
3 40 12
3 41 8
3 42 10
3 43 4
3 44 10
3 45 8
3 46 5
3 47 8
3 48 9
3 49 11
3 50 4
3 51 8
3 52 11
3 53 10
3 54 6
3 55 10
3 56 12
3 57 8
3 58 6
3 59 12
3 60 9
3 61 12
3 62 10
3 63 11
3 64 7
3 65 9
3 66 4
3 67 10
3 68 6
3 69 9
3 70 8
3 71 7
3 72 6
3 73 9
3 74 11
3 75 10
3 76 9
3 77 10
3 78 6
3 79 7
3 80 12
3 81 10
3 82 6
3 83 12
3 84 12
3 85 10
3 86 9
3 87 9
3 88 9
3 89 5
3 90 12
3 91 10
3 92 9
3 93 5
3 94 9
3 95 8
3 96 11
3 97 11
3 98 6
3 99 8
4 0 11
4 1 4
4 2 9
4 3 9
4 4 7
4 5 5
4 6 5
4 7 5
4 8 11
4 9 10
4 10 9
4 11 6
4 12 4
4 13 9
4 14 10
4 15 11
4 16 7
4 17 9
4 18 9
4 19 11
4 20 9
4 21 9
4 22 10
4 23 4
4 24 3
4 25 5
4 26 9
4 27 4
4 28 6
4 29 5
4 30 5
4 31 9
4 32 5
4 33 5
4 34 8
4 35 5
4 36 10
4 37 8
4 38 4
4 39 11
4 40 9
4 41 5
4 42 9
4 43 3
4 44 8
4 45 9
4 46 4
4 47 7
4 48 8
4 49 9
4 50 4
4 51 7
4 52 9
4 53 10
4 54 4
4 55 8
4 56 10
4 57 9
4 58 4
4 59 11
4 60 8
4 61 11
4 62 9
4 63 9
4 64 6
4 65 6
4 66 4
4 67 9
4 68 5
4 69 8
4 70 7
4 71 8
4 72 4
4 73 8
4 74 10
4 75 9
4 76 7
4 77 11
4 78 4
4 79 5
4 80 10
4 81 8
4 82 5
4 83 9
4 84 10
4 85 8
4 86 9
4 87 8
4 88 8
4 89 4
4 90 10
4 91 10
4 92 9
4 93 4
4 94 10
4 95 7
4 96 10
4 97 10
4 98 3
4 99 7
5 0 12
5 1 6
5 2 8
5 3 10
5 4 6
5 5 4
5 6 8
5 7 6
5 8 11
5 9 10
5 10 8
5 11 6
5 12 6
5 13 10
5 14 10
5 15 12
5 16 10
5 17 10
5 18 10
5 19 10
5 20 9
5 21 10
5 22 10
5 23 5
5 24 6
5 25 5
5 26 10
5 27 6
5 28 5
5 29 5
5 30 5
5 31 9
5 32 4
5 33 6
5 34 8
5 35 5
5 36 9
5 37 7
5 38 5
5 39 11
5 40 12
5 41 7
5 42 8
5 43 5
5 44 8
5 45 9
5 46 5
5 47 8
5 48 9
5 49 10
5 50 4
5 51 6
5 52 12
5 53 11
5 54 7
5 55 9
5 56 12
5 57 10
5 58 6
5 59 12
5 60 9
5 61 10
5 62 11
5 63 11
5 64 7
5 65 8
5 66 6
5 67 10
5 68 4
5 69 10
5 70 6
5 71 7
5 72 6
5 73 11
5 74 12
5 75 8
5 76 9
5 77 12
5 78 6
5 79 7
5 80 12
5 81 10
5 82 6
5 83 11
5 84 12
5 85 9
5 86 10
5 87 10
5 88 8
5 89 5
5 90 10
5 91 12
5 92 10
5 93 6
5 94 11
5 95 8
5 96 11
5 97 10
5 98 5
5 99 7
6 0 9
6 1 4
6 2 9
6 3 9
6 4 7
6 5 5
6 6 7
6 7 7
6 8 10
6 9 10
6 10 7
6 11 5
6 12 5
6 13 9
6 14 10
6 15 9
6 16 9
6 17 11
6 18 9
6 19 11
6 20 9
6 21 9
6 22 8
6 23 5
6 24 3
6 25 5
6 26 8
6 27 4
6 28 4
6 29 3
6 30 6
6 31 7
6 32 3
6 33 6
6 34 7
6 35 4
6 36 10
6 37 6
6 38 5
6 39 9
6 40 10
6 41 6
6 42 8
6 43 5
6 44 9
6 45 8
6 46 5
6 47 9
6 48 10
6 49 9
6 50 5
6 51 7
6 52 9
6 53 10
6 54 5
6 55 9
6 56 9
6 57 8
6 58 5
6 59 11
6 60 9
6 61 10
6 62 10
6 63 8
6 64 7
6 65 6
6 66 5
6 67 10
6 68 4
6 69 8
6 70 5
6 71 6
6 72 5
6 73 8
6 74 11
6 75 7
6 76 7
6 77 11
6 78 6
6 79 5
6 80 10
6 81 8
6 82 6
6 83 9
6 84 11
6 85 8
6 86 9
6 87 9
6 88 8
6 89 5
6 90 10
6 91 11
6 92 9
6 93 3
6 94 10
6 95 8
6 96 10
6 97 9
6 98 4
6 99 7
7 0 11
7 1 4
7 2 10
7 3 11
7 4 6
7 5 4
7 6 8
7 7 7
7 8 10
7 9 12
7 10 10
7 11 5
7 12 5
7 13 10
7 14 9
7 15 12
7 16 8
7 17 11
7 18 12
7 19 10
7 20 11
7 21 11
7 22 9
7 23 4
7 24 6
7 25 4
7 26 11
7 27 6
7 28 7
7 29 4
7 30 7
7 31 8
7 32 5
7 33 7
7 34 8
7 35 7
7 36 9
7 37 9
7 38 4
7 39 11
7 40 11
7 41 7
7 42 9
7 43 5
7 44 10
7 45 9
7 46 5
7 47 8
7 48 10
7 49 10
7 50 6
7 51 6
7 52 11
7 53 10
7 54 7
7 55 9
7 56 12
7 57 8
7 58 6
7 59 12
7 60 8
7 61 12
7 62 11
7 63 10
7 64 9
7 65 9
7 66 6
7 67 10
7 68 4
7 69 9
7 70 7
7 71 7
7 72 5
7 73 10
7 74 12
7 75 10
7 76 10
7 77 11
7 78 5
7 79 7
7 80 11
7 81 9
7 82 6
7 83 12
7 84 12
7 85 9
7 86 9
7 87 10
7 88 10
7 89 5
7 90 12
7 91 10
7 92 8
7 93 6
7 94 11
7 95 8
7 96 9
7 97 11
7 98 6
7 99 7
8 0 12
8 1 6
8 2 9
8 3 10
8 4 6
8 5 6
8 6 8
8 7 6
8 8 11
8 9 10
8 10 10
8 11 5
8 12 5
8 13 11
8 14 10
8 15 10
8 16 8
8 17 10
8 18 11
8 19 12
8 20 11
8 21 11
8 22 11
8 23 5
8 24 6
8 25 5
8 26 9
8 27 5
8 28 5
8 29 5
8 30 7
8 31 8
8 32 6
8 33 7
8 34 10
8 35 5
8 36 11
8 37 8
8 38 4
8 39 10
8 40 11
8 41 8
8 42 8
8 43 4
8 44 9
8 45 10
8 46 6
8 47 8
8 48 9
8 49 12
8 50 5
8 51 7
8 52 11
8 53 12
8 54 7
8 55 10
8 56 11
8 57 9
8 58 5
8 59 10
8 60 10
8 61 12
8 62 12
8 63 11
8 64 9
8 65 7
8 66 5
8 67 11
8 68 4
8 69 8
8 70 8
8 71 8
8 72 5
8 73 10
8 74 11
8 75 9
8 76 10
8 77 11
8 78 6
8 79 7
8 80 11
8 81 9
8 82 6
8 83 10
8 84 11
8 85 10
8 86 10
8 87 9
8 88 10
8 89 6
8 90 11
8 91 12
8 92 10
8 93 6
8 94 9
8 95 9
8 96 11
8 97 9
8 98 5
8 99 7
9 0 12
9 1 7
9 2 10
9 3 10
9 4 9
9 5 5
9 6 7
9 7 9
9 8 13
9 9 13
9 10 9
9 11 7
9 12 5
9 13 11
9 14 10
9 15 13
9 16 9
9 17 11
9 18 12
9 19 11
9 20 12
9 21 13
9 22 11
9 23 6
9 24 5
9 25 6
9 26 11
9 27 7
9 28 7
9 29 7
9 30 6
9 31 11
9 32 5
9 33 7
9 34 10
9 35 8
9 36 12
9 37 10
9 38 7
9 39 12
9 40 11
9 41 7
9 42 11
9 43 7
9 44 9
9 45 9
9 46 7
9 47 10
9 48 11
9 49 12
9 50 5
9 51 9
9 52 12
9 53 11
9 54 7
9 55 10
9 56 12
9 57 11
9 58 7
9 59 12
9 60 9
9 61 11
9 62 13
9 63 10
9 64 8
9 65 8
9 66 6
9 67 11
9 68 6
9 69 10
9 70 9
9 71 10
9 72 5
9 73 12
9 74 12
9 75 11
9 76 9
9 77 12
9 78 6
9 79 8
9 80 11
9 81 12
9 82 8
9 83 13
9 84 12
9 85 11
9 86 11
9 87 11
9 88 9
9 89 7
9 90 13
9 91 11
9 92 11
9 93 6
9 94 10
9 95 10
9 96 10
9 97 12
9 98 5
9 99 8
