10 100 10 7 10.0 3.0 1.0 95
7 137 9
5 158 9
3 6 6
7 85 9
9 130 3
6 108 6
4 15 7
4 125 3
1 102 7
4 140 4
1 85 9
2 80 9
8 159 3
5 20 5
9 228 4
8 51 9
9 170 7
6 22 9
7 39 7
0 7 3
2 53 8
6 42 9
4 43 7
7 124 3
8 203 9
2 100 3
9 120 8
4 65 7
6 166 8
0 29 8
0 18 9
0 96 9
7 119 9
7 210 4
8 33 9
5 105 9
0 29 7
7 121 7
0 31 8
3 16 3
6 184 8
3 136 9
1 56 7
2 60 8
4 57 3
5 165 8
9 120 9
7 126 6
1 23 7
8 89 3
1 74 4
0 32 4
6 150 3
0 53 6
2 29 7
2 117 9
5 167 3
5 44 8
2 113 5
4 140 8
6 96 9
0 75 8
5 86 9
1 54 6
5 11 8
1 14 9
1 12 9
9 138 3
2 96 9
4 73 7
8 201 9
5 15 4
3 111 7
5 121 3
1 5 3
6 8 8
9 232 9
3 120 3
3 58 8
3 48 6
4 155 5
6 50 3
3 94 8
9 82 8
9 210 5
3 98 8
2 128 3
3 111 8
7 35 8
8 77 4
2 57 4
6 62 6
4 73 8
0 1 3
9 142 8
8 145 7
8 77 7
7 145 3
1 93 3
8 110 4
0 0 0.134605431445
0 1 0.598449538851
0 2 0.872015398424
0 3 0.070324393317
0 4 0.788931631620
0 5 0.897721359188
0 6 0.123415610306
0 7 0.504947960740
0 8 0.550157938824
0 9 0.414229570337
0 10 0.306579898672
0 11 0.972233576130
0 12 0.647988756763
0 13 0.117593798074
0 14 0.576908387925
0 15 0.614564755811
0 16 0.954244051230
0 17 0.783640759768
0 18 0.761445208898
0 19 0.210946888972
0 20 0.403610992308
0 21 0.954660058957
0 22 0.060479202728
0 23 0.377870755286
0 24 0.476000684504
0 25 0.269216855001
0 26 0.195095906950
0 27 0.138555145323
0 28 0.212993212833
0 29 0.001024154474
0 30 0.933449417911
0 31 0.363115064318
0 32 0.540024456692
0 33 0.347535631961
0 34 0.473207443879
0 35 0.762943924386
0 36 0.313977535023
0 37 0.921275901171
0 38 0.807643748504
0 39 0.903329603761
0 40 0.514671769927
0 41 0.363787934454
0 42 0.416114521909
0 43 0.778578756600
0 44 0.597234191692
0 45 0.637783477965
0 46 0.322872007725
0 47 0.407832968912
0 48 0.497314307874
0 49 0.304372833284
0 50 0.451389681652
0 51 0.015000820814
0 52 0.121733321591
0 53 0.633707178449
0 54 0.313117493039
0 55 0.354326120164
0 56 0.780597841007
0 57 0.865875653955
0 58 0.037935496605
0 59 0.148933314557
0 60 0.474655061528
0 61 0.274897470324
0 62 0.384178364373
0 63 0.801448998505
0 64 0.054096723621
0 65 0.021495139226
0 66 0.189221231142
0 67 0.379651829128
0 68 0.465030351475
0 69 0.871261939832
0 70 0.027893936199
0 71 0.814004736629
0 72 0.534904033816
0 73 0.456609936553
0 74 0.230369784199
0 75 0.491041175148
0 76 0.569576421557
0 77 0.435174240884
0 78 0.849951695295
0 79 0.478524976362
0 80 0.692567351844
0 81 0.384700185848
0 82 0.484622496534
0 83 0.698372780708
0 84 0.136907171166
0 85 0.808111783994
0 86 0.071678265118
0 87 0.026759559533
0 88 0.378657212440
0 89 0.379458803314
0 90 0.835006760172
0 91 0.585562743863
0 92 0.513483687664
0 93 0.034841475919
0 94 0.164045331875
0 95 0.032325065283
0 96 0.736052450378
0 97 0.519537195162
0 98 0.342782425041
0 99 0.020427236452
1 0 0.859708534092
1 1 0.120590421353
1 2 0.466607674273
1 3 0.123447931101
1 4 0.730379079014
1 5 0.065508015630
1 6 0.868872456896
1 7 0.811880379201
1 8 0.020368410089
1 9 0.328859558779
1 10 0.761095551344
1 11 0.667148863246
1 12 0.684049364155
1 13 0.653990236685
1 14 0.047058655156
1 15 0.088520050477
1 16 0.209373858704
1 17 0.754484740963
1 18 0.047353306825
1 19 0.233713228689
1 20 0.365838288531
1 21 0.242890780291
1 22 0.022919705003
1 23 0.998354168145
1 24 0.481064257050
1 25 0.073992973594
1 26 0.823268769658
1 27 0.738935432374
1 28 0.520672399169
1 29 0.026807456087
1 30 0.527407300248
1 31 0.744378730331
1 32 0.772650524195
1 33 0.336308830540
1 34 0.618994124126
1 35 0.851991114995
1 36 0.021942781190
1 37 0.018653532574
1 38 0.792483954612
1 39 0.192829321711
1 40 0.785932741821
1 41 0.805694655250
1 42 0.616194089653
1 43 0.355081071221
1 44 0.539452147677
1 45 0.181315718605
1 46 0.107413924388
1 47 0.026407999761
1 48 0.883697320205
1 49 0.689343549008
1 50 0.664270838411
1 51 0.625995763242
1 52 0.384553422253
1 53 0.491424856751
1 54 0.683448529890
1 55 0.329331718001
1 56 0.037731220647
1 57 0.452052068102
1 58 0.256899941100
1 59 0.192747478596
1 60 0.738609159470
1 61 0.503248566463
1 62 0.642746307505
1 63 0.962479881364
1 64 0.458786311664
1 65 0.347909925073
1 66 0.886633060011
1 67 0.219059362462
1 68 0.239219228169
1 69 0.104842436093
1 70 0.815853146753
1 71 0.435811396111
1 72 0.920268514941
1 73 0.146422419542
1 74 0.598897019244
1 75 0.934221303025
1 76 0.219053830560
1 77 0.830570187658
1 78 0.919302843349
1 79 0.123067638064
1 80 0.858006543361
1 81 0.608724492057
1 82 0.711534871885
1 83 0.899983748186
1 84 0.391599379252
1 85 0.232475550327
1 86 0.623922427974
1 87 0.695236263575
1 88 0.393742774388
1 89 0.070969877575
1 90 0.941462428521
1 91 0.180108494501
1 92 0.444246789085
1 93 0.078460516228
1 94 0.979717584964
1 95 0.421746166542
1 96 0.191673891928
1 97 0.915128812447
1 98 0.522916329793
1 99 0.368713036270
2 0 0.390996198973
2 1 0.349595761617
2 2 0.827569438255
2 3 0.063648545611
2 4 0.010602759565
2 5 0.010215219474
2 6 0.503690650893
2 7 0.171018774626
2 8 0.780789708155
2 9 0.198271005174
2 10 0.692761539746
2 11 0.334910955944
2 12 0.480270350898
2 13 0.351841918866
2 14 0.577636579453
2 15 0.350222755124
2 16 0.651957537700
2 17 0.730278036161
2 18 0.616949224035
2 19 0.320871054275
2 20 0.666832375313
2 21 0.993129681326
2 22 0.870134085641
2 23 0.033874872050
2 24 0.092164550433
2 25 0.463800571686
2 26 0.968827989537
2 27 0.994314214524
2 28 0.441088731130
2 29 0.686694057729
2 30 0.820092691984
2 31 0.114109922850
2 32 0.831488139258
2 33 0.553871237577
2 34 0.945589273884
2 35 0.801607645776
2 36 0.206369194048
2 37 0.578030227760
2 38 0.307414926637
2 39 0.035536789348
2 40 0.716769320340
2 41 0.255742353821
2 42 0.241892121414
2 43 0.671477824409
2 44 0.957842262664
2 45 0.500832049948
2 46 0.459021890499
2 47 0.486960213273
2 48 0.547461047754
2 49 0.432718989525
2 50 0.828024713567
2 51 0.514565586749
2 52 0.334405400660
2 53 0.540256685132
2 54 0.297223056598
2 55 0.564338457593
2 56 0.078480994015
2 57 0.310244942315
2 58 0.224895635215
2 59 0.781772116780
2 60 0.437176045299
2 61 0.564898628325
2 62 0.205756515050
2 63 0.843331868011
2 64 0.541637114816
2 65 0.457584701316
2 66 0.868447785372
2 67 0.469149715424
2 68 0.564719187065
2 69 0.740377951179
2 70 0.233676621357
2 71 0.014647154623
2 72 0.903596518982
2 73 0.152200882143
2 74 0.007479281582
2 75 0.022230053271
2 76 0.794394394237
2 77 0.463194413829
2 78 0.268506585916
2 79 0.239029043342
2 80 0.156436348597
2 81 0.871188533158
2 82 0.532988254689
2 83 0.032896524421
2 84 0.027489998388
2 85 0.296698455952
2 86 0.177509715980
2 87 0.323875579485
2 88 0.101929828975
2 89 0.115979405662
2 90 0.463224342246
2 91 0.678234941087
2 92 0.450249035869
2 93 0.260458992467
2 94 0.083987900247
2 95 0.558528165928
2 96 0.872012526277
2 97 0.342224477446
2 98 0.471982575837
2 99 0.706092142642
3 0 0.814188336912
3 1 0.124182326363
3 2 0.943611084701
3 3 0.634320966270
3 4 0.638668954133
3 5 0.955187320182
3 6 0.570960646863
3 7 0.342280601324
3 8 0.266345422845
3 9 0.432661337205
3 10 0.419429297999
3 11 0.457706890042
3 12 0.304248558533
3 13 0.796689916785
3 14 0.024489747450
3 15 0.549038789811
3 16 0.128297545500
3 17 0.104040205707
3 18 0.930159144087
3 19 0.139054461879
3 20 0.999181516528
3 21 0.084010293599
3 22 0.749069480119
3 23 0.464617414823
3 24 0.147523802893
3 25 0.380344612256
3 26 0.646025661478
3 27 0.561640856047
3 28 0.374080284672
3 29 0.336517329346
3 30 0.114282123614
3 31 0.882911264767
3 32 0.337591749217
3 33 0.941937598135
3 34 0.915232612340
3 35 0.719070092115
3 36 0.067813053068
3 37 0.979580066611
3 38 0.074377661709
3 39 0.126022022940
3 40 0.288391366096
3 41 0.861939233150
3 42 0.869359519432
3 43 0.011416068788
3 44 0.067600078974
3 45 0.366752213280
3 46 0.858248279437
3 47 0.692157756506
3 48 0.906967912521
3 49 0.781200678933
3 50 0.132918758735
3 51 0.877751951005
3 52 0.966672736709
3 53 0.226951537905
3 54 0.656406792168
3 55 0.757446790710
3 56 0.178930795382
3 57 0.405710081546
3 58 0.929153001868
3 59 0.947794306070
3 60 0.026784265668
3 61 0.100708924525
3 62 0.630504689815
3 63 0.358840423770
3 64 0.124697970276
3 65 0.688738124575
3 66 0.116419351383
3 67 0.933183316845
3 68 0.818989173700
3 69 0.697722437369
3 70 0.267565207022
3 71 0.283661089109
3 72 0.902576264983
3 73 0.091849826134
3 74 0.778205447163
3 75 0.702304976051
3 76 0.079767033066
3 77 0.621362678804
3 78 0.024521319989
3 79 0.357360365664
3 80 0.461316632781
3 81 0.408748556021
3 82 0.365654991101
3 83 0.369458985853
3 84 0.996254023172
3 85 0.156404473705
3 86 0.471174368985
3 87 0.612417233345
3 88 0.641018467469
3 89 0.898013313854
3 90 0.604172209451
3 91 0.902920341208
3 92 0.681306812593
3 93 0.008834617997
3 94 0.353326299514
3 95 0.351615027002
3 96 0.257285821892
3 97 0.917353474242
3 98 0.203058533933
3 99 0.404903932209
4 0 0.642293188553
4 1 0.558783253610
4 2 0.981694593310
4 3 0.893090006582
4 4 0.965994459623
4 5 0.445643051354
4 6 0.681775500333
4 7 0.219841226152
4 8 0.154225052466
4 9 0.319544817067
4 10 0.411757049606
4 11 0.919808845563
4 12 0.206274500949
4 13 0.815640495507
4 14 0.176631748539
4 15 0.697632014900
4 16 0.164116356890
4 17 0.627565543498
4 18 0.588359832152
4 19 0.315810882193
4 20 0.097196768952
4 21 0.089094941348
4 22 0.241336771773
4 23 0.151544934590
4 24 0.688221770409
4 25 0.717274322073
4 26 0.619393394456
4 27 0.481306821109
4 28 0.948792379159
4 29 0.514782665586
4 30 0.949338505375
4 31 0.216293524259
4 32 0.587848585736
4 33 0.635894250267
4 34 0.784884367034
4 35 0.157308213594
4 36 0.467544783648
4 37 0.243953006914
4 38 0.387872895417
4 39 0.397583937469
4 40 0.330982439283
4 41 0.737550949263
4 42 0.016645984769
4 43 0.381195724610
4 44 0.133788880008
4 45 0.331030573053
4 46 0.117971772615
4 47 0.041403983963
4 48 0.693720409108
4 49 0.234658383721
4 50 0.742569612399
4 51 0.316369666719
4 52 0.225362157574
4 53 0.071698501005
4 54 0.677007279342
4 55 0.048809610554
4 56 0.740396944410
4 57 0.589750259732
4 58 0.090779960279
4 59 0.838934197163
4 60 0.668088695092
4 61 0.557346620843
4 62 0.870552488100
4 63 0.779969269495
4 64 0.574236755102
4 65 0.299621153514
4 66 0.613503177912
4 67 0.427155243784
4 68 0.577386509014
4 69 0.464344739010
4 70 0.669453238653
4 71 0.465842126130
4 72 0.520966086591
4 73 0.053454343706
4 74 0.728686890692
4 75 0.039242397993
4 76 0.301034208609
4 77 0.838046117346
4 78 0.670959766120
4 79 0.724339859406
4 80 0.982033313911
4 81 0.986940904301
4 82 0.283250661909
4 83 0.970998669950
4 84 0.521511193232
4 85 0.298132654885
4 86 0.927803530858
4 87 0.357424376441
4 88 0.294096776860
4 89 0.457232442194
4 90 0.759411508491
4 91 0.320826951625
4 92 0.995723154374
4 93 0.553102323442
4 94 0.755774178977
4 95 0.523930736499
4 96 0.753454800347
4 97 0.235982702685
4 98 0.466140124741
4 99 0.929776988689
5 0 0.898705670168
5 1 0.732721354460
5 2 0.693988725154
5 3 0.158279392825
5 4 0.723757289292
5 5 0.903767175686
5 6 0.694258402024
5 7 0.382425391093
5 8 0.722080500406
5 9 0.010125402184
5 10 0.621026995021
5 11 0.746602790096
5 12 0.617145808566
5 13 0.466995071065
5 14 0.530311559911
5 15 0.030707212108
5 16 0.716083103741
5 17 0.074781535693
5 18 0.161281727275
5 19 0.550994764448
5 20 0.433912702362
5 21 0.332975555373
5 22 0.885928541171
5 23 0.490419695083
5 24 0.442904348587
5 25 0.634568767267
5 26 0.330099684361
5 27 0.694909373906
5 28 0.589729276323
5 29 0.333057919745
5 30 0.055881605557
5 31 0.845060227710
5 32 0.641846791102
5 33 0.943081603936
5 34 0.407836142964
5 35 0.671412175597
5 36 0.320884736605
5 37 0.345727285244
5 38 0.519164902928
5 39 0.876443180091
5 40 0.886796791537
5 41 0.520275327113
5 42 0.547576051108
5 43 0.321331578827
5 44 0.992961803227
5 45 0.560390926998
5 46 0.805624087059
5 47 0.449959087752
5 48 0.592315209115
5 49 0.601940420703
5 50 0.418505326747
5 51 0.485135262375
5 52 0.135683836639
5 53 0.268037303168
5 54 0.281978307424
5 55 0.236437340589
5 56 0.791394777602
5 57 0.571969891044
5 58 0.579054463289
5 59 0.684516365870
5 60 0.008356697002
5 61 0.466807503847
5 62 0.917715824672
5 63 0.778173111044
5 64 0.168023520408
5 65 0.029913382528
5 66 0.143188896273
5 67 0.724140781720
5 68 0.326796142903
5 69 0.278731837912
5 70 0.008535900864
5 71 0.436614196038
5 72 0.892246545624
5 73 0.407332536508
5 74 0.582071073936
5 75 0.989041019286
5 76 0.465966286457
5 77 0.706068881821
5 78 0.160985198945
5 79 0.631266007058
5 80 0.742665170428
5 81 0.109458971683
5 82 0.018529918629
5 83 0.834768701346
5 84 0.049974206350
5 85 0.782125311097
5 86 0.530119902181
5 87 0.991565572146
5 88 0.793138109744
5 89 0.247900146939
5 90 0.935344681867
5 91 0.927624155616
5 92 0.213670732718
5 93 0.334649215937
5 94 0.071553918428
5 95 0.929358841884
5 96 0.308450340346
5 97 0.824200532073
5 98 0.241777531913
5 99 0.898939424228
6 0 0.313994715068
6 1 0.105157589964
6 2 0.395071348139
6 3 0.276717088969
6 4 0.617683745135
6 5 0.366166361005
6 6 0.550286344276
6 7 0.717730217437
6 8 0.802669111017
6 9 0.660183882150
6 10 0.773334728056
6 11 0.911682708933
6 12 0.286715379502
6 13 0.349794136752
6 14 0.251928839778
6 15 0.660117183432
6 16 0.365042346905
6 17 0.198252438138
6 18 0.111149195650
6 19 0.566223732384
6 20 0.008729222913
6 21 0.534901244123
6 22 0.951117166935
6 23 0.515759507648
6 24 0.962521636471
6 25 0.019052435032
6 26 0.036984714593
6 27 0.961965251274
6 28 0.250225748922
6 29 0.843366634635
6 30 0.188050902301
6 31 0.508625434146
6 32 0.628017896775
6 33 0.953292042999
6 34 0.634832124640
6 35 0.162973946432
6 36 0.086530537036
6 37 0.104714274535
6 38 0.524019058588
6 39 0.272431113036
6 40 0.570762389769
6 41 0.994883094437
6 42 0.569049678409
6 43 0.259227193979
6 44 0.966970141605
6 45 0.704961183035
6 46 0.629422495207
6 47 0.683577115710
6 48 0.987095481624
6 49 0.664796339399
6 50 0.314802310256
6 51 0.655252598958
6 52 0.488252053315
6 53 0.466281148333
6 54 0.988519929970
6 55 0.140863024151
6 56 0.237790007167
6 57 0.647298356571
6 58 0.752666384310
6 59 0.522828757310
6 60 0.846246748717
6 61 0.692380447389
6 62 0.717741721665
6 63 0.230169907326
6 64 0.597470864766
6 65 0.471303066218
6 66 0.602846090155
6 67 0.694077094562
6 68 0.849172193224
6 69 0.852002211317
6 70 0.721962926038
6 71 0.207647744209
6 72 0.358099200949
6 73 0.754979426258
6 74 0.924109386437
6 75 0.159930342666
6 76 0.075471787307
6 77 0.524648673334
6 78 0.585372231116
6 79 0.248681335469
6 80 0.150400245005
6 81 0.585954056090
6 82 0.078585809114
6 83 0.535591389427
6 84 0.924818645623
6 85 0.680898554239
6 86 0.948242863326
6 87 0.251482488796
6 88 0.989388988261
6 89 0.454197099743
6 90 0.412135971991
6 91 0.965556179377
6 92 0.834513000499
6 93 0.218322763550
6 94 0.561762894841
6 95 0.632768931439
6 96 0.541329363771
6 97 0.333759524055
6 98 0.722240478396
6 99 0.559618928747
7 0 0.495593110437
7 1 0.098832416007
7 2 0.897447075408
7 3 0.154907753153
7 4 0.899606172267
7 5 0.942395193046
7 6 0.035385737177
7 7 0.987675078823
7 8 0.209042413465
7 9 0.746719705829
7 10 0.763813520254
7 11 0.452110356122
7 12 0.362716776268
7 13 0.481976962801
7 14 0.732154315253
7 15 0.981478621139
7 16 0.576869294146
7 17 0.840113937569
7 18 0.092802436150
7 19 0.250539915118
7 20 0.524948860423
7 21 0.391612056798
7 22 0.650603202530
7 23 0.476409044623
7 24 0.136275437641
7 25 0.227030112083
7 26 0.043709507835
7 27 0.449471657655
7 28 0.561979716000
7 29 0.386420390717
7 30 0.302034866540
7 31 0.361456921874
7 32 0.846106109748
7 33 0.418094360439
7 34 0.239882198744
7 35 0.715143412041
7 36 0.812958917467
7 37 0.350910957709
7 38 0.570675289422
7 39 0.553306486480
7 40 0.628017453648
7 41 0.561438662525
7 42 0.403454791384
7 43 0.077059010244
7 44 0.068494826160
7 45 0.304928452847
7 46 0.215109850275
7 47 0.388021979261
7 48 0.831876571090
7 49 0.020496937477
7 50 0.172876371531
7 51 0.108261772298
7 52 0.066924005443
7 53 0.514987328546
7 54 0.839769464898
7 55 0.776728635802
7 56 0.785913579031
7 57 0.630816363112
7 58 0.929518040010
7 59 0.427393749492
7 60 0.584715717575
7 61 0.668953875700
7 62 0.156631824899
7 63 0.396672891694
7 64 0.440119312108
7 65 0.255485867618
7 66 0.100463811755
7 67 0.214100459339
7 68 0.746966138922
7 69 0.360557835566
7 70 0.281609381027
7 71 0.252324386445
7 72 0.111141560972
7 73 0.296319990738
7 74 0.439711382315
7 75 0.889076394944
7 76 0.886968727840
7 77 0.403899529365
7 78 0.696920013100
7 79 0.562086534580
7 80 0.264787723370
7 81 0.010622944627
7 82 0.864527351079
7 83 0.348681155679
7 84 0.709056111348
7 85 0.228076283363
7 86 0.463383504908
7 87 0.678656786558
7 88 0.968406162216
7 89 0.135106781336
7 90 0.956628763967
7 91 0.726106039665
7 92 0.723083666803
7 93 0.797662486670
7 94 0.744529429229
7 95 0.162309481357
7 96 0.175706615194
7 97 0.198955947626
7 98 0.769059082530
7 99 0.375358524916
8 0 0.479545949780
8 1 0.751869134049
8 2 0.613528298706
8 3 0.419266729038
8 4 0.857626331505
8 5 0.822676156189
8 6 0.387318445103
8 7 0.299112901198
8 8 0.226036030145
8 9 0.764929482972
8 10 0.088172222336
8 11 0.481362801749
8 12 0.184022881255
8 13 0.640613776669
8 14 0.566872857050
8 15 0.919291125321
8 16 0.913890509123
8 17 0.353664576413
8 18 0.051933660004
8 19 0.024922466506
8 20 0.611942898924
8 21 0.340550466572
8 22 0.173325043464
8 23 0.798903004447
8 24 0.617126260255
8 25 0.890413174745
8 26 0.049277950709
8 27 0.544560920959
8 28 0.295194558307
8 29 0.878500090312
8 30 0.896989865719
8 31 0.734940498225
8 32 0.303471494978
8 33 0.011490243389
8 34 0.378653417279
8 35 0.246341437401
8 36 0.758576122654
8 37 0.455941428955
8 38 0.064434642362
8 39 0.684910319156
8 40 0.626510872656
8 41 0.440831838027
8 42 0.340572589951
8 43 0.206012055640
8 44 0.903801128714
8 45 0.346254275658
8 46 0.187297844450
8 47 0.368210315793
8 48 0.800026346889
8 49 0.665128753184
8 50 0.831380040256
8 51 0.491400542248
8 52 0.561012577177
8 53 0.018844586839
8 54 0.627444877823
8 55 0.751942509183
8 56 0.985166283784
8 57 0.269050744463
8 58 0.818188020001
8 59 0.097788499448
8 60 0.940274242181
8 61 0.017744453113
8 62 0.897552833735
8 63 0.008378563423
8 64 0.157994910992
8 65 0.501391922422
8 66 0.110338467641
8 67 0.325315258137
8 68 0.343463967317
8 69 0.628759666175
8 70 0.957991382580
8 71 0.596796770213
8 72 0.856700786118
8 73 0.076364470821
8 74 0.949928630243
8 75 0.451750912092
8 76 0.388732705469
8 77 0.774245444357
8 78 0.782992955476
8 79 0.099942220120
8 80 0.599117506925
8 81 0.548991143574
8 82 0.783930568152
8 83 0.467661161461
8 84 0.781296768642
8 85 0.124835744291
8 86 0.256827797778
8 87 0.664155005439
8 88 0.865168398956
8 89 0.980651150501
8 90 0.107780707796
8 91 0.759785026685
8 92 0.879992420897
8 93 0.021056622650
8 94 0.609974033252
8 95 0.211708558600
8 96 0.672137544222
8 97 0.113762850541
8 98 0.299237459522
8 99 0.657376729805
9 0 0.154134551030
9 1 0.942489177149
9 2 0.527917051257
9 3 0.363525139983
9 4 0.558829288783
9 5 0.993105021148
9 6 0.230159698038
9 7 0.616407839000
9 8 0.733115957688
9 9 0.790923179008
9 10 0.989048291533
9 11 0.599632509708
9 12 0.417796856128
9 13 0.433695178397
9 14 0.815112346628
9 15 0.317087542391
9 16 0.584095204315
9 17 0.831817808787
9 18 0.076576961786
9 19 0.884910083993
9 20 0.991444931045
9 21 0.284255719520
9 22 0.019289053982
9 23 0.002285682041
9 24 0.297264150043
9 25 0.445057565228
9 26 0.143305573871
9 27 0.624637549765
9 28 0.471461899329
9 29 0.659095304042
9 30 0.163080273186
9 31 0.311095030100
9 32 0.359508255481
9 33 0.638884002489
9 34 0.206913675059
9 35 0.218215630773
9 36 0.405735875415
9 37 0.819471611108
9 38 0.778643629979
9 39 0.807182168767
9 40 0.884546833418
9 41 0.480111408087
9 42 0.969624230055
9 43 0.081420000053
9 44 0.379701547904
9 45 0.100426890411
9 46 0.703051220465
9 47 0.308853384826
9 48 0.898473631376
9 49 0.778730096743
9 50 0.366116898979
9 51 0.353727780733
9 52 0.577781900346
9 53 0.103738864221
9 54 0.776602648139
9 55 0.738996060438
9 56 0.303853226234
9 57 0.274479969951
9 58 0.039400857288
9 59 0.233782703473
9 60 0.344535687237
9 61 0.485110205802
9 62 0.854356411085
9 63 0.275124200270
9 64 0.167054703642
9 65 0.960183980858
9 66 0.283768256578
9 67 0.727829258637
9 68 0.598518858369
9 69 0.934476579791
9 70 0.860566217721
9 71 0.461841176104
9 72 0.612413805486
9 73 0.601719036594
9 74 0.669816125419
9 75 0.951082585497
9 76 0.529822372115
9 77 0.842040654433
9 78 0.326396723042
9 79 0.387737335817
9 80 0.075391565169
9 81 0.150507118047
9 82 0.108859310924
9 83 0.129495594440
9 84 0.479033252076
9 85 0.616238091076
9 86 0.805797729308
9 87 0.864819852484
9 88 0.132028368137
9 89 0.015323782390
9 90 0.910300414662
9 91 0.485702764998
9 92 0.008677391986
9 93 0.524949228511
9 94 0.344140890831
9 95 0.837236262615
9 96 0.406199653191
9 97 0.835443667197
9 98 0.650498334821
9 99 0.254781521980
0 0 13
0 1 12
0 2 8
0 3 12
0 4 6
0 5 10
0 6 10
0 7 7
0 8 10
0 9 7
0 10 12
0 11 13
0 12 6
0 13 9
0 14 6
0 15 12
0 16 10
0 17 11
0 18 11
0 19 6
0 20 12
0 21 11
0 22 10
0 23 7
0 24 13
0 25 7
0 26 12
0 27 11
0 28 11
0 29 10
0 30 13
0 31 12
0 32 12
0 33 6
0 34 12
0 35 13
0 36 10
0 37 10
0 38 12
0 39 6
0 40 10
0 41 12
0 42 10
0 43 10
0 44 6
0 45 11
0 46 13
0 47 8
0 48 11
0 49 7
0 50 7
0 51 6
0 52 6
0 53 9
0 54 10
0 55 12
0 56 7
0 57 10
0 58 8
0 59 12
0 60 12
0 61 11
0 62 12
0 63 9
0 64 10
0 65 12
0 66 11
0 67 5
0 68 13
0 69 9
0 70 13
0 71 6
0 72 11
0 73 7
0 74 7
0 75 12
0 76 12
0 77 5
0 78 11
0 79 8
0 80 8
0 81 5
0 82 11
0 83 10
0 84 9
0 85 10
0 86 5
0 87 12
0 88 10
0 89 8
0 90 8
0 91 9
0 92 10
0 93 7
0 94 10
0 95 9
0 96 10
0 97 7
0 98 7
0 99 6
1 0 12
1 1 12
1 2 9
1 3 12
1 4 5
1 5 9
1 6 11
1 7 6
1 8 11
1 9 7
1 10 11
1 11 13
1 12 5
1 13 8
1 14 7
1 15 12
1 16 10
1 17 13
1 18 11
1 19 5
1 20 11
1 21 11
1 22 11
1 23 6
1 24 13
1 25 6
1 26 11
1 27 10
1 28 11
1 29 11
1 30 11
1 31 13
1 32 11
1 33 6
1 34 11
1 35 11
1 36 9
1 37 11
1 38 12
1 39 6
1 40 10
1 41 12
1 42 10
1 43 12
1 44 5
1 45 11
1 46 13
1 47 9
1 48 11
1 49 6
1 50 7
1 51 7
1 52 5
1 53 8
1 54 9
1 55 11
1 56 5
1 57 10
1 58 8
1 59 10
1 60 11
1 61 12
1 62 11
1 63 10
1 64 11
1 65 13
1 66 12
1 67 5
1 68 13
1 69 9
1 70 13
1 71 6
1 72 11
1 73 5
1 74 6
1 75 12
1 76 13
1 77 5
1 78 12
1 79 9
1 80 7
1 81 5
1 82 12
1 83 12
1 84 8
1 85 11
1 86 5
1 87 10
1 88 12
1 89 8
1 90 8
1 91 9
1 92 10
1 93 6
1 94 12
1 95 10
1 96 10
1 97 6
1 98 7
1 99 7
2 0 13
2 1 13
2 2 9
2 3 13
2 4 7
2 5 10
2 6 9
2 7 5
2 8 9
2 9 8
2 10 13
2 11 13
2 12 6
2 13 9
2 14 6
2 15 13
2 16 10
2 17 13
2 18 10
2 19 7
2 20 11
2 21 11
2 22 9
2 23 6
2 24 13
2 25 6
2 26 11
2 27 10
2 28 10
2 29 11
2 30 11
2 31 12
2 32 11
2 33 8
2 34 11
2 35 11
2 36 9
2 37 9
2 38 12
2 39 6
2 40 12
2 41 11
2 42 9
2 43 10
2 44 7
2 45 11
2 46 12
2 47 10
2 48 11
2 49 5
2 50 8
2 51 7
2 52 5
2 53 9
2 54 9
2 55 13
2 56 5
2 57 11
2 58 9
2 59 12
2 60 13
2 61 10
2 62 13
2 63 9
2 64 10
2 65 12
2 66 12
2 67 5
2 68 12
2 69 11
2 70 11
2 71 6
2 72 10
2 73 6
2 74 6
2 75 11
2 76 13
2 77 7
2 78 11
2 79 8
2 80 9
2 81 5
2 82 12
2 83 10
2 84 9
2 85 10
2 86 5
2 87 11
2 88 10
2 89 7
2 90 8
2 91 10
2 92 12
2 93 6
2 94 12
2 95 11
2 96 11
2 97 6
2 98 7
2 99 8
3 0 12
3 1 12
3 2 9
3 3 12
3 4 7
3 5 10
3 6 10
3 7 7
3 8 11
3 9 7
3 10 11
3 11 13
3 12 6
3 13 8
3 14 6
3 15 12
3 16 10
3 17 12
3 18 11
3 19 7
3 20 10
3 21 13
3 22 11
3 23 7
3 24 12
3 25 6
3 26 12
3 27 10
3 28 11
3 29 12
3 30 11
3 31 13
3 32 12
3 33 6
3 34 12
3 35 11
3 36 9
3 37 10
3 38 12
3 39 5
3 40 10
3 41 12
3 42 11
3 43 12
3 44 6
3 45 10
3 46 12
3 47 10
3 48 10
3 49 7
3 50 8
3 51 6
3 52 7
3 53 10
3 54 9
3 55 11
3 56 7
3 57 11
3 58 9
3 59 11
3 60 11
3 61 10
3 62 12
3 63 10
3 64 12
3 65 13
3 66 13
3 67 5
3 68 13
3 69 10
3 70 12
3 71 7
3 72 9
3 73 7
3 74 7
3 75 11
3 76 12
3 77 5
3 78 12
3 79 9
3 80 8
3 81 6
3 82 11
3 83 11
3 84 7
3 85 11
3 86 6
3 87 10
3 88 10
3 89 6
3 90 6
3 91 8
3 92 12
3 93 5
3 94 11
3 95 9
3 96 11
3 97 6
3 98 6
3 99 7
4 0 9
4 1 9
4 2 6
4 3 9
4 4 3
4 5 8
4 6 7
4 7 3
4 8 7
4 9 6
4 10 9
4 11 9
4 12 4
4 13 6
4 14 5
4 15 9
4 16 7
4 17 9
4 18 7
4 19 3
4 20 9
4 21 11
4 22 9
4 23 4
4 24 9
4 25 4
4 26 9
4 27 9
4 28 9
4 29 8
4 30 11
4 31 10
4 32 11
4 33 6
4 34 9
4 35 11
4 36 8
4 37 9
4 38 10
4 39 5
4 40 8
4 41 10
4 42 8
4 43 9
4 44 5
4 45 10
4 46 9
4 47 6
4 48 7
4 49 3
4 50 6
4 51 4
4 52 5
4 53 6
4 54 8
4 55 10
4 56 5
4 57 10
4 58 6
4 59 9
4 60 9
4 61 8
4 62 10
4 63 8
4 64 10
4 65 9
4 66 11
4 67 3
4 68 10
4 69 7
4 70 9
4 71 5
4 72 9
4 73 4
4 74 5
4 75 9
4 76 11
4 77 5
4 78 8
4 79 6
4 80 7
4 81 5
4 82 8
4 83 10
4 84 5
4 85 9
4 86 5
4 87 10
4 88 8
4 89 6
4 90 4
4 91 6
4 92 8
4 93 4
4 94 9
4 95 8
4 96 7
4 97 5
4 98 4
4 99 4
5 0 14
5 1 13
5 2 9
5 3 12
5 4 6
5 5 11
5 6 12
5 7 6
5 8 10
5 9 9
5 10 14
5 11 13
5 12 8
5 13 10
5 14 9
5 15 12
5 16 12
5 17 12
5 18 10
5 19 8
5 20 11
5 21 14
5 22 11
5 23 7
5 24 14
5 25 7
5 26 12
5 27 12
5 28 11
5 29 13
5 30 13
5 31 12
5 32 12
5 33 9
5 34 13
5 35 14
5 36 12
5 37 11
5 38 11
5 39 6
5 40 11
5 41 13
5 42 12
5 43 13
5 44 8
5 45 13
5 46 14
5 47 10
5 48 10
5 49 6
5 50 7
5 51 7
5 52 8
5 53 9
5 54 10
5 55 13
5 56 6
5 57 12
5 58 10
5 59 12
5 60 14
5 61 11
5 62 13
5 63 11
5 64 13
5 65 13
5 66 12
5 67 7
5 68 13
5 69 10
5 70 14
5 71 8
5 72 12
5 73 8
5 74 6
5 75 11
5 76 12
5 77 7
5 78 11
5 79 11
5 80 10
5 81 8
5 82 13
5 83 13
5 84 9
5 85 13
5 86 7
5 87 11
5 88 12
5 89 9
5 90 7
5 91 11
5 92 12
5 93 8
5 94 12
5 95 10
5 96 12
5 97 8
5 98 7
5 99 9
6 0 12
6 1 14
6 2 10
6 3 14
6 4 7
6 5 11
6 6 11
6 7 6
6 8 12
6 9 8
6 10 14
6 11 13
6 12 7
6 13 9
6 14 9
6 15 13
6 16 10
6 17 14
6 18 11
6 19 8
6 20 12
6 21 12
6 22 12
6 23 6
6 24 13
6 25 8
6 26 13
6 27 12
6 28 12
6 29 13
6 30 14
6 31 14
6 32 14
6 33 8
6 34 13
6 35 12
6 36 12
6 37 10
6 38 12
6 39 6
6 40 12
6 41 13
6 42 11
6 43 13
6 44 7
6 45 13
6 46 14
6 47 9
6 48 10
6 49 6
6 50 9
6 51 8
6 52 6
6 53 10
6 54 12
6 55 14
6 56 8
6 57 11
6 58 9
6 59 11
6 60 14
6 61 12
6 62 14
6 63 9
6 64 11
6 65 13
6 66 14
6 67 6
6 68 12
6 69 11
6 70 14
6 71 7
6 72 11
6 73 8
6 74 8
6 75 11
6 76 13
6 77 6
6 78 11
6 79 11
6 80 10
6 81 7
6 82 13
6 83 13
6 84 9
6 85 12
6 86 6
6 87 13
6 88 11
6 89 8
6 90 8
6 91 10
6 92 12
6 93 7
6 94 11
6 95 11
6 96 10
6 97 7
6 98 6
6 99 7
7 0 11
7 1 9
7 2 7
7 3 9
7 4 5
7 5 8
7 6 7
7 7 3
7 8 8
7 9 4
7 10 11
7 11 9
7 12 3
7 13 5
7 14 5
7 15 11
7 16 7
7 17 9
7 18 7
7 19 5
7 20 9
7 21 9
7 22 9
7 23 3
7 24 9
7 25 4
7 26 9
7 27 8
7 28 9
7 29 9
7 30 9
7 31 9
7 32 9
7 33 5
7 34 10
7 35 11
7 36 9
7 37 7
7 38 10
7 39 3
7 40 9
7 41 9
7 42 7
7 43 9
7 44 5
7 45 9
7 46 9
7 47 8
7 48 8
7 49 5
7 50 6
7 51 6
7 52 4
7 53 8
7 54 8
7 55 9
7 56 3
7 57 9
7 58 5
7 59 8
7 60 11
7 61 8
7 62 9
7 63 6
7 64 8
7 65 9
7 66 10
7 67 4
7 68 10
7 69 9
7 70 10
7 71 5
7 72 9
7 73 3
7 74 3
7 75 8
7 76 10
7 77 5
7 78 9
7 79 6
7 80 6
7 81 3
7 82 8
7 83 9
7 84 5
7 85 10
7 86 5
7 87 9
7 88 10
7 89 5
7 90 4
7 91 6
7 92 10
7 93 5
7 94 8
7 95 9
7 96 7
7 97 4
7 98 4
7 99 6
8 0 14
8 1 12
8 2 9
8 3 12
8 4 8
8 5 10
8 6 10
8 7 7
8 8 12
8 9 9
8 10 13
8 11 12
8 12 7
8 13 9
8 14 9
8 15 12
8 16 12
8 17 13
8 18 12
8 19 8
8 20 12
8 21 12
8 22 12
8 23 7
8 24 12
8 25 7
8 26 12
8 27 10
8 28 11
8 29 12
8 30 13
8 31 12
8 32 14
8 33 7
8 34 13
8 35 14
8 36 12
8 37 12
8 38 11
8 39 6
8 40 12
8 41 14
8 42 10
8 43 13
8 44 7
8 45 11
8 46 14
8 47 11
8 48 10
8 49 8
8 50 9
8 51 9
8 52 8
8 53 10
8 54 12
8 55 14
8 56 8
8 57 12
8 58 9
8 59 13
8 60 14
8 61 13
8 62 14
8 63 10
8 64 12
8 65 13
8 66 13
8 67 8
8 68 12
8 69 11
8 70 13
8 71 9
8 72 12
8 73 6
8 74 7
8 75 11
8 76 12
8 77 8
8 78 11
8 79 9
8 80 8
8 81 6
8 82 11
8 83 11
8 84 8
8 85 13
8 86 8
8 87 12
8 88 12
8 89 7
8 90 7
8 91 10
8 92 12
8 93 8
8 94 11
8 95 11
8 96 12
8 97 7
8 98 7
8 99 8
9 0 11
9 1 11
9 2 8
9 3 10
9 4 4
9 5 7
9 6 8
9 7 5
9 8 9
9 9 6
9 10 10
9 11 11
9 12 5
9 13 5
9 14 5
9 15 10
9 16 9
9 17 10
9 18 8
9 19 3
9 20 9
9 21 11
9 22 9
9 23 5
9 24 9
9 25 3
9 26 9
9 27 8
9 28 9
9 29 8
9 30 11
9 31 9
9 32 9
9 33 4
9 34 9
9 35 10
9 36 8
9 37 8
9 38 9
9 39 5
9 40 9
9 41 9
9 42 9
9 43 9
9 44 4
9 45 8
9 46 10
9 47 6
9 48 9
9 49 5
9 50 4
9 51 6
9 52 4
9 53 6
9 54 9
9 55 9
9 56 4
9 57 10
9 58 5
9 59 8
9 60 9
9 61 8
9 62 9
9 63 6
9 64 10
9 65 11
9 66 10
9 67 5
9 68 9
9 69 9
9 70 11
9 71 5
9 72 7
9 73 4
9 74 3
9 75 10
9 76 9
9 77 4
9 78 8
9 79 8
9 80 6
9 81 5
9 82 9
9 83 10
9 84 7
9 85 10
9 86 5
9 87 8
9 88 9
9 89 6
9 90 5
9 91 7
9 92 8
9 93 4
9 94 9
9 95 7
9 96 9
9 97 5
9 98 4
9 99 4
