10 100 10 7 10.0 3.0 1.0 95
6 146 6
9 12 6
3 78 8
1 107 7
5 50 8
0 97 9
9 215 8
9 115 9
7 169 6
0 90 7
9 248 9
9 38 3
8 23 6
6 36 9
6 8 9
3 93 6
5 145 7
5 29 3
9 78 8
8 58 8
1 18 7
6 122 3
1 86 4
9 58 7
9 18 4
8 2 7
1 107 3
4 155 5
9 32 3
2 92 3
3 105 7
3 102 6
9 60 9
7 137 3
2 113 9
0 63 9
7 22 8
8 19 8
7 184 3
6 144 7
3 64 7
5 152 8
6 56 9
4 87 8
8 124 4
4 57 8
4 147 3
6 30 7
0 52 3
5 88 7
0 29 3
1 43 5
5 26 6
2 109 8
4 135 9
5 38 4
2 60 4
8 121 3
0 15 4
5 161 8
1 29 8
6 66 8
7 193 7
4 57 8
7 156 7
2 112 3
7 186 6
1 46 3
2 100 7
0 46 8
3 146 3
3 22 7
4 147 7
1 51 7
5 150 9
5 24 3
7 41 7
2 93 8
2 44 8
2 103 4
0 61 8
1 13 9
3 84 9
7 202 7
7 212 9
4 35 4
3 70 3
3 50 9
1 54 7
4 162 7
0 26 9
4 100 3
8 180 9
8 170 7
8 156 7
0 89 5
2 107 7
8 208 3
6 148 3
6 134 5
0 0 0.969369451995
0 1 0.117730937285
0 2 0.078693303316
0 3 0.924803440983
0 4 0.985507356831
0 5 0.091271247188
0 6 0.261509278947
0 7 0.844991646697
0 8 0.675533124002
0 9 0.480897516282
0 10 0.865316308802
0 11 0.123008852364
0 12 0.584309492444
0 13 0.103194406137
0 14 0.288411369329
0 15 0.445361199033
0 16 0.718716764583
0 17 0.325009072847
0 18 0.073961248101
0 19 0.332097520291
0 20 0.659633078063
0 21 0.796728342455
0 22 0.996062897459
0 23 0.680989195313
0 24 0.902979726528
0 25 0.669888197399
0 26 0.855920399030
0 27 0.941639746519
0 28 0.152701514649
0 29 0.738132118841
0 30 0.681303459770
0 31 0.297221114774
0 32 0.493000461338
0 33 0.424916347662
0 34 0.903745856191
0 35 0.002272225348
0 36 0.645684927568
0 37 0.816596139194
0 38 0.668580541150
0 39 0.829898323297
0 40 0.994974773550
0 41 0.434300626725
0 42 0.978508580809
0 43 0.075707895208
0 44 0.304730812076
0 45 0.782147636974
0 46 0.471192533819
0 47 0.707768586115
0 48 0.224066716198
0 49 0.625960636079
0 50 0.263383894994
0 51 0.776421973230
0 52 0.911176116726
0 53 0.022363193853
0 54 0.916530219117
0 55 0.469747721327
0 56 0.618588736830
0 57 0.262445639365
0 58 0.007932767950
0 59 0.536162421370
0 60 0.342097744917
0 61 0.106930450964
0 62 0.445023293327
0 63 0.881259109176
0 64 0.997446837420
0 65 0.730799153406
0 66 0.365032259657
0 67 0.018309621541
0 68 0.715702793467
0 69 0.413021206106
0 70 0.725836201944
0 71 0.327229902075
0 72 0.423076794311
0 73 0.569132825666
0 74 0.181395338308
0 75 0.794961288205
0 76 0.107206068439
0 77 0.170928645399
0 78 0.186575751876
0 79 0.239528699455
0 80 0.167175398949
0 81 0.079232182445
0 82 0.240368897971
0 83 0.165647521998
0 84 0.623855364549
0 85 0.057518910516
0 86 0.118207592514
0 87 0.221926584153
0 88 0.725784282976
0 89 0.780916343507
0 90 0.722248436844
0 91 0.100520809742
0 92 0.339970582255
0 93 0.692395922054
0 94 0.160582089435
0 95 0.426195940392
0 96 0.550884632453
0 97 0.063064718802
0 98 0.798406881784
0 99 0.715639738072
1 0 0.553868575309
1 1 0.646225605852
1 2 0.923462059986
1 3 0.560214841604
1 4 0.237120890739
1 5 0.582873240761
1 6 0.803021364652
1 7 0.375981102492
1 8 0.392107463364
1 9 0.875326360693
1 10 0.858982648085
1 11 0.501001759221
1 12 0.394676827784
1 13 0.770486999666
1 14 0.944858082545
1 15 0.692853054990
1 16 0.414061738139
1 17 0.635052302037
1 18 0.440874478065
1 19 0.025255702461
1 20 0.839318131565
1 21 0.126018484002
1 22 0.693886621497
1 23 0.003301677489
1 24 0.093835941865
1 25 0.844083375331
1 26 0.098037624832
1 27 0.038521691420
1 28 0.016940357747
1 29 0.230502900466
1 30 0.011068673864
1 31 0.527553010349
1 32 0.968543435441
1 33 0.525783122283
1 34 0.643042449174
1 35 0.766610002851
1 36 0.691202205813
1 37 0.836969204785
1 38 0.015934981427
1 39 0.089442690675
1 40 0.328659135291
1 41 0.200151138779
1 42 0.744323273446
1 43 0.740093086212
1 44 0.021131880133
1 45 0.769063323053
1 46 0.761772862765
1 47 0.240526167149
1 48 0.692779441448
1 49 0.563599381986
1 50 0.145354207237
1 51 0.675146630890
1 52 0.211341038854
1 53 0.656295353457
1 54 0.379670413734
1 55 0.150303927253
1 56 0.597493758990
1 57 0.039338820743
1 58 0.788787508356
1 59 0.700421334841
1 60 0.889491405331
1 61 0.325491050910
1 62 0.066974914213
1 63 0.191855851418
1 64 0.889253554414
1 65 0.501114331581
1 66 0.652046348986
1 67 0.350676570894
1 68 0.106251373537
1 69 0.014614883383
1 70 0.997065673090
1 71 0.410879766764
1 72 0.825282759994
1 73 0.653037448843
1 74 0.408583731174
1 75 0.589907632670
1 76 0.382526028579
1 77 0.339873184868
1 78 0.738832267602
1 79 0.665675139375
1 80 0.949794679539
1 81 0.977089716843
1 82 0.805560935584
1 83 0.794315951760
1 84 0.864671581020
1 85 0.758671032574
1 86 0.187668726507
1 87 0.269275529198
1 88 0.942918379622
1 89 0.897244663485
1 90 0.923677207756
1 91 0.065770445775
1 92 0.028567635575
1 93 0.512235948559
1 94 0.281946832009
1 95 0.204052181810
1 96 0.311164478377
1 97 0.644171135825
1 98 0.937874247942
1 99 0.811839806863
2 0 0.520298833017
2 1 0.296592754539
2 2 0.888460439272
2 3 0.210680538532
2 4 0.532694842193
2 5 0.921821197587
2 6 0.645238709095
2 7 0.795346876432
2 8 0.242204524602
2 9 0.208703188894
2 10 0.475976284798
2 11 0.276834447723
2 12 0.710002444453
2 13 0.389486706037
2 14 0.124158261853
2 15 0.637863131406
2 16 0.606160208853
2 17 0.386239393982
2 18 0.449973899772
2 19 0.534140854744
2 20 0.287083602885
2 21 0.918318210351
2 22 0.345470401680
2 23 0.736833536989
2 24 0.864685112875
2 25 0.338242819537
2 26 0.065563494637
2 27 0.320469932617
2 28 0.659011028542
2 29 0.611818889974
2 30 0.377312304739
2 31 0.986540628382
2 32 0.257718339692
2 33 0.396063807484
2 34 0.864339687521
2 35 0.030126990238
2 36 0.201037712922
2 37 0.671749715293
2 38 0.457270166700
2 39 0.419322103898
2 40 0.514000529146
2 41 0.921680969570
2 42 0.265186118360
2 43 0.250447422284
2 44 0.451951424043
2 45 0.140779673747
2 46 0.520110963055
2 47 0.563810862933
2 48 0.308580619638
2 49 0.513181716060
2 50 0.835216578232
2 51 0.487834412735
2 52 0.071544096752
2 53 0.609314119794
2 54 0.221701675262
2 55 0.842894739110
2 56 0.934280660474
2 57 0.401160395944
2 58 0.708196980314
2 59 0.006553938374
2 60 0.192312487505
2 61 0.613787826482
2 62 0.219814122144
2 63 0.663757100632
2 64 0.865602197706
2 65 0.358473962339
2 66 0.412386706317
2 67 0.436705357037
2 68 0.000848014805
2 69 0.765011185694
2 70 0.681163735733
2 71 0.224710031219
2 72 0.405162318386
2 73 0.841779654156
2 74 0.303931771319
2 75 0.400128120473
2 76 0.063154254215
2 77 0.253220702894
2 78 0.816353978321
2 79 0.186550497331
2 80 0.517018333682
2 81 0.350499150430
2 82 0.648299156683
2 83 0.609795699064
2 84 0.912615185587
2 85 0.673309872155
2 86 0.483978896101
2 87 0.585016337295
2 88 0.264995430453
2 89 0.688632560535
2 90 0.516224084410
2 91 0.826534265942
2 92 0.047177389954
2 93 0.964233544254
2 94 0.773217922238
2 95 0.779766368376
2 96 0.624527604090
2 97 0.444703432362
2 98 0.802250798542
2 99 0.050523481047
3 0 0.720952181703
3 1 0.550020177601
3 2 0.147021243035
3 3 0.042014838113
3 4 0.545475267518
3 5 0.025875207154
3 6 0.707585847795
3 7 0.337871346070
3 8 0.534880083945
3 9 0.672199239404
3 10 0.637990377829
3 11 0.928562287984
3 12 0.564916223728
3 13 0.689547041919
3 14 0.851861975175
3 15 0.037581888390
3 16 0.295067791216
3 17 0.870104684554
3 18 0.831940936819
3 19 0.102104967429
3 20 0.373871749235
3 21 0.114598166476
3 22 0.751489480932
3 23 0.660384370726
3 24 0.329626535892
3 25 0.649221284692
3 26 0.153618463144
3 27 0.639004509399
3 28 0.159849942410
3 29 0.687621834855
3 30 0.266270539070
3 31 0.967429054389
3 32 0.424462805826
3 33 0.688493435312
3 34 0.963502783849
3 35 0.791659522563
3 36 0.864307113803
3 37 0.192466696002
3 38 0.734651444374
3 39 0.441874127196
3 40 0.989758581088
3 41 0.328582056889
3 42 0.219455667868
3 43 0.130728476645
3 44 0.662610663630
3 45 0.443450745973
3 46 0.163887274329
3 47 0.149368276983
3 48 0.860451796206
3 49 0.530232916859
3 50 0.650046376393
3 51 0.207582640063
3 52 0.446138892455
3 53 0.508075007834
3 54 0.339123461056
3 55 0.716169027027
3 56 0.025692773560
3 57 0.041073700054
3 58 0.502106767896
3 59 0.017263932407
3 60 0.640472833317
3 61 0.272642260214
3 62 0.273349074354
3 63 0.687341932314
3 64 0.305683864873
3 65 0.179408683571
3 66 0.879781197985
3 67 0.078353659186
3 68 0.196523691178
3 69 0.860551797992
3 70 0.428272766016
3 71 0.439259241465
3 72 0.744149782824
3 73 0.624312996786
3 74 0.894229693283
3 75 0.983609006552
3 76 0.888835240929
3 77 0.912661330083
3 78 0.179064950116
3 79 0.705535355059
3 80 0.206279727916
3 81 0.359719726570
3 82 0.939680411131
3 83 0.836664607762
3 84 0.226842792528
3 85 0.036003925472
3 86 0.051929614322
3 87 0.108396619563
3 88 0.742286121949
3 89 0.817654043504
3 90 0.105607935450
3 91 0.468769001635
3 92 0.072066770993
3 93 0.734307832655
3 94 0.594331282900
3 95 0.747669160246
3 96 0.994518840445
3 97 0.550927702506
3 98 0.217194443513
3 99 0.854800868540
4 0 0.400337438907
4 1 0.658002356939
4 2 0.513674269468
4 3 0.535191695366
4 4 0.327993338201
4 5 0.698483635054
4 6 0.481401381554
4 7 0.478470870754
4 8 0.577051897443
4 9 0.780619839780
4 10 0.167191161214
4 11 0.379666369569
4 12 0.746441330563
4 13 0.569045176431
4 14 0.031837551955
4 15 0.942165166103
4 16 0.160304579625
4 17 0.769489993287
4 18 0.111036965641
4 19 0.980510838336
4 20 0.549557030527
4 21 0.368798201011
4 22 0.048948213638
4 23 0.133781964915
4 24 0.156382688357
4 25 0.944717004623
4 26 0.307914447163
4 27 0.013006735504
4 28 0.450321828643
4 29 0.393427264464
4 30 0.990345893313
4 31 0.093975327491
4 32 0.207880613894
4 33 0.064127556208
4 34 0.456593906958
4 35 0.248407220063
4 36 0.690868541764
4 37 0.403040306448
4 38 0.414348389375
4 39 0.278787966246
4 40 0.222856525399
4 41 0.748975359924
4 42 0.251224471337
4 43 0.629525217550
4 44 0.797038552024
4 45 0.824636998439
4 46 0.588273903919
4 47 0.911732968793
4 48 0.915544937295
4 49 0.543802317733
4 50 0.226626663466
4 51 0.162136400945
4 52 0.667003825733
4 53 0.077784317800
4 54 0.873636303247
4 55 0.840707294622
4 56 0.098123482118
4 57 0.260915945173
4 58 0.067480458347
4 59 0.074144314636
4 60 0.923838917507
4 61 0.498655939383
4 62 0.001127169536
4 63 0.828069323884
4 64 0.311609611499
4 65 0.087731417787
4 66 0.826429176890
4 67 0.959559328218
4 68 0.402874554372
4 69 0.417692605791
4 70 0.862441412758
4 71 0.457858544288
4 72 0.046325093527
4 73 0.318222044621
4 74 0.103871085082
4 75 0.268724499470
4 76 0.547274273334
4 77 0.998796014170
4 78 0.585686244844
4 79 0.313918854696
4 80 0.817959215883
4 81 0.831299284852
4 82 0.447431086820
4 83 0.864477337710
4 84 0.011660554768
4 85 0.423267895254
4 86 0.549678529876
4 87 0.842579655886
4 88 0.334758460247
4 89 0.686815606720
4 90 0.186912326127
4 91 0.510665868130
4 92 0.569181596976
4 93 0.086478325821
4 94 0.595440572753
4 95 0.095988680195
4 96 0.235530211565
4 97 0.017554071299
4 98 0.227547072591
4 99 0.498055796897
5 0 0.258281299882
5 1 0.599254119482
5 2 0.546034127292
5 3 0.914374032474
5 4 0.879045434092
5 5 0.615493674583
5 6 0.335648065537
5 7 0.066691864197
5 8 0.580383475943
5 9 0.817882741097
5 10 0.650397758265
5 11 0.805867041552
5 12 0.078474448111
5 13 0.975419225918
5 14 0.303368970297
5 15 0.509884500921
5 16 0.972539172451
5 17 0.605381438398
5 18 0.217321040903
5 19 0.113122026282
5 20 0.615993739098
5 21 0.749406922765
5 22 0.864911727912
5 23 0.333366616894
5 24 0.196523227960
5 25 0.788007316329
5 26 0.264563567181
5 27 0.838988606148
5 28 0.784344747088
5 29 0.997726179895
5 30 0.092746695522
5 31 0.398992172850
5 32 0.901028109280
5 33 0.945180281945
5 34 0.534234056053
5 35 0.633978450244
5 36 0.418224734801
5 37 0.914163891835
5 38 0.699707670246
5 39 0.083650528966
5 40 0.043228278159
5 41 0.292654086654
5 42 0.150139369116
5 43 0.496442717227
5 44 0.772520345266
5 45 0.064445087740
5 46 0.330255631707
5 47 0.053748662879
5 48 0.982447182152
5 49 0.482341316530
5 50 0.096339530127
5 51 0.989499396833
5 52 0.439268653743
5 53 0.650442829847
5 54 0.048375944328
5 55 0.055805914390
5 56 0.172563274853
5 57 0.320390700498
5 58 0.493962650585
5 59 0.272680394283
5 60 0.928054213008
5 61 0.065449170372
5 62 0.146612638862
5 63 0.338864869376
5 64 0.423792261703
5 65 0.877822461733
5 66 0.856763683441
5 67 0.850924457492
5 68 0.044277084328
5 69 0.589952535438
5 70 0.195733829427
5 71 0.867603954697
5 72 0.245339115696
5 73 0.392218020034
5 74 0.572146401857
5 75 0.315533940831
5 76 0.637578583238
5 77 0.727738708496
5 78 0.046025937159
5 79 0.301386242725
5 80 0.044671217966
5 81 0.576677289127
5 82 0.740113392013
5 83 0.832269646730
5 84 0.055224148503
5 85 0.651291549771
5 86 0.594361384990
5 87 0.064538904052
5 88 0.113962395507
5 89 0.203998869757
5 90 0.966149103205
5 91 0.556856028421
5 92 0.368890995247
5 93 0.818329162781
5 94 0.653325215131
5 95 0.632447619491
5 96 0.426217419866
5 97 0.836940586391
5 98 0.965245721124
5 99 0.156652248094
6 0 0.736770280812
6 1 0.200264784395
6 2 0.967046420097
6 3 0.866914638288
6 4 0.628603698860
6 5 0.432909621876
6 6 0.120057826551
6 7 0.814290392091
6 8 0.647292547164
6 9 0.226780961863
6 10 0.454326375882
6 11 0.288494550240
6 12 0.303924658912
6 13 0.095275387214
6 14 0.462436986888
6 15 0.255133636843
6 16 0.362978187782
6 17 0.140371424580
6 18 0.689039037604
6 19 0.903349663310
6 20 0.911971173109
6 21 0.217310167934
6 22 0.727224224872
6 23 0.034372077012
6 24 0.373755345907
6 25 0.734378927467
6 26 0.618299652845
6 27 0.991413302209
6 28 0.223158667556
6 29 0.412992038836
6 30 0.414618134665
6 31 0.698220904805
6 32 0.221997255363
6 33 0.230433167918
6 34 0.412003313153
6 35 0.587250057352
6 36 0.855490874249
6 37 0.931672263525
6 38 0.908430764463
6 39 0.726573575568
6 40 0.895183440982
6 41 0.946117212879
6 42 0.915125218600
6 43 0.826130853265
6 44 0.808922899410
6 45 0.811353637502
6 46 0.927088025441
6 47 0.029222712077
6 48 0.774873017170
6 49 0.710163599497
6 50 0.377639487910
6 51 0.511944859898
6 52 0.622398484801
6 53 0.911761749902
6 54 0.527885593318
6 55 0.296624090475
6 56 0.890255765368
6 57 0.169276267574
6 58 0.347694062041
6 59 0.709558407558
6 60 0.301631148815
6 61 0.584874099865
6 62 0.674178801751
6 63 0.723582291235
6 64 0.911586159640
6 65 0.879589525504
6 66 0.885451478050
6 67 0.386678938792
6 68 0.821208615004
6 69 0.779666375448
6 70 0.240305079604
6 71 0.631053138180
6 72 0.122594792947
6 73 0.024820436399
6 74 0.692229433858
6 75 0.595535563823
6 76 0.405975708830
6 77 0.424629977365
6 78 0.252772882539
6 79 0.909103871335
6 80 0.616617764413
6 81 0.327181490262
6 82 0.154719634817
6 83 0.818312056652
6 84 0.575311741883
6 85 0.351808508427
6 86 0.124949575460
6 87 0.675247651683
6 88 0.783103057979
6 89 0.100169056406
6 90 0.739627295069
6 91 0.364573410118
6 92 0.306078501961
6 93 0.210104117665
6 94 0.735575070607
6 95 0.008263811145
6 96 0.797918597352
6 97 0.385840257987
6 98 0.939618202483
6 99 0.570417062216
7 0 0.330752290921
7 1 0.513550144208
7 2 0.621580208462
7 3 0.187857633764
7 4 0.049224039951
7 5 0.363271862795
7 6 0.625968904568
7 7 0.057057119691
7 8 0.552935577364
7 9 0.926592016276
7 10 0.073140383232
7 11 0.184575926383
7 12 0.768677311423
7 13 0.475744366504
7 14 0.165639117082
7 15 0.694703417599
7 16 0.427816486763
7 17 0.696070782255
7 18 0.677484673358
7 19 0.588834536995
7 20 0.545491103154
7 21 0.201760229316
7 22 0.105925655399
7 23 0.190323462878
7 24 0.698333712790
7 25 0.315418525710
7 26 0.279734239411
7 27 0.629370308408
7 28 0.811176267553
7 29 0.211928625453
7 30 0.221426430802
7 31 0.457308041444
7 32 0.032006308556
7 33 0.883283514850
7 34 0.537488466014
7 35 0.309862414113
7 36 0.812497203053
7 37 0.838722769858
7 38 0.008752016063
7 39 0.836407526795
7 40 0.589728889699
7 41 0.326207382023
7 42 0.795794375552
7 43 0.089516027222
7 44 0.623034410054
7 45 0.170864534925
7 46 0.305075337706
7 47 0.964889578888
7 48 0.963468223753
7 49 0.361995592013
7 50 0.369313701385
7 51 0.172416898288
7 52 0.870592034588
7 53 0.585834498940
7 54 0.742435740442
7 55 0.205152974202
7 56 0.786373500752
7 57 0.631508900848
7 58 0.834896813412
7 59 0.440307107698
7 60 0.433791374754
7 61 0.909803354411
7 62 0.339900255946
7 63 0.873013649723
7 64 0.124932942884
7 65 0.059327166021
7 66 0.122810937197
7 67 0.042680885150
7 68 0.101189475683
7 69 0.314708635483
7 70 0.908767705123
7 71 0.651640003476
7 72 0.033883232983
7 73 0.968687016740
7 74 0.691140555298
7 75 0.285975699843
7 76 0.877725567853
7 77 0.377576884008
7 78 0.929671127668
7 79 0.534254513874
7 80 0.811849486502
7 81 0.823352428595
7 82 0.037936964781
7 83 0.661955235161
7 84 0.382894845488
7 85 0.778830844295
7 86 0.490323898013
7 87 0.471341418786
7 88 0.787580835414
7 89 0.166181178701
7 90 0.989399224432
7 91 0.210685382595
7 92 0.642971800635
7 93 0.208469156031
7 94 0.302913569501
7 95 0.888847159396
7 96 0.494244482019
7 97 0.029478314370
7 98 0.892434921684
7 99 0.408135294164
8 0 0.024552520264
8 1 0.337648616076
8 2 0.951934508320
8 3 0.890291855301
8 4 0.985855461910
8 5 0.821115318389
8 6 0.134191967705
8 7 0.835165620518
8 8 0.756933867723
8 9 0.782766635678
8 10 0.364377128571
8 11 0.341801113917
8 12 0.809840552845
8 13 0.186892325308
8 14 0.024376038868
8 15 0.484470913031
8 16 0.611893333033
8 17 0.021877311244
8 18 0.623990489786
8 19 0.551452179578
8 20 0.434118613408
8 21 0.135162664075
8 22 0.254009422265
8 23 0.694000696030
8 24 0.004514639679
8 25 0.406338633009
8 26 0.583872168075
8 27 0.941174057752
8 28 0.658876053813
8 29 0.749370088804
8 30 0.530474094167
8 31 0.191739841817
8 32 0.724171805463
8 33 0.130410164757
8 34 0.088399241016
8 35 0.567899365309
8 36 0.691980523486
8 37 0.081647149784
8 38 0.456035689100
8 39 0.136086444571
8 40 0.582465329456
8 41 0.395852096073
8 42 0.685367029383
8 43 0.629267095724
8 44 0.122702004172
8 45 0.674162780515
8 46 0.963705506802
8 47 0.895478138636
8 48 0.507615977981
8 49 0.431302030832
8 50 0.451588411982
8 51 0.475057523052
8 52 0.240000386399
8 53 0.001312221843
8 54 0.857452878213
8 55 0.589353858522
8 56 0.350645869499
8 57 0.396277525216
8 58 0.612269505869
8 59 0.078512874710
8 60 0.848088077845
8 61 0.172953973792
8 62 0.950667693793
8 63 0.012233625178
8 64 0.061866532142
8 65 0.518224045007
8 66 0.644462920978
8 67 0.928811714366
8 68 0.372061426042
8 69 0.332472286825
8 70 0.394592175714
8 71 0.109270378809
8 72 0.345658456527
8 73 0.055510284652
8 74 0.517622974840
8 75 0.309594213121
8 76 0.188041520490
8 77 0.747225475609
8 78 0.065270131438
8 79 0.534820702181
8 80 0.423816635632
8 81 0.322580469013
8 82 0.092285537051
8 83 0.561723303149
8 84 0.106939550986
8 85 0.675202049238
8 86 0.852699181289
8 87 0.535462417130
8 88 0.036818357368
8 89 0.554346137632
8 90 0.632115904135
8 91 0.668649333773
8 92 0.576889381804
8 93 0.841817514113
8 94 0.397498161792
8 95 0.667738747796
8 96 0.744814862316
8 97 0.246857999204
8 98 0.754731729140
8 99 0.379921507887
9 0 0.371632221132
9 1 0.861390626836
9 2 0.823172775905
9 3 0.094752774643
9 4 0.576228470304
9 5 0.641710449870
9 6 0.545143680172
9 7 0.191849029327
9 8 0.784597277367
9 9 0.185976389315
9 10 0.250733176885
9 11 0.784000634773
9 12 0.459599891760
9 13 0.625172123978
9 14 0.618083841807
9 15 0.157767181729
9 16 0.031216232960
9 17 0.051797441561
9 18 0.476372010793
9 19 0.489632848001
9 20 0.834259956447
9 21 0.599852491354
9 22 0.242753304859
9 23 0.068628618724
9 24 0.302144779873
9 25 0.761298507601
9 26 0.654945734517
9 27 0.817952348289
9 28 0.580425632863
9 29 0.177674237695
9 30 0.779218490713
9 31 0.440447109661
9 32 0.695530041261
9 33 0.380793324496
9 34 0.741203378048
9 35 0.666119159635
9 36 0.280755971371
9 37 0.375763517498
9 38 0.410998450544
9 39 0.117551838910
9 40 0.039808448917
9 41 0.512181710239
9 42 0.730666346620
9 43 0.337734846349
9 44 0.362080440495
9 45 0.556435220968
9 46 0.829688547224
9 47 0.101822726587
9 48 0.966044084179
9 49 0.313883648566
9 50 0.904221830497
9 51 0.819710996754
9 52 0.482406935542
9 53 0.522321730277
9 54 0.663712114633
9 55 0.336166336132
9 56 0.517633870028
9 57 0.809991497884
9 58 0.722198246953
9 59 0.767521212439
9 60 0.551784535948
9 61 0.497566274203
9 62 0.926194809086
9 63 0.721837357546
9 64 0.173575622799
9 65 0.117520876125
9 66 0.799943989306
9 67 0.856222800098
9 68 0.706344510711
9 69 0.483939446186
9 70 0.561225847184
9 71 0.617382898416
9 72 0.963876108061
9 73 0.946985059626
9 74 0.996628646735
9 75 0.905103054754
9 76 0.612023932824
9 77 0.652289601848
9 78 0.242308118701
9 79 0.339658288445
9 80 0.749186387180
9 81 0.987023784965
9 82 0.769186088310
9 83 0.934234289343
9 84 0.741531825912
9 85 0.053290734338
9 86 0.795320662326
9 87 0.551874729436
9 88 0.977260696987
9 89 0.585782146555
9 90 0.380727940422
9 91 0.561554440165
9 92 0.109508583771
9 93 0.778916655789
9 94 0.217577904039
9 95 0.140794682415
9 96 0.081248378460
9 97 0.115585733812
9 98 0.199309308476
9 99 0.522493212368
0 0 9
0 1 8
0 2 12
0 3 9
0 4 12
0 5 12
0 6 11
0 7 11
0 8 8
0 9 9
0 10 11
0 11 7
0 12 9
0 13 12
0 14 11
0 15 8
0 16 10
0 17 7
0 18 10
0 19 11
0 20 9
0 21 5
0 22 7
0 23 9
0 24 7
0 25 11
0 26 7
0 27 9
0 28 6
0 29 5
0 30 10
0 31 9
0 32 11
0 33 7
0 34 11
0 35 13
0 36 12
0 37 12
0 38 7
0 39 11
0 40 10
0 41 12
0 42 12
0 43 10
0 44 6
0 45 11
0 46 5
0 47 11
0 48 6
0 49 11
0 50 7
0 51 7
0 52 9
0 53 11
0 54 12
0 55 6
0 56 7
0 57 6
0 58 6
0 59 11
0 60 12
0 61 12
0 62 9
0 63 11
0 64 10
0 65 6
0 66 8
0 67 7
0 68 9
0 69 11
0 70 5
0 71 10
0 72 9
0 73 11
0 74 11
0 75 5
0 76 10
0 77 11
0 78 12
0 79 6
0 80 12
0 81 11
0 82 12
0 83 10
0 84 13
0 85 8
0 86 7
0 87 13
0 88 10
0 89 9
0 90 13
0 91 7
0 92 11
0 93 10
0 94 11
0 95 7
0 96 10
0 97 7
0 98 5
0 99 9
1 0 7
1 1 9
1 2 11
1 3 10
1 4 11
1 5 11
1 6 11
1 7 11
1 8 8
1 9 8
1 10 11
1 11 4
1 12 8
1 13 10
1 14 12
1 15 9
1 16 9
1 17 6
1 18 11
1 19 10
1 20 8
1 21 4
1 22 5
1 23 9
1 24 6
1 25 9
1 26 4
1 27 6
1 28 5
1 29 6
1 30 9
1 31 9
1 32 12
1 33 5
1 34 12
1 35 12
1 36 9
1 37 11
1 38 6
1 39 8
1 40 9
1 41 11
1 42 10
1 43 11
1 44 6
1 45 10
1 46 5
1 47 9
1 48 6
1 49 10
1 50 5
1 51 7
1 52 8
1 53 10
1 54 12
1 55 6
1 56 6
1 57 6
1 58 5
1 59 11
1 60 10
1 61 10
1 62 9
1 63 10
1 64 10
1 65 4
1 66 9
1 67 4
1 68 8
1 69 11
1 70 6
1 71 10
1 72 8
1 73 8
1 74 11
1 75 5
1 76 9
1 77 9
1 78 11
1 79 6
1 80 10
1 81 10
1 82 10
1 83 8
1 84 12
1 85 6
1 86 5
1 87 10
1 88 10
1 89 8
1 90 12
1 91 5
1 92 12
1 93 8
1 94 10
1 95 7
1 96 10
1 97 5
1 98 4
1 99 7
2 0 9
2 1 7
2 2 9
2 3 8
2 4 10
2 5 10
2 6 11
2 7 12
2 8 8
2 9 10
2 10 12
2 11 6
2 12 9
2 13 10
2 14 11
2 15 9
2 16 8
2 17 6
2 18 9
2 19 10
2 20 9
2 21 5
2 22 5
2 23 9
2 24 5
2 25 8
2 26 6
2 27 7
2 28 4
2 29 6
2 30 9
2 31 8
2 32 12
2 33 6
2 34 11
2 35 12
2 36 11
2 37 10
2 38 6
2 39 9
2 40 8
2 41 9
2 42 12
2 43 9
2 44 7
2 45 10
2 46 4
2 47 9
2 48 4
2 49 9
2 50 6
2 51 8
2 52 9
2 53 10
2 54 11
2 55 6
2 56 5
2 57 4
2 58 6
2 59 9
2 60 9
2 61 10
2 62 10
2 63 10
2 64 9
2 65 5
2 66 7
2 67 5
2 68 9
2 69 10
2 70 4
2 71 8
2 72 9
2 73 9
2 74 12
2 75 4
2 76 9
2 77 11
2 78 9
2 79 6
2 80 11
2 81 10
2 82 11
2 83 8
2 84 12
2 85 5
2 86 6
2 87 10
2 88 10
2 89 10
2 90 10
2 91 6
2 92 11
2 93 9
2 94 10
2 95 7
2 96 10
2 97 5
2 98 5
2 99 7
3 0 8
3 1 10
3 2 10
3 3 10
3 4 11
3 5 12
3 6 10
3 7 12
3 8 9
3 9 9
3 10 11
3 11 5
3 12 9
3 13 13
3 14 12
3 15 10
3 16 10
3 17 6
3 18 12
3 19 10
3 20 10
3 21 7
3 22 8
3 23 11
3 24 7
3 25 9
3 26 5
3 27 7
3 28 7
3 29 6
3 30 10
3 31 10
3 32 11
3 33 6
3 34 12
3 35 13
3 36 12
3 37 12
3 38 6
3 39 10
3 40 10
3 41 11
3 42 13
3 43 11
3 44 8
3 45 10
3 46 6
3 47 9
3 48 6
3 49 9
3 50 5
3 51 8
3 52 9
3 53 10
3 54 11
3 55 7
3 56 6
3 57 7
3 58 6
3 59 10
3 60 11
3 61 11
3 62 9
3 63 10
3 64 11
3 65 5
3 66 9
3 67 5
3 68 10
3 69 11
3 70 5
3 71 11
3 72 11
3 73 11
3 74 12
3 75 7
3 76 10
3 77 12
3 78 12
3 79 7
3 80 12
3 81 12
3 82 12
3 83 10
3 84 11
3 85 8
3 86 6
3 87 12
3 88 10
3 89 10
3 90 13
3 91 5
3 92 11
3 93 11
3 94 9
3 95 7
3 96 11
3 97 5
3 98 6
3 99 9
4 0 7
4 1 9
4 2 11
4 3 10
4 4 10
4 5 10
4 6 10
4 7 10
4 8 7
4 9 10
4 10 12
4 11 5
4 12 9
4 13 12
4 14 11
4 15 8
4 16 8
4 17 4
4 18 10
4 19 10
4 20 9
4 21 6
4 22 6
4 23 8
4 24 6
4 25 8
4 26 5
4 27 6
4 28 6
4 29 4
4 30 10
4 31 7
4 32 12
4 33 4
4 34 12
4 35 11
4 36 9
4 37 11
4 38 6
4 39 8
4 40 8
4 41 10
4 42 10
4 43 9
4 44 6
4 45 9
4 46 4
4 47 10
4 48 4
4 49 8
4 50 5
4 51 6
4 52 8
4 53 11
4 54 12
4 55 6
4 56 6
4 57 4
4 58 7
4 59 9
4 60 11
4 61 9
4 62 10
4 63 11
4 64 8
4 65 6
4 66 7
4 67 4
4 68 8
4 69 9
4 70 5
4 71 9
4 72 9
4 73 9
4 74 11
4 75 5
4 76 9
4 77 11
4 78 11
4 79 7
4 80 9
4 81 12
4 82 10
4 83 10
4 84 11
4 85 5
4 86 6
4 87 10
4 88 8
4 89 8
4 90 10
4 91 5
4 92 10
4 93 9
4 94 8
4 95 8
4 96 8
4 97 5
4 98 4
4 99 6
5 0 10
5 1 9
5 2 12
5 3 10
5 4 10
5 5 12
5 6 10
5 7 12
5 8 8
5 9 10
5 10 11
5 11 7
5 12 10
5 13 13
5 14 13
5 15 9
5 16 10
5 17 5
5 18 10
5 19 10
5 20 11
5 21 7
5 22 6
5 23 11
5 24 7
5 25 10
5 26 6
5 27 9
5 28 6
5 29 7
5 30 11
5 31 10
5 32 12
5 33 7
5 34 12
5 35 11
5 36 10
5 37 11
5 38 7
5 39 11
5 40 9
5 41 12
5 42 12
5 43 10
5 44 8
5 45 11
5 46 7
5 47 10
5 48 6
5 49 10
5 50 5
5 51 7
5 52 10
5 53 12
5 54 11
5 55 6
5 56 6
5 57 5
5 58 8
5 59 12
5 60 11
5 61 10
5 62 9
5 63 10
5 64 9
5 65 5
5 66 10
5 67 5
5 68 11
5 69 10
5 70 5
5 71 10
5 72 11
5 73 9
5 74 12
5 75 7
5 76 11
5 77 10
5 78 12
5 79 6
5 80 10
5 81 12
5 82 13
5 83 11
5 84 12
5 85 6
5 86 7
5 87 13
5 88 10
5 89 11
5 90 13
5 91 5
5 92 13
5 93 11
5 94 9
5 95 7
5 96 10
5 97 6
5 98 5
5 99 7
6 0 8
6 1 6
6 2 9
6 3 8
6 4 8
6 5 11
6 6 10
6 7 10
6 8 6
6 9 9
6 10 9
6 11 4
6 12 6
6 13 9
6 14 10
6 15 6
6 16 7
6 17 3
6 18 9
6 19 8
6 20 7
6 21 3
6 22 6
6 23 9
6 24 6
6 25 8
6 26 5
6 27 7
6 28 3
6 29 5
6 30 8
6 31 8
6 32 11
6 33 5
6 34 10
6 35 10
6 36 10
6 37 10
6 38 4
6 39 9
6 40 9
6 41 9
6 42 9
6 43 9
6 44 5
6 45 8
6 46 5
6 47 8
6 48 3
6 49 7
6 50 5
6 51 5
6 52 8
6 53 9
6 54 11
6 55 5
6 56 6
6 57 3
6 58 4
6 59 8
6 60 9
6 61 9
6 62 8
6 63 10
6 64 8
6 65 5
6 66 6
6 67 5
6 68 7
6 69 10
6 70 4
6 71 8
6 72 9
6 73 7
6 74 11
6 75 3
6 76 8
6 77 9
6 78 8
6 79 5
6 80 8
6 81 11
6 82 11
6 83 8
6 84 10
6 85 6
6 86 3
6 87 9
6 88 9
6 89 8
6 90 9
6 91 4
6 92 9
6 93 7
6 94 9
6 95 6
6 96 7
6 97 3
6 98 5
6 99 7
7 0 9
7 1 10
7 2 12
7 3 11
7 4 12
7 5 12
7 6 10
7 7 11
7 8 8
7 9 11
7 10 12
7 11 6
7 12 9
7 13 11
7 14 12
7 15 8
7 16 9
7 17 5
7 18 10
7 19 10
7 20 9
7 21 6
7 22 8
7 23 9
7 24 6
7 25 10
7 26 5
7 27 7
7 28 7
7 29 6
7 30 10
7 31 8
7 32 12
7 33 5
7 34 13
7 35 11
7 36 10
7 37 12
7 38 7
7 39 11
7 40 10
7 41 12
7 42 13
7 43 10
7 44 6
7 45 10
7 46 5
7 47 9
7 48 5
7 49 10
7 50 7
7 51 7
7 52 9
7 53 11
7 54 13
7 55 8
7 56 6
7 57 5
7 58 8
7 59 11
7 60 10
7 61 10
7 62 10
7 63 12
7 64 9
7 65 7
7 66 8
7 67 6
7 68 11
7 69 10
7 70 7
7 71 9
7 72 10
7 73 11
7 74 11
7 75 7
7 76 10
7 77 11
7 78 12
7 79 7
7 80 10
7 81 12
7 82 11
7 83 9
7 84 12
7 85 7
7 86 5
7 87 13
7 88 10
7 89 11
7 90 13
7 91 7
7 92 13
7 93 10
7 94 11
7 95 8
7 96 11
7 97 7
7 98 7
7 99 9
8 0 7
8 1 7
8 2 11
8 3 10
8 4 10
8 5 10
8 6 9
8 7 10
8 8 7
8 9 9
8 10 12
8 11 6
8 12 8
8 13 11
8 14 12
8 15 7
8 16 10
8 17 5
8 18 10
8 19 11
8 20 9
8 21 5
8 22 6
8 23 10
8 24 7
8 25 9
8 26 4
8 27 7
8 28 4
8 29 6
8 30 10
8 31 7
8 32 11
8 33 4
8 34 12
8 35 10
8 36 10
8 37 10
8 38 6
8 39 8
8 40 8
8 41 9
8 42 10
8 43 9
8 44 6
8 45 9
8 46 4
8 47 9
8 48 4
8 49 10
8 50 4
8 51 7
8 52 9
8 53 11
8 54 10
8 55 7
8 56 6
8 57 4
8 58 7
8 59 9
8 60 9
8 61 11
8 62 8
8 63 11
8 64 8
8 65 4
8 66 9
8 67 5
8 68 10
8 69 11
8 70 4
8 71 9
8 72 8
8 73 9
8 74 11
8 75 5
8 76 8
8 77 10
8 78 10
8 79 6
8 80 10
8 81 11
8 82 11
8 83 8
8 84 12
8 85 5
8 86 4
8 87 10
8 88 9
8 89 9
8 90 12
8 91 6
8 92 11
8 93 10
8 94 10
8 95 8
8 96 8
8 97 5
8 98 6
8 99 8
9 0 11
9 1 10
9 2 11
9 3 10
9 4 13
9 5 13
9 6 12
9 7 14
9 8 10
9 9 10
9 10 12
9 11 7
9 12 10
9 13 12
9 14 14
9 15 9
9 16 10
9 17 6
9 18 13
9 19 11
9 20 12
9 21 8
9 22 8
9 23 11
9 24 7
9 25 12
9 26 6
9 27 9
9 28 6
9 29 6
9 30 12
9 31 11
9 32 14
9 33 8
9 34 12
9 35 12
9 36 11
9 37 11
9 38 8
9 39 10
9 40 10
9 41 11
9 42 14
9 43 13
9 44 7
9 45 11
9 46 7
9 47 10
9 48 6
9 49 11
9 50 6
9 51 8
9 52 9
9 53 11
9 54 13
9 55 7
9 56 9
9 57 8
9 58 7
9 59 13
9 60 13
9 61 12
9 62 12
9 63 12
9 64 12
9 65 6
9 66 11
9 67 8
9 68 11
9 69 11
9 70 6
9 71 12
9 72 12
9 73 12
9 74 14
9 75 7
9 76 10
9 77 13
9 78 12
9 79 7
9 80 13
9 81 14
9 82 14
9 83 10
9 84 13
9 85 9
9 86 8
9 87 13
9 88 11
9 89 12
9 90 12
9 91 8
9 92 14
9 93 12
9 94 11
9 95 10
9 96 11
9 97 8
9 98 7
9 99 9
