10 100 10 7 10.0 3.0 1.0 95
2 32 3
8 16 8
7 126 8
5 82 9
1 15 7
3 75 5
8 21 7
6 162 5
5 61 8
8 9 3
3 75 3
1 50 9
6 106 3
6 186 3
1 62 7
3 18 9
1 105 4
2 11 3
9 128 7
5 160 7
7 165 7
0 57 6
4 18 3
0 62 7
0 34 8
2 121 7
0 83 5
9 232 8
8 40 7
9 125 3
5 70 9
5 28 4
5 134 9
4 85 3
7 156 9
6 68 7
3 140 8
9 215 7
3 66 3
2 39 8
1 32 7
8 152 4
5 29 3
5 22 9
5 35 6
2 125 8
3 81 8
0 35 3
9 210 3
2 9 8
9 118 9
9 172 7
3 48 6
2 4 5
4 143 4
2 83 9
1 48 3
8 9 3
8 138 8
0 86 9
3 51 7
6 176 7
7 210 3
8 16 5
3 104 9
3 136 9
1 2 9
4 2 7
4 142 8
9 220 5
2 43 9
0 59 8
2 3 5
8 19 7
6 120 8
4 95 5
1 4 8
9 50 5
6 198 9
9 135 7
0 36 8
6 124 4
5 28 3
4 25 7
4 42 7
1 43 6
7 147 9
7 137 8
4 165 8
6 180 7
8 201 9
0 23 9
6 164 9
7 69 6
1 51 3
7 139 7
7 65 3
0 77 3
7 165 4
4 127 8
0 0 0.936123564547
0 1 0.247619934425
0 2 0.690420278952
0 3 0.666294089841
0 4 0.134571682406
0 5 0.695977272249
0 6 0.665077181351
0 7 0.886641808059
0 8 0.426667614182
0 9 0.707799091374
0 10 0.248317738265
0 11 0.863199730079
0 12 0.691504416708
0 13 0.465434611086
0 14 0.945558304821
0 15 0.606669743886
0 16 0.883288038980
0 17 0.993006914897
0 18 0.900250359217
0 19 0.189300749963
0 20 0.350283980682
0 21 0.434779903658
0 22 0.869149890777
0 23 0.389178843850
0 24 0.352443215399
0 25 0.101489591461
0 26 0.123815742124
0 27 0.294146303565
0 28 0.866475573224
0 29 0.674427992340
0 30 0.893013558588
0 31 0.956692647241
0 32 0.792147263364
0 33 0.350152802734
0 34 0.163798316107
0 35 0.511246937613
0 36 0.212828964510
0 37 0.781667415870
0 38 0.679228454313
0 39 0.354286679222
0 40 0.509036928303
0 41 0.949103673292
0 42 0.235438409319
0 43 0.444172392606
0 44 0.531219482354
0 45 0.283815613727
0 46 0.960292553972
0 47 0.230039913068
0 48 0.567222407014
0 49 0.565809742949
0 50 0.797499424065
0 51 0.891600945369
0 52 0.914903813243
0 53 0.953565064645
0 54 0.315378036485
0 55 0.542885044225
0 56 0.043367694768
0 57 0.061344091505
0 58 0.485378427998
0 59 0.121305346958
0 60 0.228714662694
0 61 0.335968602219
0 62 0.932587929021
0 63 0.444687548817
0 64 0.525395532703
0 65 0.896063480991
0 66 0.217660325035
0 67 0.120575618979
0 68 0.407867263546
0 69 0.770695870421
0 70 0.839924876480
0 71 0.861392512507
0 72 0.436189539719
0 73 0.700994434804
0 74 0.832531896788
0 75 0.047007689556
0 76 0.824931303126
0 77 0.785346241393
0 78 0.455980990367
0 79 0.909186175475
0 80 0.236128493441
0 81 0.571603069743
0 82 0.734946439502
0 83 0.595024610598
0 84 0.450859614652
0 85 0.024764383841
0 86 0.239780422336
0 87 0.418181866852
0 88 0.683787250679
0 89 0.766839289943
0 90 0.950863847918
0 91 0.338944088255
0 92 0.386902025411
0 93 0.282613013781
0 94 0.810039172327
0 95 0.363204473363
0 96 0.312523090514
0 97 0.398339600472
0 98 0.863911496949
0 99 0.780400711058
1 0 0.427234279028
1 1 0.284186521113
1 2 0.901530239097
1 3 0.091454085690
1 4 0.259050994569
1 5 0.213184576382
1 6 0.809593980462
1 7 0.931615941212
1 8 0.910867942185
1 9 0.596288714976
1 10 0.491971954166
1 11 0.548696312459
1 12 0.476001286056
1 13 0.311761596088
1 14 0.535361190642
1 15 0.808551877534
1 16 0.046324797485
1 17 0.713280558254
1 18 0.323168985013
1 19 0.258217622133
1 20 0.926678639921
1 21 0.867633298317
1 22 0.971107966578
1 23 0.593271583867
1 24 0.744497561402
1 25 0.413176518954
1 26 0.340549055725
1 27 0.980983073900
1 28 0.005287899128
1 29 0.001727161117
1 30 0.516526345586
1 31 0.926692321637
1 32 0.873050898058
1 33 0.525247071267
1 34 0.735438631011
1 35 0.880005356621
1 36 0.560851722726
1 37 0.712304507471
1 38 0.446215590053
1 39 0.400764766341
1 40 0.191827090950
1 41 0.099130859430
1 42 0.821357572910
1 43 0.273525956534
1 44 0.086211167264
1 45 0.965950840587
1 46 0.636465387877
1 47 0.596206064692
1 48 0.470122288607
1 49 0.806581528996
1 50 0.900438343492
1 51 0.978050231580
1 52 0.858887129227
1 53 0.732846762900
1 54 0.547570243668
1 55 0.826019456784
1 56 0.377950905098
1 57 0.856920674976
1 58 0.520378995371
1 59 0.224426801972
1 60 0.725205813959
1 61 0.905878420407
1 62 0.631572495645
1 63 0.200540367363
1 64 0.900645523351
1 65 0.935131263606
1 66 0.489696578384
1 67 0.126518661679
1 68 0.505417147514
1 69 0.434226914930
1 70 0.707975466021
1 71 0.468194941805
1 72 0.357345432672
1 73 0.469379450209
1 74 0.755887925512
1 75 0.737641914826
1 76 0.682945266850
1 77 0.854765656991
1 78 0.588821853325
1 79 0.692529339507
1 80 0.378533094382
1 81 0.994241060221
1 82 0.978202031317
1 83 0.458039009477
1 84 0.502438727474
1 85 0.123558911296
1 86 0.207074264225
1 87 0.186969030424
1 88 0.505052713490
1 89 0.390247721811
1 90 0.641468126738
1 91 0.493765461919
1 92 0.197438618533
1 93 0.481507510009
1 94 0.468933310266
1 95 0.048754608376
1 96 0.141297449272
1 97 0.936108797287
1 98 0.448966742484
1 99 0.177493987373
2 0 0.497572159478
2 1 0.812398579816
2 2 0.828171477588
2 3 0.540749597006
2 4 0.747130202700
2 5 0.024687489938
2 6 0.978067869140
2 7 0.161104223779
2 8 0.492216293696
2 9 0.558738055670
2 10 0.599720993462
2 11 0.575948287108
2 12 0.482422153033
2 13 0.086479867739
2 14 0.426573104006
2 15 0.401576230304
2 16 0.136943341828
2 17 0.316167359859
2 18 0.163535236959
2 19 0.769996378833
2 20 0.588367079427
2 21 0.493426498936
2 22 0.205037963744
2 23 0.318864647921
2 24 0.433012635259
2 25 0.042887248227
2 26 0.249704215812
2 27 0.526171901799
2 28 0.641300509339
2 29 0.966828811900
2 30 0.505499087290
2 31 0.786168054878
2 32 0.321091221285
2 33 0.496077225093
2 34 0.640129577464
2 35 0.572827712854
2 36 0.218141149780
2 37 0.492259552935
2 38 0.571617713413
2 39 0.921923994834
2 40 0.611217991031
2 41 0.752044228117
2 42 0.508722921491
2 43 0.577565460773
2 44 0.588969191516
2 45 0.345504987146
2 46 0.770038992518
2 47 0.142785250075
2 48 0.975686352255
2 49 0.978881120275
2 50 0.806446979161
2 51 0.299256559320
2 52 0.691449987326
2 53 0.599667792035
2 54 0.398500156762
2 55 0.174168943196
2 56 0.267015042263
2 57 0.460178596627
2 58 0.530836040818
2 59 0.948327730156
2 60 0.608845444493
2 61 0.516654345855
2 62 0.831530576721
2 63 0.334856203455
2 64 0.542581213149
2 65 0.984088301874
2 66 0.771741599336
2 67 0.973419702113
2 68 0.012671798068
2 69 0.510622892708
2 70 0.187837253275
2 71 0.553459414505
2 72 0.286454265683
2 73 0.148509360114
2 74 0.227833621479
2 75 0.895423067186
2 76 0.695004449864
2 77 0.857903494680
2 78 0.050964114270
2 79 0.248070308403
2 80 0.219435395883
2 81 0.458994199543
2 82 0.078809967295
2 83 0.232514303810
2 84 0.076703191583
2 85 0.322027892869
2 86 0.909274337065
2 87 0.585194645829
2 88 0.951653406869
2 89 0.075761813952
2 90 0.855855192581
2 91 0.927015802712
2 92 0.765060329479
2 93 0.485491259550
2 94 0.754599106831
2 95 0.908609019886
2 96 0.004338197992
2 97 0.219785950018
2 98 0.351610688707
2 99 0.021360542098
3 0 0.782683621043
3 1 0.982505757894
3 2 0.431465477708
3 3 0.167131452137
3 4 0.488750713993
3 5 0.689189904541
3 6 0.812994739476
3 7 0.666323233346
3 8 0.079527822706
3 9 0.214255856730
3 10 0.192682787555
3 11 0.953721176139
3 12 0.947716106770
3 13 0.369203854033
3 14 0.627217406244
3 15 0.502111944825
3 16 0.529962427615
3 17 0.336530825608
3 18 0.360544849370
3 19 0.698715967581
3 20 0.638299311934
3 21 0.279417085309
3 22 0.707766304749
3 23 0.121684953135
3 24 0.077489544163
3 25 0.291043720501
3 26 0.339052377683
3 27 0.119790729770
3 28 0.670700190975
3 29 0.989746113326
3 30 0.806627501024
3 31 0.179887193924
3 32 0.259644194391
3 33 0.757233139034
3 34 0.844666738860
3 35 0.263983897742
3 36 0.737696726373
3 37 0.033830350559
3 38 0.191555805455
3 39 0.135595092866
3 40 0.814063154558
3 41 0.225388160419
3 42 0.560574576408
3 43 0.312325920132
3 44 0.357738853518
3 45 0.753748552794
3 46 0.797356198198
3 47 0.660583052102
3 48 0.216329485603
3 49 0.452324407334
3 50 0.044808527556
3 51 0.155824884107
3 52 0.687661782905
3 53 0.293968333531
3 54 0.276882047276
3 55 0.428512061160
3 56 0.947260616003
3 57 0.823778863336
3 58 0.149457593801
3 59 0.665829920899
3 60 0.461979736117
3 61 0.062665722486
3 62 0.251317339467
3 63 0.118293009456
3 64 0.402857562731
3 65 0.348803586309
3 66 0.943561000522
3 67 0.068815866206
3 68 0.487561521177
3 69 0.877724187518
3 70 0.525046536681
3 71 0.042521199996
3 72 0.335262706027
3 73 0.611079092716
3 74 0.029956849693
3 75 0.558253736281
3 76 0.533354960737
3 77 0.541788424620
3 78 0.674401289602
3 79 0.385641402324
3 80 0.614150067794
3 81 0.020089940097
3 82 0.530293540142
3 83 0.991082265204
3 84 0.787618660542
3 85 0.582153664014
3 86 0.808781565228
3 87 0.309104072470
3 88 0.130006000589
3 89 0.894929803845
3 90 0.617096930290
3 91 0.364957361590
3 92 0.781922559410
3 93 0.265861541687
3 94 0.700205587382
3 95 0.951801580454
3 96 0.965176981795
3 97 0.209272907455
3 98 0.743142412367
3 99 0.511038998466
4 0 0.785491865438
4 1 0.916460296653
4 2 0.369197308104
4 3 0.810495402157
4 4 0.087822024128
4 5 0.958618502047
4 6 0.361451920521
4 7 0.035780089740
4 8 0.123120196421
4 9 0.685894696110
4 10 0.456025997907
4 11 0.640766393664
4 12 0.701046829554
4 13 0.104464749125
4 14 0.099091546785
4 15 0.268962555116
4 16 0.639150100552
4 17 0.186311691493
4 18 0.785820839828
4 19 0.299293895955
4 20 0.860515262813
4 21 0.450013363545
4 22 0.700866760976
4 23 0.010025458990
4 24 0.815248145837
4 25 0.388021441578
4 26 0.249292958272
4 27 0.297247555534
4 28 0.845002527123
4 29 0.017737637487
4 30 0.010474675413
4 31 0.367401400007
4 32 0.460442891623
4 33 0.562215689963
4 34 0.408938561069
4 35 0.405078172783
4 36 0.951509651147
4 37 0.390685854592
4 38 0.034027577239
4 39 0.022711905708
4 40 0.130871522199
4 41 0.416067431670
4 42 0.079791008740
4 43 0.807351620159
4 44 0.192052847698
4 45 0.319457241862
4 46 0.018557493880
4 47 0.294465264632
4 48 0.071616375160
4 49 0.865290847857
4 50 0.609473628895
4 51 0.547222921167
4 52 0.901605216262
4 53 0.071758425558
4 54 0.028400120749
4 55 0.799306136057
4 56 0.188091417756
4 57 0.951540414295
4 58 0.564811607503
4 59 0.212368178212
4 60 0.840532978852
4 61 0.593166928856
4 62 0.923882839023
4 63 0.208388361703
4 64 0.557875490204
4 65 0.221957260445
4 66 0.729417703658
4 67 0.294724133641
4 68 0.877714736173
4 69 0.174644470952
4 70 0.259256691933
4 71 0.306129318897
4 72 0.443054896062
4 73 0.390282184246
4 74 0.899626876441
4 75 0.164125426274
4 76 0.791138489920
4 77 0.983528210399
4 78 0.183988383374
4 79 0.489596911411
4 80 0.042368740367
4 81 0.638018107867
4 82 0.349428944450
4 83 0.521636889339
4 84 0.441417967378
4 85 0.458214246911
4 86 0.751100615399
4 87 0.372227003538
4 88 0.754114596622
4 89 0.501120931478
4 90 0.704365840379
4 91 0.355008551385
4 92 0.770465956412
4 93 0.918838146807
4 94 0.805157393535
4 95 0.731384052676
4 96 0.998814254607
4 97 0.161677430664
4 98 0.664403527899
4 99 0.064789484802
5 0 0.851577381827
5 1 0.505387602065
5 2 0.824612614062
5 3 0.037914078017
5 4 0.344810430558
5 5 0.204438398888
5 6 0.087995518197
5 7 0.855133380471
5 8 0.630741818919
5 9 0.517257128763
5 10 0.231534104663
5 11 0.809681061595
5 12 0.763065155422
5 13 0.652040043012
5 14 0.628098661312
5 15 0.921811583513
5 16 0.301102284817
5 17 0.627787543324
5 18 0.438672420262
5 19 0.198842386965
5 20 0.162901024799
5 21 0.788894914154
5 22 0.676765613290
5 23 0.383682740085
5 24 0.864426405050
5 25 0.343761203725
5 26 0.918651705193
5 27 0.719258862639
5 28 0.059886649724
5 29 0.979571653949
5 30 0.935909136870
5 31 0.088821277813
5 32 0.851330473585
5 33 0.746575403692
5 34 0.798851184168
5 35 0.151863842450
5 36 0.130028640335
5 37 0.873553346675
5 38 0.617854202441
5 39 0.731414623174
5 40 0.489000284750
5 41 0.501512272106
5 42 0.290517530276
5 43 0.758063404028
5 44 0.917237850040
5 45 0.701995565538
5 46 0.374502618407
5 47 0.875704171866
5 48 0.671654654436
5 49 0.135575550288
5 50 0.403657074928
5 51 0.965046268054
5 52 0.376382518105
5 53 0.446889996937
5 54 0.350097772653
5 55 0.927758751552
5 56 0.288877235341
5 57 0.215425314445
5 58 0.586846489582
5 59 0.706814645853
5 60 0.941599633925
5 61 0.375223490174
5 62 0.609774332035
5 63 0.042673428658
5 64 0.234790157409
5 65 0.519897674417
5 66 0.467984037635
5 67 0.034297264439
5 68 0.667580238711
5 69 0.160949331556
5 70 0.060033047656
5 71 0.872416786601
5 72 0.859653990783
5 73 0.803998057625
5 74 0.891438770368
5 75 0.050101741926
5 76 0.391736573599
5 77 0.492399863482
5 78 0.725518697601
5 79 0.722403482266
5 80 0.362591898310
5 81 0.047138048437
5 82 0.057401167213
5 83 0.964506148594
5 84 0.233719073388
5 85 0.083418558137
5 86 0.304144063565
5 87 0.094132210064
5 88 0.949453056655
5 89 0.562925219700
5 90 0.929915124271
5 91 0.018413117146
5 92 0.418240385836
5 93 0.846722112051
5 94 0.458892527332
5 95 0.580119312505
5 96 0.409298083455
5 97 0.479936659973
5 98 0.709792966755
5 99 0.529810396912
6 0 0.188303217337
6 1 0.941107657290
6 2 0.943132382223
6 3 0.860428424122
6 4 0.333279655110
6 5 0.845871049803
6 6 0.191642348847
6 7 0.298250233753
6 8 0.190202956610
6 9 0.643553947915
6 10 0.845948205032
6 11 0.087125232437
6 12 0.876585156521
6 13 0.349409164589
6 14 0.264226612325
6 15 0.152806531156
6 16 0.703255278593
6 17 0.283485195225
6 18 0.288582638828
6 19 0.928547732300
6 20 0.653097194994
6 21 0.549824653326
6 22 0.611430333437
6 23 0.719000550987
6 24 0.729169156441
6 25 0.311985506603
6 26 0.671196081171
6 27 0.845319718416
6 28 0.345138567695
6 29 0.763202361015
6 30 0.327678940574
6 31 0.532035551506
6 32 0.160738729238
6 33 0.027968545885
6 34 0.771341065455
6 35 0.023466073167
6 36 0.385591473287
6 37 0.509416918269
6 38 0.064611222763
6 39 0.559007590462
6 40 0.768884378776
6 41 0.302985121353
6 42 0.121646291449
6 43 0.888628327648
6 44 0.478812040528
6 45 0.797419282880
6 46 0.148955037674
6 47 0.844693502258
6 48 0.915096316763
6 49 0.043946863538
6 50 0.523076384902
6 51 0.542679925211
6 52 0.744441308517
6 53 0.413432754149
6 54 0.332932740659
6 55 0.944924826099
6 56 0.448802334818
6 57 0.117265257098
6 58 0.421583100820
6 59 0.659452734186
6 60 0.375834749871
6 61 0.418423939700
6 62 0.544157130070
6 63 0.384719707817
6 64 0.137105832152
6 65 0.457713702768
6 66 0.662224877154
6 67 0.939312294623
6 68 0.822458971982
6 69 0.949596783592
6 70 0.892293642463
6 71 0.073957066205
6 72 0.545692593578
6 73 0.631261916244
6 74 0.299889030916
6 75 0.487062190570
6 76 0.569021288920
6 77 0.523915861147
6 78 0.622414748617
6 79 0.140046934889
6 80 0.066491148099
6 81 0.465047549364
6 82 0.966542779900
6 83 0.694178910212
6 84 0.922415214784
6 85 0.343519630417
6 86 0.233270821968
6 87 0.718542272361
6 88 0.522538563573
6 89 0.088013271254
6 90 0.906759430543
6 91 0.817652439656
6 92 0.511606311247
6 93 0.377544357460
6 94 0.738582004394
6 95 0.328402088216
6 96 0.369791018078
6 97 0.465143423141
6 98 0.707651831756
6 99 0.670330928356
7 0 0.780810947672
7 1 0.806995584606
7 2 0.755250592770
7 3 0.949281585350
7 4 0.409908668381
7 5 0.864405035641
7 6 0.456554475073
7 7 0.974112132543
7 8 0.369863986818
7 9 0.834244021961
7 10 0.564267786848
7 11 0.037663186059
7 12 0.345557384546
7 13 0.745610517110
7 14 0.011632468782
7 15 0.917356852700
7 16 0.488708763181
7 17 0.583870142600
7 18 0.668743898139
7 19 0.332795997533
7 20 0.486949019972
7 21 0.403692761715
7 22 0.805508892075
7 23 0.099341308547
7 24 0.986189624578
7 25 0.284810491596
7 26 0.601193570688
7 27 0.949980886505
7 28 0.745798505405
7 29 0.857505736877
7 30 0.234221103787
7 31 0.559909459441
7 32 0.295154975802
7 33 0.507183992744
7 34 0.063562343978
7 35 0.802921683277
7 36 0.184996574603
7 37 0.530607244786
7 38 0.794935380432
7 39 0.930280519882
7 40 0.012231573946
7 41 0.252667313670
7 42 0.760477509011
7 43 0.906673937701
7 44 0.228633799878
7 45 0.493186957669
7 46 0.170405246593
7 47 0.058073636885
7 48 0.109103497677
7 49 0.491936799270
7 50 0.643598388231
7 51 0.688398663447
7 52 0.511997230797
7 53 0.894622338604
7 54 0.435862043281
7 55 0.892767110270
7 56 0.135787192037
7 57 0.127289453737
7 58 0.406707601694
7 59 0.677492886499
7 60 0.795646388952
7 61 0.823218708875
7 62 0.540340994293
7 63 0.626221842616
7 64 0.446265377704
7 65 0.886054189092
7 66 0.493811701949
7 67 0.115888681381
7 68 0.879273206129
7 69 0.502722142699
7 70 0.525214958451
7 71 0.523714511233
7 72 0.405282802846
7 73 0.360440568307
7 74 0.190996338476
7 75 0.571422474985
7 76 0.020832171481
7 77 0.466559789720
7 78 0.916635142928
7 79 0.356741215559
7 80 0.854271193233
7 81 0.567957826275
7 82 0.410949749495
7 83 0.036231025793
7 84 0.625405543286
7 85 0.828138268856
7 86 0.040548525246
7 87 0.508815456002
7 88 0.053870687279
7 89 0.606487919732
7 90 0.550144519279
7 91 0.844067797195
7 92 0.447364611610
7 93 0.350845709333
7 94 0.994498793472
7 95 0.547528919849
7 96 0.476961978449
7 97 0.086703539033
7 98 0.915574164642
7 99 0.102178649008
8 0 0.310051367489
8 1 0.715662704668
8 2 0.948270355363
8 3 0.697564550345
8 4 0.693854144578
8 5 0.072195882469
8 6 0.064848240871
8 7 0.043349338873
8 8 0.017948408345
8 9 0.694472615404
8 10 0.811140583687
8 11 0.514274992251
8 12 0.542371749348
8 13 0.927673757679
8 14 0.020396045611
8 15 0.585618999452
8 16 0.296697209917
8 17 0.806135535453
8 18 0.611936910223
8 19 0.180266368436
8 20 0.310954860876
8 21 0.743950582970
8 22 0.828374180514
8 23 0.028544033457
8 24 0.236656581207
8 25 0.621198775567
8 26 0.655873119602
8 27 0.453299526868
8 28 0.167638236034
8 29 0.893999045605
8 30 0.585969248954
8 31 0.430281456493
8 32 0.611001403613
8 33 0.969392193819
8 34 0.590997351817
8 35 0.102137956503
8 36 0.524153686315
8 37 0.825068426994
8 38 0.383273545224
8 39 0.662683217280
8 40 0.058640197560
8 41 0.876281181017
8 42 0.630789699452
8 43 0.739677247316
8 44 0.662330343193
8 45 0.295091038156
8 46 0.180166114211
8 47 0.015379399599
8 48 0.516462734204
8 49 0.057591268623
8 50 0.409115584897
8 51 0.927615977386
8 52 0.715547724878
8 53 0.505908878596
8 54 0.481961650343
8 55 0.218055409503
8 56 0.702466559006
8 57 0.805308950645
8 58 0.946761800421
8 59 0.202814311712
8 60 0.471795812088
8 61 0.739911158763
8 62 0.378611384504
8 63 0.737771643195
8 64 0.865990406467
8 65 0.906538018121
8 66 0.959520242874
8 67 0.281385261734
8 68 0.459735180801
8 69 0.615994135208
8 70 0.878697668119
8 71 0.888547824959
8 72 0.612171907271
8 73 0.749624802019
8 74 0.962750355430
8 75 0.850944943043
8 76 0.834115009839
8 77 0.386138424585
8 78 0.344628215145
8 79 0.852319342822
8 80 0.962124626592
8 81 0.814215012448
8 82 0.767008997180
8 83 0.897069008583
8 84 0.970647132427
8 85 0.541592460858
8 86 0.275492693940
8 87 0.864890003127
8 88 0.768356720204
8 89 0.272339818429
8 90 0.541465174585
8 91 0.333405274958
8 92 0.420188692244
8 93 0.458070791132
8 94 0.552870474788
8 95 0.935677099896
8 96 0.123927948001
8 97 0.870794753304
8 98 0.974099200665
8 99 0.018565831740
9 0 0.007372847442
9 1 0.214660330440
9 2 0.140262062742
9 3 0.210264999638
9 4 0.414526431111
9 5 0.546217099295
9 6 0.196919453662
9 7 0.632199195745
9 8 0.511278038918
9 9 0.528357811862
9 10 0.050442561109
9 11 0.492502371040
9 12 0.906623622599
9 13 0.432505244756
9 14 0.087614992803
9 15 0.868898812839
9 16 0.810223634570
9 17 0.510618944995
9 18 0.133035937705
9 19 0.243852423618
9 20 0.377933578192
9 21 0.973406192496
9 22 0.643190185700
9 23 0.275849239743
9 24 0.302610053522
9 25 0.833746391133
9 26 0.934142319749
9 27 0.174492107812
9 28 0.248188797922
9 29 0.660196949185
9 30 0.672929382072
9 31 0.822166481111
9 32 0.858107201099
9 33 0.560217128548
9 34 0.114663697282
9 35 0.997829952021
9 36 0.577063036729
9 37 0.676486468031
9 38 0.106381002950
9 39 0.861642896035
9 40 0.266488903413
9 41 0.957191437225
9 42 0.497625550758
9 43 0.466244424127
9 44 0.098385536544
9 45 0.818119163670
9 46 0.710013397531
9 47 0.554325858471
9 48 0.202534788900
9 49 0.951318561801
9 50 0.706958226796
9 51 0.856393946184
9 52 0.327294496646
9 53 0.070212296689
9 54 0.159230003407
9 55 0.843687136714
9 56 0.369884542953
9 57 0.354018553360
9 58 0.304007698003
9 59 0.833136097279
9 60 0.164685647022
9 61 0.819378839286
9 62 0.000586552431
9 63 0.786961208557
9 64 0.116202356646
9 65 0.317347999205
9 66 0.471814911228
9 67 0.798031564446
9 68 0.344688025548
9 69 0.703329898290
9 70 0.833023114471
9 71 0.831650455101
9 72 0.360330487746
9 73 0.535143213696
9 74 0.155791613419
9 75 0.842726406354
9 76 0.898779767586
9 77 0.179177680999
9 78 0.638286776174
9 79 0.404489894883
9 80 0.304171230702
9 81 0.731051533744
9 82 0.505507375050
9 83 0.371020625616
9 84 0.824066546743
9 85 0.895595110699
9 86 0.106515669423
9 87 0.209858130711
9 88 0.064159928986
9 89 0.704942809270
9 90 0.941640805447
9 91 0.635904088058
9 92 0.436366889408
9 93 0.168644010139
9 94 0.014657360685
9 95 0.406487182642
9 96 0.960245266370
9 97 0.978474275699
9 98 0.795593630242
9 99 0.498070445806
0 0 5
0 1 11
0 2 9
0 3 10
0 4 10
0 5 6
0 6 10
0 7 7
0 8 9
0 9 6
0 10 6
0 11 10
0 12 6
0 13 6
0 14 10
0 15 10
0 16 5
0 17 4
0 18 9
0 19 10
0 20 8
0 21 7
0 22 5
0 23 9
0 24 10
0 25 9
0 26 8
0 27 9
0 28 10
0 29 4
0 30 11
0 31 7
0 32 12
0 33 6
0 34 12
0 35 8
0 36 11
0 37 8
0 38 4
0 39 9
0 40 8
0 41 7
0 42 6
0 43 12
0 44 9
0 45 9
0 46 10
0 47 5
0 48 6
0 49 9
0 50 11
0 51 8
0 52 7
0 53 8
0 54 5
0 55 11
0 56 5
0 57 6
0 58 9
0 59 11
0 60 8
0 61 9
0 62 4
0 63 8
0 64 10
0 65 11
0 66 12
0 67 10
0 68 11
0 69 8
0 70 11
0 71 9
0 72 8
0 73 8
0 74 9
0 75 8
0 76 10
0 77 7
0 78 10
0 79 8
0 80 9
0 81 6
0 82 5
0 83 9
0 84 9
0 85 9
0 86 10
0 87 9
0 88 9
0 89 9
0 90 12
0 91 10
0 92 11
0 93 9
0 94 5
0 95 9
0 96 4
0 97 5
0 98 7
0 99 10
1 0 3
1 1 9
1 2 10
1 3 10
1 4 9
1 5 7
1 6 7
1 7 7
1 8 9
1 9 5
1 10 5
1 11 9
1 12 4
1 13 4
1 14 9
1 15 11
1 16 5
1 17 4
1 18 9
1 19 8
1 20 9
1 21 8
1 22 4
1 23 7
1 24 10
1 25 8
1 26 6
1 27 10
1 28 7
1 29 3
1 30 9
1 31 6
1 32 9
1 33 4
1 34 9
1 35 7
1 36 10
1 37 9
1 38 3
1 39 9
1 40 8
1 41 5
1 42 5
1 43 10
1 44 7
1 45 10
1 46 8
1 47 5
1 48 4
1 49 8
1 50 9
1 51 9
1 52 8
1 53 5
1 54 6
1 55 9
1 56 5
1 57 5
1 58 10
1 59 9
1 60 8
1 61 8
1 62 5
1 63 5
1 64 9
1 65 10
1 66 9
1 67 8
1 68 8
1 69 6
1 70 10
1 71 8
1 72 6
1 73 8
1 74 8
1 75 6
1 76 8
1 77 5
1 78 9
1 79 7
1 80 10
1 81 6
1 82 4
1 83 7
1 84 8
1 85 7
1 86 9
1 87 10
1 88 9
1 89 8
1 90 10
1 91 9
1 92 9
1 93 7
1 94 5
1 95 9
1 96 3
1 97 4
1 98 5
1 99 8
2 0 6
2 1 12
2 2 10
2 3 12
2 4 9
2 5 8
2 6 10
2 7 7
2 8 11
2 9 6
2 10 6
2 11 12
2 12 5
2 13 6
2 14 10
2 15 12
2 16 7
2 17 5
2 18 9
2 19 11
2 20 11
2 21 10
2 22 7
2 23 9
2 24 12
2 25 10
2 26 7
2 27 11
2 28 10
2 29 5
2 30 13
2 31 8
2 32 13
2 33 6
2 34 11
2 35 10
2 36 11
2 37 11
2 38 6
2 39 11
2 40 11
2 41 8
2 42 5
2 43 12
2 44 10
2 45 11
2 46 12
2 47 5
2 48 7
2 49 10
2 50 13
2 51 9
2 52 8
2 53 8
2 54 6
2 55 12
2 56 7
2 57 6
2 58 11
2 59 12
2 60 10
2 61 11
2 62 6
2 63 8
2 64 13
2 65 11
2 66 12
2 67 11
2 68 11
2 69 8
2 70 12
2 71 12
2 72 7
2 73 9
2 74 12
2 75 8
2 76 11
2 77 7
2 78 12
2 79 11
2 80 11
2 81 7
2 82 6
2 83 10
2 84 11
2 85 9
2 86 11
2 87 12
2 88 10
2 89 9
2 90 12
2 91 12
2 92 11
2 93 10
2 94 6
2 95 9
2 96 6
2 97 7
2 98 6
2 99 11
3 0 6
3 1 12
3 2 11
3 3 11
3 4 10
3 5 9
3 6 11
3 7 7
3 8 12
3 9 7
3 10 6
3 11 11
3 12 6
3 13 5
3 14 11
3 15 13
3 16 8
3 17 5
3 18 11
3 19 9
3 20 11
3 21 10
3 22 5
3 23 9
3 24 10
3 25 9
3 26 9
3 27 10
3 28 11
3 29 6
3 30 12
3 31 6
3 32 11
3 33 5
3 34 12
3 35 9
3 36 12
3 37 9
3 38 7
3 39 12
3 40 9
3 41 7
3 42 5
3 43 13
3 44 10
3 45 10
3 46 10
3 47 5
3 48 5
3 49 12
3 50 11
3 51 9
3 52 8
3 53 8
3 54 7
3 55 11
3 56 5
3 57 6
3 58 12
3 59 11
3 60 11
3 61 10
3 62 5
3 63 9
3 64 11
3 65 13
3 66 13
3 67 9
3 68 11
3 69 7
3 70 13
3 71 12
3 72 8
3 73 9
3 74 12
3 75 8
3 76 10
3 77 8
3 78 11
3 79 9
3 80 12
3 81 6
3 82 6
3 83 11
3 84 11
3 85 8
3 86 11
3 87 12
3 88 12
3 89 11
3 90 13
3 91 12
3 92 13
3 93 10
3 94 7
3 95 10
3 96 7
3 97 7
3 98 7
3 99 10
4 0 7
4 1 13
4 2 11
4 3 13
4 4 11
4 5 9
4 6 11
4 7 10
4 8 11
4 9 6
4 10 7
4 11 13
4 12 6
4 13 6
4 14 12
4 15 13
4 16 9
4 17 8
4 18 11
4 19 10
4 20 10
4 21 10
4 22 6
4 23 11
4 24 13
4 25 11
4 26 9
4 27 11
4 28 10
4 29 7
4 30 13
4 31 8
4 32 14
4 33 7
4 34 13
4 35 12
4 36 11
4 37 11
4 38 7
4 39 13
4 40 11
4 41 7
4 42 7
4 43 13
4 44 10
4 45 11
4 46 12
4 47 7
4 48 7
4 49 11
4 50 14
4 51 10
4 52 9
4 53 9
4 54 7
4 55 14
4 56 8
4 57 6
4 58 11
4 59 13
4 60 12
4 61 10
4 62 8
4 63 10
4 64 14
4 65 13
4 66 12
4 67 10
4 68 12
4 69 9
4 70 12
4 71 11
4 72 8
4 73 12
4 74 13
4 75 10
4 76 13
4 77 8
4 78 14
4 79 10
4 80 11
4 81 8
4 82 7
4 83 12
4 84 12
4 85 11
4 86 13
4 87 12
4 88 13
4 89 12
4 90 13
4 91 14
4 92 13
4 93 11
4 94 8
4 95 10
4 96 8
4 97 6
4 98 8
4 99 11
5 0 4
5 1 11
5 2 9
5 3 11
5 4 8
5 5 8
5 6 10
5 7 6
5 8 9
5 9 6
5 10 6
5 11 12
5 12 6
5 13 5
5 14 9
5 15 10
5 16 6
5 17 6
5 18 9
5 19 9
5 20 10
5 21 7
5 22 6
5 23 9
5 24 11
5 25 10
5 26 6
5 27 9
5 28 8
5 29 4
5 30 12
5 31 7
5 32 10
5 33 4
5 34 11
5 35 8
5 36 10
5 37 8
5 38 5
5 39 9
5 40 8
5 41 5
5 42 4
5 43 10
5 44 9
5 45 9
5 46 9
5 47 4
5 48 6
5 49 9
5 50 12
5 51 10
5 52 7
5 53 6
5 54 5
5 55 11
5 56 6
5 57 6
5 58 11
5 59 12
5 60 10
5 61 8
5 62 5
5 63 8
5 64 11
5 65 10
5 66 10
5 67 10
5 68 11
5 69 8
5 70 12
5 71 10
5 72 7
5 73 8
5 74 10
5 75 8
5 76 11
5 77 8
5 78 12
5 79 10
5 80 11
5 81 7
5 82 5
5 83 9
5 84 9
5 85 9
5 86 12
5 87 9
5 88 11
5 89 9
5 90 10
5 91 10
5 92 12
5 93 9
5 94 4
5 95 9
5 96 5
5 97 5
5 98 5
5 99 9
6 0 5
6 1 11
6 2 11
6 3 10
6 4 8
6 5 7
6 6 8
6 7 8
6 8 9
6 9 4
6 10 4
6 11 11
6 12 4
6 13 6
6 14 9
6 15 12
6 16 5
6 17 6
6 18 8
6 19 8
6 20 8
6 21 9
6 22 6
6 23 10
6 24 11
6 25 8
6 26 8
6 27 11
6 28 10
6 29 4
6 30 11
6 31 7
6 32 12
6 33 5
6 34 12
6 35 8
6 36 9
6 37 10
6 38 4
6 39 11
6 40 10
6 41 7
6 42 4
6 43 10
6 44 7
6 45 10
6 46 11
6 47 4
6 48 6
6 49 9
6 50 11
6 51 10
6 52 8
6 53 6
6 54 7
6 55 11
6 56 6
6 57 4
6 58 10
6 59 11
6 60 8
6 61 9
6 62 5
6 63 7
6 64 12
6 65 11
6 66 10
6 67 8
6 68 11
6 69 7
6 70 11
6 71 10
6 72 8
6 73 8
6 74 9
6 75 6
6 76 9
6 77 6
6 78 10
6 79 8
6 80 10
6 81 7
6 82 4
6 83 8
6 84 10
6 85 9
6 86 11
6 87 11
6 88 10
6 89 9
6 90 10
6 91 12
6 92 10
6 93 7
6 94 5
6 95 9
6 96 4
6 97 5
6 98 6
6 99 9
7 0 4
7 1 10
7 2 8
7 3 9
7 4 8
7 5 7
7 6 9
7 7 6
7 8 10
7 9 4
7 10 3
7 11 11
7 12 3
7 13 5
7 14 8
7 15 11
7 16 6
7 17 4
7 18 7
7 19 9
7 20 7
7 21 8
7 22 5
7 23 9
7 24 8
7 25 8
7 26 5
7 27 10
7 28 8
7 29 4
7 30 10
7 31 4
7 32 10
7 33 3
7 34 9
7 35 9
7 36 10
7 37 9
7 38 4
7 39 8
7 40 9
7 41 6
7 42 4
7 43 10
7 44 6
7 45 8
7 46 9
7 47 4
7 48 4
7 49 8
7 50 11
7 51 9
7 52 8
7 53 6
7 54 5
7 55 11
7 56 4
7 57 4
7 58 10
7 59 10
7 60 9
7 61 7
7 62 3
7 63 5
7 64 9
7 65 11
7 66 9
7 67 9
7 68 9
7 69 6
7 70 10
7 71 9
7 72 7
7 73 9
7 74 10
7 75 5
7 76 8
7 77 5
7 78 10
7 79 9
7 80 9
7 81 4
7 82 3
7 83 9
7 84 8
7 85 6
7 86 9
7 87 10
7 88 10
7 89 9
7 90 9
7 91 11
7 92 10
7 93 6
7 94 3
7 95 9
7 96 3
7 97 4
7 98 5
7 99 9
8 0 5
8 1 10
8 2 8
8 3 10
8 4 9
8 5 5
8 6 8
8 7 6
8 8 8
8 9 5
8 10 3
8 11 11
8 12 4
8 13 3
8 14 9
8 15 9
8 16 5
8 17 5
8 18 7
8 19 9
8 20 8
8 21 8
8 22 5
8 23 7
8 24 10
8 25 7
8 26 6
8 27 8
8 28 9
8 29 5
8 30 10
8 31 6
8 32 9
8 33 5
8 34 11
8 35 7
8 36 10
8 37 8
8 38 4
8 39 10
8 40 8
8 41 4
8 42 3
8 43 9
8 44 8
8 45 8
8 46 9
8 47 4
8 48 4
8 49 10
8 50 10
8 51 7
8 52 7
8 53 7
8 54 4
8 55 10
8 56 5
8 57 5
8 58 9
8 59 10
8 60 9
8 61 8
8 62 3
8 63 5
8 64 10
8 65 10
8 66 11
8 67 7
8 68 9
8 69 6
8 70 10
8 71 8
8 72 6
8 73 9
8 74 9
8 75 5
8 76 9
8 77 5
8 78 9
8 79 9
8 80 10
8 81 6
8 82 3
8 83 7
8 84 8
8 85 7
8 86 9
8 87 8
8 88 9
8 89 7
8 90 11
8 91 10
8 92 10
8 93 8
8 94 5
8 95 9
8 96 3
8 97 5
8 98 4
8 99 9
9 0 6
9 1 12
9 2 12
9 3 14
9 4 12
9 5 9
9 6 12
9 7 9
9 8 13
9 9 6
9 10 7
9 11 13
9 12 6
9 13 8
9 14 12
9 15 12
9 16 7
9 17 8
9 18 11
9 19 10
9 20 11
9 21 11
9 22 8
9 23 11
9 24 12
9 25 11
9 26 10
9 27 11
9 28 11
9 29 7
9 30 12
9 31 9
9 32 12
9 33 8
9 34 14
9 35 11
9 36 12
9 37 10
9 38 8
9 39 11
9 40 10
9 41 9
9 42 7
9 43 14
9 44 11
9 45 13
9 46 12
9 47 8
9 48 7
9 49 13
9 50 13
9 51 10
9 52 9
9 53 9
9 54 8
9 55 14
9 56 6
9 57 6
9 58 13
9 59 13
9 60 10
9 61 12
9 62 7
9 63 8
9 64 13
9 65 12
9 66 12
9 67 12
9 68 13
9 69 9
9 70 13
9 71 11
9 72 9
9 73 12
9 74 11
9 75 8
9 76 11
9 77 8
9 78 14
9 79 12
9 80 13
9 81 8
9 82 7
9 83 12
9 84 12
9 85 10
9 86 12
9 87 11
9 88 12
9 89 12
9 90 13
9 91 13
9 92 14
9 93 9
9 94 6
9 95 10
9 96 6
9 97 8
9 98 8
9 99 11
