10 100 10 7 10.0 3.0 1.0 95
7 160 9
5 70 9
8 70 7
2 19 8
0 68 3
7 74 3
6 56 3
3 116 7
9 15 9
5 148 3
1 18 8
3 105 8
8 168 3
3 26 8
4 100 9
9 15 3
3 93 8
5 145 9
6 56 9
6 110 7
5 138 6
1 106 9
3 122 5
2 40 7
0 92 9
4 58 3
4 88 7
3 82 7
5 147 3
2 52 9
9 142 8
1 60 8
7 33 7
0 56 9
7 37 7
4 88 9
7 143 7
5 57 8
0 75 3
4 138 8
2 79 3
9 210 8
8 105 4
7 89 9
8 205 3
3 126 4
4 40 4
6 194 8
0 48 5
6 100 8
2 99 3
6 86 4
8 107 7
8 61 7
6 166 4
8 159 8
3 124 7
2 84 8
9 118 9
9 42 3
7 163 3
4 7 8
9 108 8
1 26 8
6 64 9
9 38 4
8 135 9
1 92 5
7 137 4
1 6 5
4 8 3
0 55 8
0 60 9
1 78 7
3 126 3
3 114 3
6 36 3
1 80 3
8 5 7
7 113 7
9 32 4
1 100 9
0 45 7
2 20 9
0 28 7
2 11 6
5 62 8
5 99 7
5 66 9
2 123 4
7 100 4
1 63 3
0 30 6
8 131 4
6 186 7
4 42 4
9 65 8
5 147 5
4 3 8
2 128 9
0 0 0.619178363960
0 1 0.319108234597
0 2 0.578677252060
0 3 0.206944838882
0 4 0.056102819488
0 5 0.846043552961
0 6 0.732079025071
0 7 0.160513061234
0 8 0.160036182755
0 9 0.351356695192
0 10 0.052747626150
0 11 0.355674980956
0 12 0.984111502220
0 13 0.222482360956
0 14 0.010252594324
0 15 0.898054533278
0 16 0.711763033624
0 17 0.701004544048
0 18 0.041043369712
0 19 0.934876192478
0 20 0.935842722596
0 21 0.196038522820
0 22 0.123253908903
0 23 0.044003022960
0 24 0.119199084297
0 25 0.046095066721
0 26 0.467994135335
0 27 0.629760658901
0 28 0.511235469186
0 29 0.943446601520
0 30 0.576351967421
0 31 0.145854536758
0 32 0.837603599990
0 33 0.077591228399
0 34 0.291588853663
0 35 0.359654360081
0 36 0.516134981568
0 37 0.536691123012
0 38 0.488214667441
0 39 0.789573958040
0 40 0.569963249831
0 41 0.214429789567
0 42 0.725362169420
0 43 0.871131136097
0 44 0.597071799079
0 45 0.263904621559
0 46 0.579177273953
0 47 0.270329603571
0 48 0.716879574481
0 49 0.318386746736
0 50 0.109251239188
0 51 0.737633731029
0 52 0.292164034820
0 53 0.884568665591
0 54 0.379906896156
0 55 0.148765577487
0 56 0.338471251190
0 57 0.274776695131
0 58 0.274525950157
0 59 0.774595981883
0 60 0.318245729678
0 61 0.097203761639
0 62 0.447705948957
0 63 0.642387019452
0 64 0.715161603995
0 65 0.705412484117
0 66 0.339878995634
0 67 0.696181028649
0 68 0.614037304388
0 69 0.366229915492
0 70 0.135348265457
0 71 0.556685223818
0 72 0.183741460249
0 73 0.021274168993
0 74 0.121676305004
0 75 0.074933709777
0 76 0.380726776570
0 77 0.570626388263
0 78 0.757468822995
0 79 0.081080639502
0 80 0.319535675904
0 81 0.115135213685
0 82 0.726206508614
0 83 0.327527368765
0 84 0.852275957017
0 85 0.223138814028
0 86 0.169385016843
0 87 0.171397116081
0 88 0.551449100170
0 89 0.233744874686
0 90 0.704716760929
0 91 0.808301942821
0 92 0.390738935511
0 93 0.695944903880
0 94 0.040593294572
0 95 0.457664554231
0 96 0.662230905276
0 97 0.570867917992
0 98 0.751201039405
0 99 0.511691759039
1 0 0.866341030887
1 1 0.779037625783
1 2 0.387207694371
1 3 0.914737131529
1 4 0.576373368139
1 5 0.804250313957
1 6 0.710006060680
1 7 0.408638104179
1 8 0.938704671477
1 9 0.603380496552
1 10 0.100733618813
1 11 0.991383517622
1 12 0.056161025587
1 13 0.763472089104
1 14 0.332566819254
1 15 0.402816564899
1 16 0.451445106572
1 17 0.642246183646
1 18 0.024792984225
1 19 0.774526533857
1 20 0.857398276696
1 21 0.230816716183
1 22 0.742346898189
1 23 0.534278554286
1 24 0.310584618375
1 25 0.367445073325
1 26 0.637005705541
1 27 0.629074810387
1 28 0.467571924485
1 29 0.312796129163
1 30 0.416715062547
1 31 0.929159035735
1 32 0.432487305191
1 33 0.127197059066
1 34 0.188144161428
1 35 0.775014601845
1 36 0.797362340792
1 37 0.026133205793
1 38 0.797944509340
1 39 0.022950832323
1 40 0.429474970027
1 41 0.407233987379
1 42 0.472474480015
1 43 0.342756400223
1 44 0.952474781136
1 45 0.705889827511
1 46 0.803271865785
1 47 0.738064304289
1 48 0.933821884063
1 49 0.036294413632
1 50 0.377118387298
1 51 0.654586654344
1 52 0.077649848256
1 53 0.988611523082
1 54 0.355986117791
1 55 0.667197819581
1 56 0.302832296246
1 57 0.498950500320
1 58 0.845937539092
1 59 0.870540392844
1 60 0.339049802699
1 61 0.638348464617
1 62 0.620735218043
1 63 0.999803198495
1 64 0.909045226664
1 65 0.590492475803
1 66 0.227255443031
1 67 0.813531739107
1 68 0.874511447167
1 69 0.545794708566
1 70 0.784303351211
1 71 0.007928801014
1 72 0.822608812928
1 73 0.694194454656
1 74 0.681818330308
1 75 0.332918946827
1 76 0.038439750914
1 77 0.150991503978
1 78 0.327937040268
1 79 0.737383269625
1 80 0.368577987417
1 81 0.974477241191
1 82 0.179681783241
1 83 0.553860446549
1 84 0.033093490839
1 85 0.741008956088
1 86 0.473935195935
1 87 0.227900768917
1 88 0.749035409008
1 89 0.039494022060
1 90 0.233861942544
1 91 0.962979703763
1 92 0.168452445579
1 93 0.391127242285
1 94 0.405024135579
1 95 0.139176675507
1 96 0.685064553674
1 97 0.556371757543
1 98 0.785602094822
1 99 0.608263413353
2 0 0.041807742516
2 1 0.278617673614
2 2 0.824306007017
2 3 0.404637812623
2 4 0.243378696560
2 5 0.205701794937
2 6 0.453181026295
2 7 0.931220462903
2 8 0.414866570978
2 9 0.925339605157
2 10 0.315658175881
2 11 0.462026291679
2 12 0.535724070479
2 13 0.610373242231
2 14 0.999435171088
2 15 0.573682627444
2 16 0.560601342178
2 17 0.264028629618
2 18 0.583091968283
2 19 0.630178255309
2 20 0.789580181978
2 21 0.980678942866
2 22 0.903779785112
2 23 0.844678817704
2 24 0.870979213920
2 25 0.399704647339
2 26 0.635030705122
2 27 0.007641486097
2 28 0.916321026853
2 29 0.489204985060
2 30 0.303083489148
2 31 0.961014997732
2 32 0.728252464994
2 33 0.836301042528
2 34 0.626644151513
2 35 0.544261911603
2 36 0.096204491819
2 37 0.855011431041
2 38 0.846735171782
2 39 0.590509766035
2 40 0.740277780129
2 41 0.439796325090
2 42 0.896584967486
2 43 0.270524810852
2 44 0.920521564445
2 45 0.829491521412
2 46 0.851343529073
2 47 0.918901899399
2 48 0.757659413190
2 49 0.333269542185
2 50 0.845070830206
2 51 0.678483978623
2 52 0.414687517196
2 53 0.157227037163
2 54 0.805922325471
2 55 0.255494597388
2 56 0.980178744174
2 57 0.474964846595
2 58 0.974573131526
2 59 0.888497221855
2 60 0.649977837212
2 61 0.963983021557
2 62 0.514646031293
2 63 0.684994081984
2 64 0.334959348523
2 65 0.286231654333
2 66 0.757043787424
2 67 0.392410717159
2 68 0.544572198169
2 69 0.078139731607
2 70 0.768812550797
2 71 0.934322794459
2 72 0.750824136425
2 73 0.525929836524
2 74 0.368223999471
2 75 0.067432157229
2 76 0.766416796111
2 77 0.489448451245
2 78 0.546314297012
2 79 0.831584693783
2 80 0.271959998546
2 81 0.049274318947
2 82 0.823523890915
2 83 0.408630301741
2 84 0.540517736502
2 85 0.752535928672
2 86 0.094591872605
2 87 0.444762830615
2 88 0.812047601569
2 89 0.388609787196
2 90 0.560838122867
2 91 0.858501159441
2 92 0.946867160998
2 93 0.046967353685
2 94 0.320466632108
2 95 0.718698220047
2 96 0.253010952144
2 97 0.758671074934
2 98 0.595988567519
2 99 0.067799589642
3 0 0.684581819752
3 1 0.764871125950
3 2 0.273215482811
3 3 0.687598856416
3 4 0.152287170558
3 5 0.274846608166
3 6 0.339938684115
3 7 0.062939791092
3 8 0.807961133579
3 9 0.290902134179
3 10 0.203706756387
3 11 0.627662042417
3 12 0.684306423832
3 13 0.741156451364
3 14 0.704068134364
3 15 0.830117349928
3 16 0.807892252716
3 17 0.140002130051
3 18 0.068014539278
3 19 0.141253302255
3 20 0.895035455996
3 21 0.329073018877
3 22 0.178104017983
3 23 0.601416254572
3 24 0.216802275231
3 25 0.686578206970
3 26 0.529410696322
3 27 0.092419206769
3 28 0.960711809172
3 29 0.203539324137
3 30 0.572390282211
3 31 0.335566848704
3 32 0.046423144896
3 33 0.888590817754
3 34 0.896480074074
3 35 0.548220856639
3 36 0.101598369952
3 37 0.451443311233
3 38 0.627486125712
3 39 0.750540418417
3 40 0.480036962336
3 41 0.390031300289
3 42 0.775911074989
3 43 0.147341515977
3 44 0.476389999944
3 45 0.797377371464
3 46 0.529454955345
3 47 0.119655088311
3 48 0.952487627412
3 49 0.760992648300
3 50 0.579977218417
3 51 0.109251937539
3 52 0.526972979111
3 53 0.552658091357
3 54 0.088425851967
3 55 0.727431754023
3 56 0.634157149462
3 57 0.206876581747
3 58 0.046951843354
3 59 0.555744976558
3 60 0.779094805161
3 61 0.150574719602
3 62 0.647392352333
3 63 0.924960600647
3 64 0.552795141095
3 65 0.627149289649
3 66 0.060304282862
3 67 0.098143915332
3 68 0.959420257329
3 69 0.979088089206
3 70 0.365223371343
3 71 0.297541120755
3 72 0.661285933717
3 73 0.421843596831
3 74 0.393198047023
3 75 0.153167954236
3 76 0.729291515511
3 77 0.968857613537
3 78 0.418372135315
3 79 0.504257045673
3 80 0.830369930718
3 81 0.979243888225
3 82 0.501808577107
3 83 0.321465106757
3 84 0.211621046321
3 85 0.625836049816
3 86 0.404842217096
3 87 0.151110935309
3 88 0.935605086253
3 89 0.414486913431
3 90 0.753447414560
3 91 0.703485881846
3 92 0.303888054312
3 93 0.182103805206
3 94 0.723227265236
3 95 0.465586704693
3 96 0.401559332392
3 97 0.827033408868
3 98 0.295064328746
3 99 0.121472841023
4 0 0.189529305560
4 1 0.522336802773
4 2 0.313713841199
4 3 0.404297850900
4 4 0.840622706800
4 5 0.200291159789
4 6 0.459164107490
4 7 0.746476251221
4 8 0.914877129350
4 9 0.968291766831
4 10 0.172626815818
4 11 0.499812713643
4 12 0.263329573573
4 13 0.351057971662
4 14 0.431131257709
4 15 0.061300543332
4 16 0.357932300149
4 17 0.584055389730
4 18 0.828327180898
4 19 0.784048865895
4 20 0.890132092568
4 21 0.111703323647
4 22 0.016848814269
4 23 0.842167753022
4 24 0.297922925436
4 25 0.425636691494
4 26 0.964403218202
4 27 0.768976544174
4 28 0.241739411414
4 29 0.443824586638
4 30 0.140333208683
4 31 0.106598850879
4 32 0.726435798651
4 33 0.737618876516
4 34 0.528177152596
4 35 0.228784143163
4 36 0.005276216670
4 37 0.546544008896
4 38 0.008342272091
4 39 0.135665633431
4 40 0.650018481890
4 41 0.190934548907
4 42 0.138584412899
4 43 0.310539330723
4 44 0.997640594591
4 45 0.619207362502
4 46 0.925441081428
4 47 0.148889161352
4 48 0.564637813294
4 49 0.135944678869
4 50 0.425462163151
4 51 0.555707097051
4 52 0.369654853856
4 53 0.905050927455
4 54 0.213700544054
4 55 0.835556146238
4 56 0.219666264890
4 57 0.448426928976
4 58 0.505252443732
4 59 0.840139331328
4 60 0.097193915651
4 61 0.763454153989
4 62 0.027885038183
4 63 0.820828717213
4 64 0.685584488488
4 65 0.940628936413
4 66 0.167593572290
4 67 0.834200002465
4 68 0.260684086385
4 69 0.256763379905
4 70 0.372019204071
4 71 0.406957745262
4 72 0.855117669756
4 73 0.178221821889
4 74 0.407151396241
4 75 0.370939324879
4 76 0.511866295611
4 77 0.185465708379
4 78 0.399589518151
4 79 0.416460972316
4 80 0.010057580648
4 81 0.556841476885
4 82 0.234967321019
4 83 0.106475201630
4 84 0.235924384813
4 85 0.924262110045
4 86 0.333001935543
4 87 0.507474120114
4 88 0.936878012215
4 89 0.936276577737
4 90 0.448182716300
4 91 0.083657849716
4 92 0.243820600439
4 93 0.529960431695
4 94 0.772096506041
4 95 0.023538906498
4 96 0.166909003046
4 97 0.370399453794
4 98 0.656115132568
4 99 0.130642623027
5 0 0.290962079216
5 1 0.058020170227
5 2 0.586972736880
5 3 0.858546890951
5 4 0.475195993453
5 5 0.171080204310
5 6 0.976247661339
5 7 0.856332001169
5 8 0.535308652177
5 9 0.557395177383
5 10 0.466727640751
5 11 0.056673922137
5 12 0.525302052531
5 13 0.614882526392
5 14 0.920813556162
5 15 0.655084198168
5 16 0.555426779595
5 17 0.948302307416
5 18 0.778425240158
5 19 0.680226026226
5 20 0.637064112142
5 21 0.287491229526
5 22 0.621172745229
5 23 0.267148675157
5 24 0.702741378999
5 25 0.316513121439
5 26 0.554411822823
5 27 0.968941871064
5 28 0.853248752203
5 29 0.942276426505
5 30 0.863055601741
5 31 0.106874249944
5 32 0.838704142673
5 33 0.841434457672
5 34 0.892012839590
5 35 0.015190236942
5 36 0.589052888916
5 37 0.957848956852
5 38 0.644114074306
5 39 0.534542351731
5 40 0.535226299182
5 41 0.067040702812
5 42 0.561817647011
5 43 0.945619716846
5 44 0.620311564022
5 45 0.986428204565
5 46 0.600872102008
5 47 0.604641001803
5 48 0.476226423534
5 49 0.554536924377
5 50 0.321745539103
5 51 0.185831828950
5 52 0.125673572936
5 53 0.944519393877
5 54 0.705811791720
5 55 0.984363879771
5 56 0.664786556054
5 57 0.760987952229
5 58 0.878735819290
5 59 0.803012998040
5 60 0.114152215397
5 61 0.631449703742
5 62 0.048351000493
5 63 0.888700568184
5 64 0.433678420084
5 65 0.041828354368
5 66 0.813241855995
5 67 0.860064849785
5 68 0.528365985791
5 69 0.576855940766
5 70 0.721067505675
5 71 0.435479979225
5 72 0.003489150735
5 73 0.415398837475
5 74 0.010527792390
5 75 0.300475693339
5 76 0.639942749983
5 77 0.976426768596
5 78 0.573620149192
5 79 0.576921476019
5 80 0.213327992277
5 81 0.196748660216
5 82 0.560384117095
5 83 0.366042263181
5 84 0.950051791096
5 85 0.231040174673
5 86 0.220951815915
5 87 0.847157496932
5 88 0.127420040230
5 89 0.008413150661
5 90 0.308813635340
5 91 0.265858178022
5 92 0.879827009705
5 93 0.473752435597
5 94 0.895413862403
5 95 0.246725487377
5 96 0.298476473070
5 97 0.044645068969
5 98 0.323789718357
5 99 0.216830918065
6 0 0.855764762657
6 1 0.561775314317
6 2 0.126128372612
6 3 0.524615257982
6 4 0.178095313754
6 5 0.619111324644
6 6 0.557180091544
6 7 0.356211526970
6 8 0.570224903065
6 9 0.106595745697
6 10 0.318115970964
6 11 0.626748009916
6 12 0.806167757969
6 13 0.700161513559
6 14 0.507652657173
6 15 0.030327821887
6 16 0.913771311750
6 17 0.722560410483
6 18 0.775890119875
6 19 0.303714480366
6 20 0.704694515214
6 21 0.035489936254
6 22 0.245552297835
6 23 0.403855650901
6 24 0.940815075736
6 25 0.332815347090
6 26 0.319245506394
6 27 0.983166915370
6 28 0.601138695367
6 29 0.344433084104
6 30 0.412420212856
6 31 0.993393178290
6 32 0.958012007472
6 33 0.762158644455
6 34 0.425628385099
6 35 0.856950783439
6 36 0.140621585710
6 37 0.593080032634
6 38 0.389070534894
6 39 0.532288197973
6 40 0.461274473576
6 41 0.307972991434
6 42 0.635233923477
6 43 0.542055446209
6 44 0.467749928293
6 45 0.499047904432
6 46 0.089482847398
6 47 0.693032805704
6 48 0.008902761856
6 49 0.297000710780
6 50 0.466045061261
6 51 0.374591773229
6 52 0.463850150272
6 53 0.100097104032
6 54 0.368118843535
6 55 0.964765851571
6 56 0.593527631874
6 57 0.881361565389
6 58 0.969305271946
6 59 0.974789128845
6 60 0.675668432275
6 61 0.653029324900
6 62 0.422891673876
6 63 0.576472418722
6 64 0.850006870921
6 65 0.872963342465
6 66 0.375844966342
6 67 0.082828481295
6 68 0.734533848248
6 69 0.450688167829
6 70 0.114651800354
6 71 0.307145683181
6 72 0.111078370981
6 73 0.283342788365
6 74 0.180972393747
6 75 0.102065001863
6 76 0.513602281221
6 77 0.321970853978
6 78 0.776379828414
6 79 0.616670565173
6 80 0.790066213249
6 81 0.909726569392
6 82 0.990495563575
6 83 0.200260077700
6 84 0.382953148419
6 85 0.268751743164
6 86 0.886691560272
6 87 0.076082311701
6 88 0.786399914277
6 89 0.327447592596
6 90 0.158278774774
6 91 0.060280423719
6 92 0.307849624563
6 93 0.436469245229
6 94 0.434179951202
6 95 0.199316999999
6 96 0.377934730058
6 97 0.364616213531
6 98 0.132858474094
6 99 0.089600352229
7 0 0.574872926656
7 1 0.064233571020
7 2 0.408525857276
7 3 0.333229626556
7 4 0.877555496144
7 5 0.283246901802
7 6 0.437629397260
7 7 0.746850051946
7 8 0.148128808152
7 9 0.752480700218
7 10 0.727686833695
7 11 0.995154213700
7 12 0.400104959751
7 13 0.119100542138
7 14 0.092426322841
7 15 0.291164340438
7 16 0.327460441528
7 17 0.621086658632
7 18 0.977182849830
7 19 0.921296694369
7 20 0.569408712758
7 21 0.441419582757
7 22 0.080393540553
7 23 0.046384625684
7 24 0.136991703042
7 25 0.672283885327
7 26 0.107135610675
7 27 0.245631151809
7 28 0.419762973189
7 29 0.103651801782
7 30 0.013904022665
7 31 0.953179868190
7 32 0.548397893835
7 33 0.267258106822
7 34 0.336713762185
7 35 0.173007692674
7 36 0.488120870294
7 37 0.214758428131
7 38 0.720842253972
7 39 0.693954214296
7 40 0.715399269619
7 41 0.592008943002
7 42 0.950053619849
7 43 0.274986863330
7 44 0.035953587795
7 45 0.343816871790
7 46 0.528303683897
7 47 0.086004001906
7 48 0.734688107012
7 49 0.466347388276
7 50 0.838251710384
7 51 0.875832741490
7 52 0.186092675965
7 53 0.312780885028
7 54 0.873018120683
7 55 0.625727163471
7 56 0.028085168238
7 57 0.598719412164
7 58 0.308461451446
7 59 0.016096980494
7 60 0.376689560196
7 61 0.918368065521
7 62 0.030769669068
7 63 0.624650957577
7 64 0.401084850439
7 65 0.310597217908
7 66 0.098979678577
7 67 0.993512685180
7 68 0.875403930705
7 69 0.698924664690
7 70 0.950731444045
7 71 0.007136964643
7 72 0.557289757309
7 73 0.543464766194
7 74 0.059530974078
7 75 0.389950959293
7 76 0.586806955891
7 77 0.605481365595
7 78 0.043040147676
7 79 0.339514610821
7 80 0.211704162746
7 81 0.364007730527
7 82 0.526807330512
7 83 0.575811503563
7 84 0.977750855559
7 85 0.279801952928
7 86 0.637439493791
7 87 0.699538801354
7 88 0.944968052536
7 89 0.128940791455
7 90 0.533994543589
7 91 0.551852493904
7 92 0.050133964628
7 93 0.639588080853
7 94 0.051352262333
7 95 0.116239600766
7 96 0.783666660195
7 97 0.491726152941
7 98 0.635243626732
7 99 0.793578768376
8 0 0.508725330140
8 1 0.943841843273
8 2 0.642556084267
8 3 0.447565062558
8 4 0.482648079168
8 5 0.762347738108
8 6 0.508623432517
8 7 0.413234129738
8 8 0.580225331782
8 9 0.740430051421
8 10 0.897141947385
8 11 0.834034146586
8 12 0.075710391449
8 13 0.398039535786
8 14 0.720592943730
8 15 0.748436486031
8 16 0.993734506831
8 17 0.661032690793
8 18 0.843179593789
8 19 0.376388071672
8 20 0.436680480957
8 21 0.209959272987
8 22 0.301422373801
8 23 0.021075907256
8 24 0.369217955790
8 25 0.625529012275
8 26 0.025485935897
8 27 0.422906301011
8 28 0.372618184280
8 29 0.481472532449
8 30 0.548960549444
8 31 0.659174013754
8 32 0.644343515007
8 33 0.249234913215
8 34 0.838029014129
8 35 0.528719497346
8 36 0.291279892931
8 37 0.843824818733
8 38 0.185792599575
8 39 0.914694681275
8 40 0.177243440733
8 41 0.770407693783
8 42 0.101628953038
8 43 0.786909514804
8 44 0.817753171195
8 45 0.447594849931
8 46 0.818800011049
8 47 0.320041975785
8 48 0.250728003919
8 49 0.297052118318
8 50 0.500185505380
8 51 0.257559084178
8 52 0.035042863821
8 53 0.625314885026
8 54 0.179985444779
8 55 0.699906309043
8 56 0.065003878911
8 57 0.968889740670
8 58 0.641140700736
8 59 0.792391145115
8 60 0.028430280830
8 61 0.941023185351
8 62 0.918525733923
8 63 0.456779110861
8 64 0.170769781893
8 65 0.224558690765
8 66 0.644490033166
8 67 0.393136277431
8 68 0.043928087524
8 69 0.130545898514
8 70 0.514313738550
8 71 0.116517488396
8 72 0.604148023329
8 73 0.285023565944
8 74 0.589691065821
8 75 0.222458531641
8 76 0.034131431929
8 77 0.007650487658
8 78 0.489412234045
8 79 0.728883623724
8 80 0.989190164191
8 81 0.948092069411
8 82 0.754680169473
8 83 0.616981158856
8 84 0.000507447849
8 85 0.626695926686
8 86 0.201647087833
8 87 0.753906271931
8 88 0.628557903157
8 89 0.186608933412
8 90 0.144120300068
8 91 0.400600560598
8 92 0.388287183061
8 93 0.268889851496
8 94 0.635530912564
8 95 0.471858806277
8 96 0.146419625527
8 97 0.936225113727
8 98 0.348978218266
8 99 0.622132029521
9 0 0.719971746717
9 1 0.421767805291
9 2 0.539340770647
9 3 0.691186569726
9 4 0.985211663068
9 5 0.297307564619
9 6 0.106228900561
9 7 0.451022016170
9 8 0.536737293897
9 9 0.313171263443
9 10 0.611343014099
9 11 0.000762068921
9 12 0.283859951367
9 13 0.963010042462
9 14 0.722267292233
9 15 0.965980880088
9 16 0.794067756934
9 17 0.296139442197
9 18 0.815480956187
9 19 0.774752826221
9 20 0.548181513638
9 21 0.254373480667
9 22 0.042492744098
9 23 0.821416241235
9 24 0.192580724875
9 25 0.512987388702
9 26 0.690745835600
9 27 0.580350898300
9 28 0.383883144157
9 29 0.149238958920
9 30 0.187384854278
9 31 0.255491336574
9 32 0.803662390089
9 33 0.694725479639
9 34 0.379721978288
9 35 0.853034414126
9 36 0.282925016719
9 37 0.953078421740
9 38 0.719234009407
9 39 0.175757663512
9 40 0.261632743179
9 41 0.012386317129
9 42 0.096737774880
9 43 0.929068519409
9 44 0.111560016198
9 45 0.489180331030
9 46 0.832153835066
9 47 0.148397084505
9 48 0.671553095850
9 49 0.787950352000
9 50 0.410153430787
9 51 0.662313421468
9 52 0.909129922536
9 53 0.399683866975
9 54 0.328250123902
9 55 0.821350256291
9 56 0.313526094567
9 57 0.207558561463
9 58 0.231862501226
9 59 0.474677282638
9 60 0.442725469764
9 61 0.768636787189
9 62 0.417242387316
9 63 0.727530178601
9 64 0.076975247662
9 65 0.323724524907
9 66 0.634077075941
9 67 0.480019534977
9 68 0.378023163899
9 69 0.376795788363
9 70 0.465856541824
9 71 0.587115251157
9 72 0.050511502138
9 73 0.407773423404
9 74 0.967503598087
9 75 0.594186622167
9 76 0.074828682821
9 77 0.782703499270
9 78 0.888136055680
9 79 0.663593738446
9 80 0.886631484214
9 81 0.468931229254
9 82 0.608522257446
9 83 0.422713719042
9 84 0.517162416357
9 85 0.531028624636
9 86 0.279870910568
9 87 0.642744126239
9 88 0.102155853571
9 89 0.456915305537
9 90 0.096951150205
9 91 0.280672572606
9 92 0.721449151396
9 93 0.831628190607
9 94 0.112213913251
9 95 0.865626604138
9 96 0.887589536296
9 97 0.209430029372
9 98 0.455031024757
9 99 0.889283487620
0 0 11
0 1 11
0 2 8
0 3 10
0 4 6
0 5 4
0 6 5
0 7 10
0 8 12
0 9 4
0 10 9
0 11 9
0 12 4
0 13 9
0 14 10
0 15 6
0 16 10
0 17 10
0 18 12
0 19 9
0 20 8
0 21 11
0 22 8
0 23 8
0 24 12
0 25 6
0 26 10
0 27 8
0 28 5
0 29 11
0 30 11
0 31 10
0 32 8
0 33 10
0 34 10
0 35 11
0 36 10
0 37 10
0 38 4
0 39 11
0 40 6
0 41 10
0 42 7
0 43 10
0 44 4
0 45 5
0 46 7
0 47 11
0 48 8
0 49 10
0 50 6
0 51 5
0 52 8
0 53 9
0 54 7
0 55 10
0 56 10
0 57 10
0 58 10
0 59 4
0 60 5
0 61 9
0 62 10
0 63 11
0 64 11
0 65 7
0 66 12
0 67 6
0 68 5
0 69 7
0 70 4
0 71 11
0 72 12
0 73 10
0 74 6
0 75 6
0 76 4
0 77 4
0 78 10
0 79 10
0 80 5
0 81 12
0 82 9
0 83 11
0 84 10
0 85 9
0 86 11
0 87 8
0 88 11
0 89 6
0 90 6
0 91 5
0 92 9
0 93 5
0 94 10
0 95 7
0 96 10
0 97 8
0 98 9
0 99 11
1 0 12
1 1 10
1 2 10
1 3 11
1 4 5
1 5 5
1 6 4
1 7 9
1 8 11
1 9 5
1 10 10
1 11 9
1 12 4
1 13 9
1 14 10
1 15 5
1 16 9
1 17 10
1 18 12
1 19 10
1 20 8
1 21 10
1 22 7
1 23 9
1 24 11
1 25 6
1 26 9
1 27 8
1 28 5
1 29 12
1 30 11
1 31 11
1 32 8
1 33 12
1 34 8
1 35 10
1 36 9
1 37 9
1 38 4
1 39 9
1 40 6
1 41 10
1 42 5
1 43 11
1 44 4
1 45 7
1 46 5
1 47 9
1 48 8
1 49 10
1 50 6
1 51 6
1 52 8
1 53 8
1 54 5
1 55 10
1 56 8
1 57 9
1 58 11
1 59 4
1 60 6
1 61 9
1 62 10
1 63 10
1 64 10
1 65 7
1 66 12
1 67 8
1 68 5
1 69 6
1 70 6
1 71 11
1 72 11
1 73 10
1 74 4
1 75 4
1 76 4
1 77 4
1 78 10
1 79 9
1 80 5
1 81 12
1 82 10
1 83 10
1 84 10
1 85 9
1 86 9
1 87 8
1 88 12
1 89 7
1 90 7
1 91 5
1 92 7
1 93 7
1 94 8
1 95 6
1 96 9
1 97 8
1 98 10
1 99 11
2 0 9
2 1 11
2 2 8
2 3 8
2 4 4
2 5 3
2 6 3
2 7 8
2 8 9
2 9 5
2 10 9
2 11 9
2 12 5
2 13 10
2 14 9
2 15 3
2 16 8
2 17 10
2 18 9
2 19 8
2 20 7
2 21 9
2 22 6
2 23 7
2 24 11
2 25 3
2 26 9
2 27 7
2 28 5
2 29 9
2 30 10
2 31 10
2 32 8
2 33 11
2 34 8
2 35 11
2 36 9
2 37 10
2 38 4
2 39 9
2 40 4
2 41 8
2 42 6
2 43 11
2 44 3
2 45 6
2 46 6
2 47 9
2 48 6
2 49 10
2 50 4
2 51 5
2 52 8
2 53 7
2 54 6
2 55 9
2 56 7
2 57 10
2 58 9
2 59 4
2 60 3
2 61 8
2 62 8
2 63 10
2 64 11
2 65 5
2 66 9
2 67 5
2 68 5
2 69 5
2 70 4
2 71 10
2 72 11
2 73 7
2 74 5
2 75 5
2 76 5
2 77 5
2 78 7
2 79 9
2 80 6
2 81 11
2 82 9
2 83 10
2 84 7
2 85 6
2 86 8
2 87 9
2 88 11
2 89 4
2 90 5
2 91 5
2 92 6
2 93 6
2 94 9
2 95 4
2 96 9
2 97 6
2 98 9
2 99 9
3 0 10
3 1 11
3 2 10
3 3 10
3 4 5
3 5 6
3 6 6
3 7 10
3 8 11
3 9 5
3 10 10
3 11 10
3 12 4
3 13 9
3 14 10
3 15 5
3 16 11
3 17 10
3 18 12
3 19 9
3 20 9
3 21 11
3 22 8
3 23 9
3 24 10
3 25 4
3 26 8
3 27 9
3 28 6
3 29 10
3 30 9
3 31 9
3 32 8
3 33 10
3 34 10
3 35 10
3 36 8
3 37 10
3 38 6
3 39 9
3 40 6
3 41 10
3 42 5
3 43 10
3 44 5
3 45 5
3 46 6
3 47 10
3 48 8
3 49 9
3 50 4
3 51 6
3 52 8
3 53 9
3 54 7
3 55 9
3 56 9
3 57 11
3 58 11
3 59 6
3 60 4
3 61 10
3 62 9
3 63 10
3 64 10
3 65 5
3 66 10
3 67 7
3 68 6
3 69 8
3 70 6
3 71 10
3 72 11
3 73 9
3 74 4
3 75 6
3 76 4
3 77 5
3 78 9
3 79 8
3 80 5
3 81 10
3 82 10
3 83 10
3 84 9
3 85 9
3 86 10
3 87 10
3 88 12
3 89 5
3 90 5
3 91 4
3 92 7
3 93 6
3 94 10
3 95 5
3 96 11
3 97 7
3 98 9
3 99 12
4 0 11
4 1 12
4 2 9
4 3 10
4 4 7
4 5 5
4 6 6
4 7 11
4 8 13
4 9 7
4 10 11
4 11 12
4 12 6
4 13 12
4 14 13
4 15 5
4 16 12
4 17 12
4 18 12
4 19 11
4 20 9
4 21 13
4 22 7
4 23 11
4 24 12
4 25 5
4 26 11
4 27 11
4 28 7
4 29 12
4 30 11
4 31 10
4 32 9
4 33 13
4 34 10
4 35 12
4 36 9
4 37 10
4 38 7
4 39 11
4 40 6
4 41 12
4 42 8
4 43 11
4 44 6
4 45 8
4 46 7
4 47 12
4 48 9
4 49 12
4 50 5
4 51 6
4 52 10
4 53 10
4 54 8
4 55 12
4 56 9
4 57 10
4 58 13
4 59 6
4 60 7
4 61 12
4 62 12
4 63 12
4 64 13
4 65 7
4 66 13
4 67 9
4 68 6
4 69 7
4 70 7
4 71 11
4 72 11
4 73 9
4 74 6
4 75 5
4 76 6
4 77 5
4 78 10
4 79 11
4 80 7
4 81 13
4 82 10
4 83 12
4 84 11
4 85 8
4 86 12
4 87 11
4 88 11
4 89 7
4 90 8
4 91 7
4 92 10
4 93 7
4 94 9
4 95 7
4 96 12
4 97 8
4 98 10
4 99 11
5 0 11
5 1 11
5 2 11
5 3 10
5 4 6
5 5 7
5 6 5
5 7 9
5 8 12
5 9 5
5 10 12
5 11 10
5 12 5
5 13 10
5 14 12
5 15 5
5 16 12
5 17 13
5 18 12
5 19 9
5 20 10
5 21 13
5 22 9
5 23 10
5 24 11
5 25 7
5 26 11
5 27 11
5 28 5
5 29 12
5 30 12
5 31 12
5 32 11
5 33 13
5 34 11
5 35 13
5 36 10
5 37 10
5 38 5
5 39 10
5 40 6
5 41 11
5 42 6
5 43 12
5 44 7
5 45 7
5 46 7
5 47 12
5 48 7
5 49 12
5 50 6
5 51 7
5 52 9
5 53 11
5 54 8
5 55 12
5 56 10
5 57 10
5 58 12
5 59 7
5 60 6
5 61 10
5 62 10
5 63 11
5 64 11
5 65 7
5 66 11
5 67 7
5 68 6
5 69 9
5 70 5
5 71 11
5 72 13
5 73 10
5 74 7
5 75 7
5 76 5
5 77 6
5 78 11
5 79 11
5 80 7
5 81 13
5 82 9
5 83 12
5 84 9
5 85 10
5 86 12
5 87 10
5 88 11
5 89 8
5 90 6
5 91 5
5 92 10
5 93 7
5 94 11
5 95 6
5 96 12
5 97 9
5 98 11
5 99 13
6 0 14
6 1 12
6 2 10
6 3 11
6 4 7
6 5 8
6 6 7
6 7 11
6 8 12
6 9 8
6 10 11
6 11 11
6 12 6
6 13 12
6 14 14
6 15 8
6 16 13
6 17 12
6 18 12
6 19 11
6 20 9
6 21 14
6 22 8
6 23 12
6 24 14
6 25 6
6 26 10
6 27 11
6 28 6
6 29 14
6 30 11
6 31 11
6 32 12
6 33 14
6 34 12
6 35 14
6 36 10
6 37 11
6 38 8
6 39 11
6 40 6
6 41 12
6 42 9
6 43 14
6 44 6
6 45 8
6 46 8
6 47 12
6 48 8
6 49 13
6 50 7
6 51 7
6 52 11
6 53 12
6 54 9
6 55 11
6 56 11
6 57 11
6 58 13
6 59 7
6 60 6
6 61 11
6 62 12
6 63 12
6 64 12
6 65 9
6 66 13
6 67 9
6 68 9
6 69 9
6 70 7
6 71 13
6 72 14
6 73 12
6 74 8
6 75 6
6 76 7
6 77 7
6 78 12
6 79 12
6 80 9
6 81 12
6 82 11
6 83 12
6 84 11
6 85 11
6 86 13
6 87 10
6 88 13
6 89 7
6 90 8
6 91 6
6 92 9
6 93 8
6 94 12
6 95 8
6 96 13
6 97 10
6 98 13
6 99 12
7 0 10
7 1 11
7 2 9
7 3 10
7 4 6
7 5 6
7 6 4
7 7 10
7 8 10
7 9 5
7 10 11
7 11 11
7 12 6
7 13 11
7 14 12
7 15 6
7 16 10
7 17 10
7 18 12
7 19 9
7 20 7
7 21 12
7 22 6
7 23 10
7 24 11
7 25 6
7 26 10
7 27 8
7 28 6
7 29 12
7 30 9
7 31 9
7 32 9
7 33 12
7 34 8
7 35 10
7 36 9
7 37 11
7 38 6
7 39 10
7 40 4
7 41 10
7 42 6
7 43 11
7 44 4
7 45 5
7 46 6
7 47 11
7 48 7
7 49 9
7 50 6
7 51 5
7 52 8
7 53 10
7 54 6
7 55 11
7 56 10
7 57 9
7 58 12
7 59 6
7 60 5
7 61 9
7 62 10
7 63 9
7 64 11
7 65 6
7 66 10
7 67 6
7 68 6
7 69 7
7 70 4
7 71 9
7 72 11
7 73 9
7 74 4
7 75 5
7 76 6
7 77 6
7 78 9
7 79 10
7 80 7
7 81 11
7 82 8
7 83 10
7 84 9
7 85 7
7 86 11
7 87 10
7 88 12
7 89 6
7 90 6
7 91 4
7 92 8
7 93 6
7 94 8
7 95 6
7 96 9
7 97 7
7 98 10
7 99 10
8 0 12
8 1 12
8 2 9
8 3 10
8 4 4
8 5 4
8 6 4
8 7 10
8 8 11
8 9 4
8 10 9
8 11 9
8 12 5
8 13 10
8 14 10
8 15 6
8 16 10
8 17 11
8 18 10
8 19 10
8 20 8
8 21 11
8 22 6
8 23 8
8 24 12
8 25 6
8 26 10
8 27 10
8 28 6
8 29 11
8 30 9
8 31 11
8 32 8
8 33 11
8 34 10
8 35 10
8 36 10
8 37 10
8 38 4
8 39 10
8 40 4
8 41 9
8 42 7
8 43 11
8 44 6
8 45 5
8 46 6
8 47 9
8 48 7
8 49 10
8 50 6
8 51 7
8 52 10
8 53 8
8 54 6
8 55 9
8 56 8
8 57 11
8 58 12
8 59 4
8 60 4
8 61 9
8 62 11
8 63 10
8 64 10
8 65 7
8 66 11
8 67 8
8 68 6
8 69 8
8 70 5
8 71 9
8 72 11
8 73 10
8 74 5
8 75 6
8 76 4
8 77 6
8 78 10
8 79 10
8 80 6
8 81 12
8 82 9
8 83 10
8 84 9
8 85 7
8 86 11
8 87 9
8 88 10
8 89 5
8 90 6
8 91 5
8 92 7
8 93 5
8 94 8
8 95 6
8 96 10
8 97 6
8 98 10
8 99 11
9 0 14
9 1 13
9 2 12
9 3 11
9 4 6
9 5 8
9 6 7
9 7 11
9 8 14
9 9 6
9 10 13
9 11 13
9 12 7
9 13 13
9 14 12
9 15 7
9 16 12
9 17 13
9 18 14
9 19 11
9 20 11
9 21 14
9 22 10
9 23 12
9 24 14
9 25 8
9 26 11
9 27 12
9 28 8
9 29 14
9 30 13
9 31 11
9 32 10
9 33 13
9 34 10
9 35 12
9 36 12
9 37 11
9 38 8
9 39 13
9 40 8
9 41 12
9 42 8
9 43 13
9 44 8
9 45 8
9 46 8
9 47 11
9 48 8
9 49 12
9 50 6
9 51 8
9 52 10
9 53 12
9 54 7
9 55 12
9 56 11
9 57 11
9 58 14
9 59 8
9 60 6
9 61 13
9 62 11
9 63 11
9 64 12
9 65 9
9 66 12
9 67 10
9 68 9
9 69 10
9 70 6
9 71 13
9 72 14
9 73 11
9 74 7
9 75 7
9 76 7
9 77 7
9 78 12
9 79 11
9 80 9
9 81 12
9 82 12
9 83 12
9 84 11
9 85 10
9 86 11
9 87 12
9 88 13
9 89 7
9 90 9
9 91 7
9 92 10
9 93 7
9 94 12
9 95 7
9 96 13
9 97 9
9 98 12
9 99 12
