10 100 10 7 10.0 3.0 1.0 95
3 66 3
7 54 7
9 105 9
3 129 9
6 46 6
5 119 7
6 30 8
4 93 5
8 131 5
1 58 3
1 93 7
8 86 9
3 8 7
5 160 8
3 36 8
0 53 6
0 19 7
0 3 8
1 104 8
9 105 3
4 132 7
1 20 6
0 33 8
9 188 4
6 116 4
6 46 3
5 57 3
7 141 7
7 17 3
3 44 9
0 86 6
1 72 9
8 170 3
8 21 7
7 204 3
5 134 8
4 80 3
1 83 6
6 132 7
6 94 7
4 85 5
8 128 5
6 94 3
2 97 7
7 52 9
2 39 3
8 9 3
4 47 9
2 39 7
2 37 5
2 4 6
8 63 7
5 46 9
2 81 3
9 70 7
2 19 8
2 119 7
8 54 8
7 113 5
5 112 4
4 60 8
9 58 4
8 98 9
3 114 8
3 99 9
9 115 8
4 153 9
7 46 8
1 98 9
9 225 8
6 70 9
3 21 3
4 70 9
8 21 9
7 121 7
2 29 9
5 172 6
1 85 7
2 1 7
0 2 8
6 46 8
0 14 8
9 180 3
5 152 8
4 87 9
3 10 4
1 94 8
5 2 3
0 3 7
9 30 9
3 81 6
7 128 4
9 245 9
5 33 8
0 57 3
7 87 7
0 88 3
6 16 8
4 132 3
1 94 3
0 0 0.942931557534
0 1 0.695094564921
0 2 0.224671422674
0 3 0.704432263361
0 4 0.017187338843
0 5 0.508918287766
0 6 0.030900222121
0 7 0.164773530080
0 8 0.382239377129
0 9 0.968135672609
0 10 0.166904283608
0 11 0.337879407761
0 12 0.930605321802
0 13 0.486809380887
0 14 0.869683831742
0 15 0.734096053337
0 16 0.880482134965
0 17 0.189665056178
0 18 0.954604026572
0 19 0.142786830836
0 20 0.989005944602
0 21 0.593003052586
0 22 0.827322691722
0 23 0.752071743218
0 24 0.604645519369
0 25 0.713265625969
0 26 0.358622946413
0 27 0.684016050722
0 28 0.575495957084
0 29 0.162723311929
0 30 0.718040518767
0 31 0.410744331606
0 32 0.031006954704
0 33 0.075269688132
0 34 0.195299328691
0 35 0.083221484931
0 36 0.035652300888
0 37 0.041292457658
0 38 0.938929173678
0 39 0.034953229726
0 40 0.752421237965
0 41 0.412741511555
0 42 0.597905214404
0 43 0.466538246249
0 44 0.667401177907
0 45 0.192626324009
0 46 0.857978679601
0 47 0.217586147030
0 48 0.567900473372
0 49 0.186599039698
0 50 0.242606091681
0 51 0.273422851713
0 52 0.363023634292
0 53 0.788228745383
0 54 0.812413536387
0 55 0.976586626491
0 56 0.778018974631
0 57 0.134530777075
0 58 0.118044305664
0 59 0.455800763093
0 60 0.352835171544
0 61 0.278463349791
0 62 0.400613316673
0 63 0.149064983886
0 64 0.205786345353
0 65 0.826490039516
0 66 0.089673638211
0 67 0.592321688394
0 68 0.080366544507
0 69 0.635425570205
0 70 0.455706576991
0 71 0.420543886040
0 72 0.377342139894
0 73 0.326913840634
0 74 0.038961790168
0 75 0.668692954838
0 76 0.016240231239
0 77 0.437295623729
0 78 0.319350842539
0 79 0.463416450322
0 80 0.456502032519
0 81 0.911118357822
0 82 0.001761551672
0 83 0.505554352995
0 84 0.499913709684
0 85 0.898926348543
0 86 0.924423774995
0 87 0.100535436823
0 88 0.277043011687
0 89 0.268353415136
0 90 0.735780010847
0 91 0.016794312162
0 92 0.837623078666
0 93 0.901097997708
0 94 0.291592850299
0 95 0.056471497319
0 96 0.067595685544
0 97 0.665244205729
0 98 0.477662650501
0 99 0.610668849558
1 0 0.518714915348
1 1 0.877541798405
1 2 0.219394074464
1 3 0.074232370427
1 4 0.542682881117
1 5 0.712336559992
1 6 0.728147413368
1 7 0.340625551943
1 8 0.374982553602
1 9 0.575881546029
1 10 0.647999299279
1 11 0.384878400453
1 12 0.631542359219
1 13 0.402683098634
1 14 0.297872288264
1 15 0.703535033021
1 16 0.679983373013
1 17 0.486409251948
1 18 0.329247452862
1 19 0.205954933416
1 20 0.690210135596
1 21 0.735658594305
1 22 0.529311633601
1 23 0.625294336042
1 24 0.446974878265
1 25 0.150548835458
1 26 0.720280889224
1 27 0.762948783513
1 28 0.321308093627
1 29 0.773749936889
1 30 0.915331806761
1 31 0.526121161318
1 32 0.812885242633
1 33 0.587965740230
1 34 0.498552678372
1 35 0.796439137543
1 36 0.198492221961
1 37 0.018711220770
1 38 0.549486588688
1 39 0.318877845666
1 40 0.631379369181
1 41 0.214420965436
1 42 0.380171866685
1 43 0.905313316792
1 44 0.318110854141
1 45 0.500948970326
1 46 0.569808336069
1 47 0.966648316865
1 48 0.036702140515
1 49 0.570053178679
1 50 0.201080587694
1 51 0.176060563107
1 52 0.191805007129
1 53 0.627616214893
1 54 0.521991321824
1 55 0.844860476365
1 56 0.639251718888
1 57 0.468240816311
1 58 0.182543975280
1 59 0.199123780646
1 60 0.686998177902
1 61 0.725455623508
1 62 0.564339344850
1 63 0.802130381946
1 64 0.089669708372
1 65 0.622254551588
1 66 0.611221376670
1 67 0.338467770505
1 68 0.377370417819
1 69 0.853670678681
1 70 0.722991226361
1 71 0.774879404746
1 72 0.110336419994
1 73 0.779564494421
1 74 0.669828029677
1 75 0.767675972264
1 76 0.343656154833
1 77 0.378922117645
1 78 0.150134870339
1 79 0.051489464626
1 80 0.924922922187
1 81 0.153003268848
1 82 0.747710690387
1 83 0.746161736828
1 84 0.370785714262
1 85 0.572578338518
1 86 0.350446562939
1 87 0.862492434235
1 88 0.840885129783
1 89 0.211674375123
1 90 0.765597103450
1 91 0.788247960887
1 92 0.475036628473
1 93 0.938841223400
1 94 0.398462335447
1 95 0.971370625875
1 96 0.740421735879
1 97 0.978167701765
1 98 0.232996249164
1 99 0.255236396930
2 0 0.785417529059
2 1 0.892160993405
2 2 0.426930824938
2 3 0.912286989672
2 4 0.288306217608
2 5 0.026072179217
2 6 0.891125202946
2 7 0.263202407553
2 8 0.456618162811
2 9 0.245047572755
2 10 0.361380673820
2 11 0.974100585239
2 12 0.744257543814
2 13 0.671337862371
2 14 0.971026060018
2 15 0.101655990475
2 16 0.130034996658
2 17 0.271839133318
2 18 0.276843623819
2 19 0.412359894590
2 20 0.860468550820
2 21 0.958343887989
2 22 0.081526774968
2 23 0.713255609924
2 24 0.340523994710
2 25 0.393757557605
2 26 0.224717869082
2 27 0.593969576680
2 28 0.929725656203
2 29 0.508376542037
2 30 0.657817721388
2 31 0.998479462207
2 32 0.166537042560
2 33 0.111933143602
2 34 0.006551060684
2 35 0.947121254626
2 36 0.549812117342
2 37 0.136420805945
2 38 0.645540856968
2 39 0.490853327929
2 40 0.690224285918
2 41 0.478634094829
2 42 0.999736318668
2 43 0.439318926804
2 44 0.852642344723
2 45 0.775519839266
2 46 0.777474168106
2 47 0.800606724712
2 48 0.717566590799
2 49 0.431467731460
2 50 0.405444598096
2 51 0.499394389697
2 52 0.930893989069
2 53 0.550389174527
2 54 0.250074700649
2 55 0.693792087490
2 56 0.320621296153
2 57 0.491816227795
2 58 0.888153216419
2 59 0.218278040432
2 60 0.328252629632
2 61 0.372446632324
2 62 0.317529197597
2 63 0.722201129802
2 64 0.723600746795
2 65 0.936398783794
2 66 0.488676883804
2 67 0.943787616866
2 68 0.701211671078
2 69 0.502086238119
2 70 0.074515065179
2 71 0.089032669227
2 72 0.140886693082
2 73 0.667684719558
2 74 0.026640171723
2 75 0.604810878103
2 76 0.510514843423
2 77 0.531842471371
2 78 0.087242695492
2 79 0.779640666606
2 80 0.133371549660
2 81 0.054756812620
2 82 0.352862105308
2 83 0.652527872801
2 84 0.635090829111
2 85 0.807745457655
2 86 0.725000429541
2 87 0.401615215160
2 88 0.121478799656
2 89 0.923485694006
2 90 0.270299598954
2 91 0.146916226784
2 92 0.975831895119
2 93 0.606417368956
2 94 0.093227492701
2 95 0.737005370619
2 96 0.129916125329
2 97 0.944644552739
2 98 0.104304256072
2 99 0.311255725878
3 0 0.492215330547
3 1 0.330850275144
3 2 0.868337099124
3 3 0.429307730031
3 4 0.574297882157
3 5 0.497272816955
3 6 0.296937587428
3 7 0.599752570400
3 8 0.819155735154
3 9 0.416423332750
3 10 0.129315995392
3 11 0.571285694219
3 12 0.055715328060
3 13 0.609558810210
3 14 0.502124662127
3 15 0.048483595326
3 16 0.122162471886
3 17 0.820691043315
3 18 0.741170537786
3 19 0.404126356135
3 20 0.700902509988
3 21 0.890368558334
3 22 0.999362651008
3 23 0.800306940200
3 24 0.515595853206
3 25 0.376136575190
3 26 0.977718134369
3 27 0.140110507056
3 28 0.728658518592
3 29 0.172425510935
3 30 0.266284605453
3 31 0.614690118523
3 32 0.176893494731
3 33 0.619301100365
3 34 0.895965820967
3 35 0.800346821630
3 36 0.569451901323
3 37 0.600778103485
3 38 0.363753210854
3 39 0.770676405817
3 40 0.116829517297
3 41 0.717446591375
3 42 0.196537622091
3 43 0.139746127789
3 44 0.673080798303
3 45 0.060152918157
3 46 0.896301100487
3 47 0.236657269633
3 48 0.718884497688
3 49 0.337820101342
3 50 0.798251769277
3 51 0.234761537397
3 52 0.514024205154
3 53 0.848395815022
3 54 0.812438366045
3 55 0.256501880482
3 56 0.510352339358
3 57 0.748520976082
3 58 0.719331237116
3 59 0.150287488215
3 60 0.066610336254
3 61 0.727112395827
3 62 0.240743828660
3 63 0.209629956170
3 64 0.848445055903
3 65 0.856048490355
3 66 0.937875890871
3 67 0.702725389349
3 68 0.195473217369
3 69 0.239767564241
3 70 0.350560682238
3 71 0.972975125874
3 72 0.541163806772
3 73 0.705473840889
3 74 0.837546052060
3 75 0.422414556745
3 76 0.581493541482
3 77 0.677150498135
3 78 0.323745042195
3 79 0.687238782256
3 80 0.465090835143
3 81 0.218042807272
3 82 0.386929389670
3 83 0.925412791090
3 84 0.604105159513
3 85 0.123359405796
3 86 0.070529377073
3 87 0.682789246459
3 88 0.064105203862
3 89 0.248208030653
3 90 0.950950670743
3 91 0.297527003116
3 92 0.453323456504
3 93 0.993294301668
3 94 0.668722475024
3 95 0.304438510950
3 96 0.270671552260
3 97 0.087385324760
3 98 0.806157576475
3 99 0.310441245275
4 0 0.737864720647
4 1 0.373902288815
4 2 0.291719618539
4 3 0.154714927810
4 4 0.053188780940
4 5 0.793173535039
4 6 0.596980483450
4 7 0.401162688522
4 8 0.096204577449
4 9 0.584816087424
4 10 0.351250431801
4 11 0.517221798379
4 12 0.908814600989
4 13 0.199785937170
4 14 0.684113548875
4 15 0.991607898536
4 16 0.868425822267
4 17 0.996717503337
4 18 0.456793037425
4 19 0.980497936616
4 20 0.779936312212
4 21 0.093224540980
4 22 0.854660269749
4 23 0.656324537773
4 24 0.447838722827
4 25 0.711430799063
4 26 0.234616029419
4 27 0.886131498312
4 28 0.633686721006
4 29 0.233069630748
4 30 0.091730387829
4 31 0.013448443980
4 32 0.477502778653
4 33 0.014974190691
4 34 0.280723754555
4 35 0.406626070375
4 36 0.160555686912
4 37 0.023382505474
4 38 0.304181556256
4 39 0.210074752653
4 40 0.769074857652
4 41 0.803265728174
4 42 0.620077054582
4 43 0.611521504103
4 44 0.301124204675
4 45 0.907043254713
4 46 0.387439714489
4 47 0.915890548537
4 48 0.685523453345
4 49 0.519724718706
4 50 0.337760829249
4 51 0.260502668263
4 52 0.403865650690
4 53 0.806542397355
4 54 0.191087752958
4 55 0.378295155798
4 56 0.329440223066
4 57 0.745878486387
4 58 0.077760971448
4 59 0.170800287093
4 60 0.719313773940
4 61 0.476521925379
4 62 0.539788469064
4 63 0.602143017473
4 64 0.675671189655
4 65 0.826473105849
4 66 0.877730133902
4 67 0.346665269928
4 68 0.963979061340
4 69 0.794873771304
4 70 0.256596323388
4 71 0.933448300557
4 72 0.576369460448
4 73 0.965074222759
4 74 0.811085973227
4 75 0.865173807228
4 76 0.530362505750
4 77 0.051893988082
4 78 0.928797422637
4 79 0.579129808315
4 80 0.505156451370
4 81 0.933892530963
4 82 0.053083769533
4 83 0.061892685520
4 84 0.509026039554
4 85 0.625798212486
4 86 0.176401532326
4 87 0.621450907098
4 88 0.078599939540
4 89 0.917509461801
4 90 0.254372207421
4 91 0.709373243552
4 92 0.778427109264
4 93 0.497489519437
4 94 0.972062527515
4 95 0.396850308815
4 96 0.595889608089
4 97 0.424843331972
4 98 0.890024427282
4 99 0.709103400993
5 0 0.101305750093
5 1 0.444598909078
5 2 0.816917209061
5 3 0.065755072864
5 4 0.600331866918
5 5 0.214947372739
5 6 0.333929111243
5 7 0.197687352299
5 8 0.264751497571
5 9 0.265735276075
5 10 0.260079018713
5 11 0.466012873368
5 12 0.457342436493
5 13 0.606484992427
5 14 0.165010037035
5 15 0.915634565428
5 16 0.078310512894
5 17 0.522180338245
5 18 0.831977482534
5 19 0.621193920063
5 20 0.432387870430
5 21 0.656444320120
5 22 0.665033227518
5 23 0.266448403364
5 24 0.440743883623
5 25 0.147347762382
5 26 0.631837662603
5 27 0.622361101638
5 28 0.521341192778
5 29 0.681559026730
5 30 0.305836961588
5 31 0.530047405050
5 32 0.367003879838
5 33 0.453874391049
5 34 0.851391687049
5 35 0.262014088500
5 36 0.208924137065
5 37 0.498317385725
5 38 0.567286860746
5 39 0.352797506519
5 40 0.322957636822
5 41 0.093737763552
5 42 0.495748707372
5 43 0.884883729053
5 44 0.463506869817
5 45 0.307427486012
5 46 0.209038361112
5 47 0.533681401798
5 48 0.883900431952
5 49 0.242252918465
5 50 0.926543861527
5 51 0.794166161632
5 52 0.790496686510
5 53 0.911089849370
5 54 0.106751480608
5 55 0.527764219647
5 56 0.625612247882
5 57 0.377206095486
5 58 0.699060372076
5 59 0.155063381759
5 60 0.754434296829
5 61 0.636709109731
5 62 0.633744056035
5 63 0.393097629091
5 64 0.102917693218
5 65 0.589336612895
5 66 0.207478533831
5 67 0.187159170999
5 68 0.252507930351
5 69 0.906400137463
5 70 0.188885859619
5 71 0.627841169793
5 72 0.495518880419
5 73 0.082773423826
5 74 0.302223517219
5 75 0.952949540012
5 76 0.100624191347
5 77 0.762859976622
5 78 0.953712768803
5 79 0.281386746147
5 80 0.841206546429
5 81 0.314549826388
5 82 0.659724682092
5 83 0.447597307640
5 84 0.035667721838
5 85 0.545828615985
5 86 0.534677652742
5 87 0.239102827644
5 88 0.807937269865
5 89 0.518158959450
5 90 0.505228282781
5 91 0.963343228157
5 92 0.936504721802
5 93 0.153849841359
5 94 0.015848952280
5 95 0.592820788121
5 96 0.018469537013
5 97 0.300379758639
5 98 0.270007651883
5 99 0.431075731734
6 0 0.811817390663
6 1 0.993183689963
6 2 0.929207329208
6 3 0.669616428541
6 4 0.146261608904
6 5 0.489646662413
6 6 0.862553890285
6 7 0.471678010998
6 8 0.637604033070
6 9 0.090281356366
6 10 0.822365729473
6 11 0.449169715660
6 12 0.708997269351
6 13 0.159039550911
6 14 0.372802382464
6 15 0.097850023904
6 16 0.885400005794
6 17 0.533589951555
6 18 0.320667527238
6 19 0.417087897088
6 20 0.036397928807
6 21 0.912039986822
6 22 0.424605048456
6 23 0.218620232690
6 24 0.746494986957
6 25 0.258916607334
6 26 0.985359769136
6 27 0.953478307588
6 28 0.409163909586
6 29 0.566174324593
6 30 0.647525886449
6 31 0.567752710477
6 32 0.729501891284
6 33 0.673794994478
6 34 0.653600771414
6 35 0.394352447969
6 36 0.304992853935
6 37 0.640485668207
6 38 0.686188344650
6 39 0.379609859819
6 40 0.230244867838
6 41 0.845485519822
6 42 0.179724747429
6 43 0.117778481214
6 44 0.011233439482
6 45 0.109266140231
6 46 0.267956891945
6 47 0.075350912625
6 48 0.982276952836
6 49 0.656304432118
6 50 0.686854905863
6 51 0.418289003908
6 52 0.975538867416
6 53 0.266192347972
6 54 0.680384079961
6 55 0.533263944391
6 56 0.955887677274
6 57 0.993327966408
6 58 0.815093978053
6 59 0.110282520230
6 60 0.695449807889
6 61 0.378113379157
6 62 0.038453277171
6 63 0.296210338270
6 64 0.848468389268
6 65 0.118582385943
6 66 0.624176700613
6 67 0.669006815727
6 68 0.630066123741
6 69 0.228070930392
6 70 0.866454034685
6 71 0.886879579078
6 72 0.504731737497
6 73 0.604008012902
6 74 0.962310457136
6 75 0.918906063026
6 76 0.247513925644
6 77 0.104190048355
6 78 0.606446150402
6 79 0.332626297008
6 80 0.387215467847
6 81 0.106827021589
6 82 0.431497527296
6 83 0.639864905208
6 84 0.268188592677
6 85 0.668967031704
6 86 0.672955196460
6 87 0.804537777281
6 88 0.039510560556
6 89 0.399058971886
6 90 0.309688130743
6 91 0.379956275693
6 92 0.164529360909
6 93 0.117250282816
6 94 0.236612944875
6 95 0.122374350807
6 96 0.159481150246
6 97 0.076471026848
6 98 0.996025137817
6 99 0.713437141157
7 0 0.713577883793
7 1 0.397292768144
7 2 0.448947612393
7 3 0.939247502604
7 4 0.934849496706
7 5 0.924470991231
7 6 0.946317683239
7 7 0.481338178913
7 8 0.914502316859
7 9 0.755153926804
7 10 0.497482161186
7 11 0.588581661825
7 12 0.094455600565
7 13 0.823334092011
7 14 0.151093869376
7 15 0.986795434171
7 16 0.920268531870
7 17 0.109964817394
7 18 0.733563734899
7 19 0.918860087083
7 20 0.603531868639
7 21 0.197177539872
7 22 0.835356423549
7 23 0.328008897281
7 24 0.627084655360
7 25 0.738496173310
7 26 0.124986557072
7 27 0.704978645337
7 28 0.240691143676
7 29 0.557171667361
7 30 0.600475875335
7 31 0.580643751791
7 32 0.352533792416
7 33 0.777926879502
7 34 0.476957713851
7 35 0.273405304062
7 36 0.998113837979
7 37 0.616255316754
7 38 0.903544233808
7 39 0.338539718102
7 40 0.580735926868
7 41 0.916784242618
7 42 0.715030007157
7 43 0.611826212749
7 44 0.334777898138
7 45 0.877907935090
7 46 0.945400537978
7 47 0.837654095653
7 48 0.755020771597
7 49 0.010544877733
7 50 0.010597922968
7 51 0.512087044679
7 52 0.153866351262
7 53 0.015219728953
7 54 0.330737837606
7 55 0.218850035902
7 56 0.821793087430
7 57 0.554023806283
7 58 0.132336603609
7 59 0.175872649428
7 60 0.756655411186
7 61 0.754359104524
7 62 0.094995176543
7 63 0.683331344305
7 64 0.276722505530
7 65 0.287425796941
7 66 0.276487355920
7 67 0.816910859669
7 68 0.581873305012
7 69 0.093701574178
7 70 0.933252672160
7 71 0.336614332752
7 72 0.135017679377
7 73 0.666300507173
7 74 0.752673876258
7 75 0.796469458321
7 76 0.837522758382
7 77 0.056200490095
7 78 0.689503839291
7 79 0.797643216575
7 80 0.017773244700
7 81 0.623923048099
7 82 0.128991308066
7 83 0.004761544212
7 84 0.226262330102
7 85 0.302843379299
7 86 0.655922753605
7 87 0.702118919694
7 88 0.814116959282
7 89 0.103292457716
7 90 0.518695326170
7 91 0.330846308848
7 92 0.338269000115
7 93 0.820281229900
7 94 0.839099014568
7 95 0.126703435857
7 96 0.282389124600
7 97 0.342879647102
7 98 0.096405968712
7 99 0.430955979920
8 0 0.828358263581
8 1 0.572689583012
8 2 0.760622538811
8 3 0.783844426921
8 4 0.344761421839
8 5 0.146425944008
8 6 0.886867561824
8 7 0.494674594251
8 8 0.566977308130
8 9 0.232541688220
8 10 0.084385492280
8 11 0.124854039276
8 12 0.893860380061
8 13 0.302011231826
8 14 0.579749716658
8 15 0.452918621093
8 16 0.809220627617
8 17 0.401941209163
8 18 0.740907899457
8 19 0.983267310237
8 20 0.855810655878
8 21 0.200202836779
8 22 0.680985048147
8 23 0.789146177149
8 24 0.367618155961
8 25 0.550234131948
8 26 0.351745447385
8 27 0.982763304862
8 28 0.824105145207
8 29 0.511374305341
8 30 0.333964547848
8 31 0.172627686223
8 32 0.846628804735
8 33 0.999765600319
8 34 0.442812529746
8 35 0.266229656306
8 36 0.375685540480
8 37 0.908137320105
8 38 0.168530909625
8 39 0.827363206272
8 40 0.743068403652
8 41 0.337310355201
8 42 0.233729415876
8 43 0.367550406765
8 44 0.638088603771
8 45 0.744690735008
8 46 0.413008453835
8 47 0.317690318056
8 48 0.263272976704
8 49 0.861754917198
8 50 0.043069885118
8 51 0.025823286071
8 52 0.877091465572
8 53 0.033627242638
8 54 0.622918103492
8 55 0.852011779646
8 56 0.359993015370
8 57 0.631883892556
8 58 0.706191334005
8 59 0.588208226091
8 60 0.305624317829
8 61 0.873906153040
8 62 0.655475913593
8 63 0.067232011027
8 64 0.885191304980
8 65 0.096628589069
8 66 0.997660399458
8 67 0.156400423424
8 68 0.912995788088
8 69 0.059454787537
8 70 0.878692942415
8 71 0.476374041945
8 72 0.032352142644
8 73 0.964867014052
8 74 0.950071836101
8 75 0.743662754209
8 76 0.900640545170
8 77 0.794650724634
8 78 0.269345704646
8 79 0.483984950541
8 80 0.367793627899
8 81 0.905956845651
8 82 0.861087341582
8 83 0.905640221164
8 84 0.572972953859
8 85 0.828104257228
8 86 0.312198313313
8 87 0.746210675793
8 88 0.828840022857
8 89 0.034970057715
8 90 0.782380177943
8 91 0.507610245559
8 92 0.632052907973
8 93 0.326179121203
8 94 0.507257903316
8 95 0.926354057957
8 96 0.175436141400
8 97 0.008577286793
8 98 0.676193907755
8 99 0.585332922664
9 0 0.296023449521
9 1 0.234225891726
9 2 0.558630056314
9 3 0.859045295834
9 4 0.666573666739
9 5 0.304246106801
9 6 0.909692189057
9 7 0.397193365736
9 8 0.370876415612
9 9 0.500785311654
9 10 0.755334343443
9 11 0.483831077084
9 12 0.201895398274
9 13 0.082452924827
9 14 0.550965607257
9 15 0.132879192886
9 16 0.518131412078
9 17 0.749588635225
9 18 0.281967797916
9 19 0.088295696754
9 20 0.260565100577
9 21 0.406817024546
9 22 0.102318116629
9 23 0.657493874761
9 24 0.662872459760
9 25 0.667470462842
9 26 0.458851008082
9 27 0.035042250318
9 28 0.954163359028
9 29 0.988118218584
9 30 0.763415303472
9 31 0.938394613886
9 32 0.604444732667
9 33 0.925739692312
9 34 0.138752766604
9 35 0.841514410889
9 36 0.938256565447
9 37 0.620422046394
9 38 0.736559471795
9 39 0.445207511465
9 40 0.898591877743
9 41 0.801438751121
9 42 0.575214122413
9 43 0.497692509634
9 44 0.816891437808
9 45 0.867870886884
9 46 0.371569527702
9 47 0.344792032561
9 48 0.252665942786
9 49 0.268198509491
9 50 0.386890464452
9 51 0.483626403511
9 52 0.774760383228
9 53 0.026126022413
9 54 0.606592418322
9 55 0.601054273772
9 56 0.159453017261
9 57 0.049645219664
9 58 0.005170179749
9 59 0.108360173234
9 60 0.428086210006
9 61 0.552665054873
9 62 0.931217206722
9 63 0.983978529140
9 64 0.262849937994
9 65 0.448809406679
9 66 0.651660650614
9 67 0.342237450467
9 68 0.721968821520
9 69 0.498237936967
9 70 0.085271117823
9 71 0.271055697904
9 72 0.542240022558
9 73 0.689026270314
9 74 0.160680695319
9 75 0.359182192217
9 76 0.595150203950
9 77 0.226712148419
9 78 0.716053771566
9 79 0.194802954034
9 80 0.749727531492
9 81 0.968119954251
9 82 0.333588663266
9 83 0.410552515201
9 84 0.452432824271
9 85 0.572836613716
9 86 0.739047939775
9 87 0.743304061414
9 88 0.748861290917
9 89 0.520158705572
9 90 0.550411027621
9 91 0.414033874155
9 92 0.249563552928
9 93 0.539398363635
9 94 0.365456536604
9 95 0.815305453760
9 96 0.851860435848
9 97 0.404133943933
9 98 0.517415535501
9 99 0.134934505863
0 0 4
0 1 7
0 2 10
0 3 10
0 4 6
0 5 7
0 6 8
0 7 7
0 8 7
0 9 3
0 10 9
0 11 10
0 12 7
0 13 10
0 14 9
0 15 7
0 16 8
0 17 9
0 18 10
0 19 4
0 20 9
0 21 7
0 22 10
0 23 6
0 24 5
0 25 3
0 26 4
0 27 7
0 28 4
0 29 9
0 30 7
0 31 11
0 32 3
0 33 9
0 34 3
0 35 10
0 36 5
0 37 6
0 38 8
0 39 7
0 40 7
0 41 5
0 42 3
0 43 9
0 44 10
0 45 3
0 46 3
0 47 11
0 48 9
0 49 5
0 50 7
0 51 8
0 52 9
0 53 5
0 54 7
0 55 9
0 56 8
0 57 9
0 58 7
0 59 5
0 60 10
0 61 6
0 62 11
0 63 10
0 64 9
0 65 8
0 66 9
0 67 8
0 68 10
0 69 8
0 70 9
0 71 3
0 72 9
0 73 9
0 74 8
0 75 11
0 76 6
0 77 8
0 78 7
0 79 10
0 80 8
0 81 10
0 82 5
0 83 9
0 84 11
0 85 5
0 86 8
0 87 4
0 88 9
0 89 11
0 90 6
0 91 4
0 92 9
0 93 10
0 94 5
0 95 9
0 96 4
0 97 9
0 98 4
0 99 5
1 0 3
1 1 8
1 2 11
1 3 11
1 4 6
1 5 9
1 6 10
1 7 6
1 8 7
1 9 5
1 10 8
1 11 9
1 12 8
1 13 10
1 14 8
1 15 8
1 16 7
1 17 8
1 18 8
1 19 3
1 20 9
1 21 7
1 22 10
1 23 5
1 24 6
1 25 3
1 26 4
1 27 7
1 28 3
1 29 11
1 30 6
1 31 9
1 32 3
1 33 7
1 34 4
1 35 10
1 36 5
1 37 7
1 38 8
1 39 8
1 40 7
1 41 7
1 42 5
1 43 7
1 44 9
1 45 4
1 46 3
1 47 11
1 48 9
1 49 7
1 50 8
1 51 8
1 52 11
1 53 4
1 54 9
1 55 9
1 56 7
1 57 9
1 58 5
1 59 6
1 60 8
1 61 6
1 62 10
1 63 9
1 64 9
1 65 10
1 66 10
1 67 9
1 68 11
1 69 10
1 70 10
1 71 5
1 72 11
1 73 10
1 74 9
1 75 10
1 76 7
1 77 9
1 78 9
1 79 8
1 80 8
1 81 8
1 82 3
1 83 9
1 84 9
1 85 5
1 86 10
1 87 5
1 88 8
1 89 10
1 90 6
1 91 4
1 92 10
1 93 9
1 94 5
1 95 8
1 96 5
1 97 10
1 98 5
1 99 5
2 0 7
2 1 11
2 2 12
2 3 12
2 4 9
2 5 11
2 6 10
2 7 9
2 8 9
2 9 6
2 10 11
2 11 12
2 12 9
2 13 11
2 14 10
2 15 8
2 16 9
2 17 11
2 18 11
2 19 5
2 20 11
2 21 9
2 22 10
2 23 6
2 24 6
2 25 6
2 26 7
2 27 9
2 28 7
2 29 13
2 30 8
2 31 11
2 32 6
2 33 11
2 34 7
2 35 11
2 36 5
2 37 10
2 38 11
2 39 10
2 40 9
2 41 9
2 42 5
2 43 10
2 44 12
2 45 6
2 46 5
2 47 12
2 48 10
2 49 9
2 50 9
2 51 9
2 52 12
2 53 7
2 54 10
2 55 10
2 56 9
2 57 10
2 58 8
2 59 6
2 60 11
2 61 7
2 62 12
2 63 12
2 64 13
2 65 11
2 66 11
2 67 12
2 68 12
2 69 12
2 70 11
2 71 5
2 72 11
2 73 12
2 74 9
2 75 12
2 76 8
2 77 9
2 78 10
2 79 12
2 80 11
2 81 12
2 82 6
2 83 12
2 84 13
2 85 6
2 86 11
2 87 5
2 88 11
2 89 12
2 90 9
2 91 8
2 92 11
2 93 11
2 94 5
2 95 11
2 96 6
2 97 11
2 98 5
2 99 5
3 0 5
3 1 9
3 2 10
3 3 10
3 4 8
3 5 9
3 6 10
3 7 5
3 8 5
3 9 4
3 10 7
3 11 9
3 12 9
3 13 10
3 14 8
3 15 6
3 16 7
3 17 8
3 18 9
3 19 4
3 20 9
3 21 8
3 22 10
3 23 6
3 24 4
3 25 3
3 26 5
3 27 8
3 28 4
3 29 10
3 30 7
3 31 9
3 32 5
3 33 7
3 34 4
3 35 10
3 36 4
3 37 6
3 38 9
3 39 8
3 40 5
3 41 7
3 42 5
3 43 7
3 44 11
3 45 4
3 46 5
3 47 9
3 48 7
3 49 6
3 50 8
3 51 7
3 52 11
3 53 5
3 54 9
3 55 8
3 56 7
3 57 8
3 58 7
3 59 4
3 60 9
3 61 5
3 62 10
3 63 10
3 64 11
3 65 8
3 66 10
3 67 10
3 68 9
3 69 9
3 70 11
3 71 3
3 72 11
3 73 11
3 74 9
3 75 9
3 76 7
3 77 8
3 78 8
3 79 8
3 80 8
3 81 10
3 82 3
3 83 10
3 84 11
3 85 6
3 86 10
3 87 5
3 88 9
3 89 10
3 90 6
3 91 5
3 92 10
3 93 8
3 94 4
3 95 7
3 96 4
3 97 10
3 98 4
3 99 3
4 0 7
4 1 9
4 2 13
4 3 13
4 4 10
4 5 11
4 6 11
4 7 8
4 8 8
4 9 6
4 10 9
4 11 13
4 12 10
4 13 12
4 14 11
4 15 10
4 16 10
4 17 10
4 18 11
4 19 7
4 20 11
4 21 10
4 22 10
4 23 6
4 24 6
4 25 6
4 26 6
4 27 9
4 28 6
4 29 12
4 30 10
4 31 12
4 32 7
4 33 9
4 34 6
4 35 11
4 36 6
4 37 10
4 38 11
4 39 9
4 40 8
4 41 8
4 42 6
4 43 10
4 44 12
4 45 6
4 46 5
4 47 12
4 48 9
4 49 8
4 50 9
4 51 10
4 52 12
4 53 6
4 54 11
4 55 10
4 56 9
4 57 10
4 58 8
4 59 6
4 60 10
4 61 8
4 62 13
4 63 12
4 64 13
4 65 12
4 66 13
4 67 12
4 68 13
4 69 12
4 70 13
4 71 5
4 72 13
4 73 13
4 74 11
4 75 13
4 76 10
4 77 10
4 78 11
4 79 10
4 80 12
4 81 12
4 82 7
4 83 11
4 84 12
4 85 8
4 86 12
4 87 6
4 88 11
4 89 12
4 90 8
4 91 6
4 92 13
4 93 11
4 94 6
4 95 10
4 96 7
4 97 12
4 98 7
4 99 6
5 0 4
5 1 9
5 2 12
5 3 11
5 4 8
5 5 9
5 6 10
5 7 7
5 8 6
5 9 4
5 10 8
5 11 12
5 12 10
5 13 9
5 14 11
5 15 9
5 16 8
5 17 11
5 18 11
5 19 4
5 20 9
5 21 8
5 22 9
5 23 7
5 24 5
5 25 5
5 26 6
5 27 9
5 28 6
5 29 11
5 30 7
5 31 10
5 32 4
5 33 9
5 34 4
5 35 9
5 36 6
5 37 7
5 38 9
5 39 8
5 40 7
5 41 6
5 42 6
5 43 10
5 44 10
5 45 4
5 46 4
5 47 12
5 48 10
5 49 6
5 50 8
5 51 9
5 52 11
5 53 4
5 54 10
5 55 10
5 56 8
5 57 9
5 58 7
5 59 6
5 60 10
5 61 6
5 62 10
5 63 9
5 64 12
5 65 11
5 66 10
5 67 10
5 68 10
5 69 11
5 70 10
5 71 5
5 72 12
5 73 10
5 74 10
5 75 11
5 76 9
5 77 9
5 78 8
5 79 10
5 80 10
5 81 11
5 82 5
5 83 10
5 84 12
5 85 7
5 86 10
5 87 6
5 88 8
5 89 11
5 90 9
5 91 7
5 92 12
5 93 9
5 94 5
5 95 8
5 96 5
5 97 9
5 98 6
5 99 6
6 0 7
6 1 9
6 2 13
6 3 11
6 4 8
6 5 11
6 6 12
6 7 8
6 8 8
6 9 6
6 10 11
6 11 11
6 12 10
6 13 12
6 14 11
6 15 8
6 16 11
6 17 12
6 18 11
6 19 7
6 20 11
6 21 10
6 22 12
6 23 6
6 24 7
6 25 7
6 26 7
6 27 11
6 28 6
6 29 11
6 30 10
6 31 12
6 32 7
6 33 10
6 34 6
6 35 10
6 36 5
6 37 8
6 38 11
6 39 10
6 40 7
6 41 8
6 42 6
6 43 10
6 44 12
6 45 6
6 46 7
6 47 13
6 48 10
6 49 8
6 50 8
6 51 11
6 52 12
6 53 7
6 54 10
6 55 11
6 56 9
6 57 11
6 58 7
6 59 8
6 60 12
6 61 8
6 62 13
6 63 12
6 64 11
6 65 11
6 66 11
6 67 11
6 68 13
6 69 11
6 70 11
6 71 6
6 72 11
6 73 12
6 74 11
6 75 12
6 76 8
6 77 11
6 78 9
6 79 12
6 80 11
6 81 11
6 82 7
6 83 11
6 84 11
6 85 8
6 86 11
6 87 7
6 88 11
6 89 13
6 90 9
6 91 6
6 92 12
6 93 10
6 94 5
6 95 10
6 96 7
6 97 12
6 98 7
6 99 7
7 0 6
7 1 12
7 2 12
7 3 13
7 4 10
7 5 10
7 6 12
7 7 8
7 8 10
7 9 6
7 10 12
7 11 12
7 12 10
7 13 12
7 14 13
7 15 11
7 16 11
7 17 11
7 18 11
7 19 8
7 20 10
7 21 11
7 22 11
7 23 9
7 24 8
7 25 8
7 26 8
7 27 12
7 28 6
7 29 12
7 30 11
7 31 12
7 32 7
7 33 11
7 34 7
7 35 11
7 36 7
7 37 11
7 38 11
7 39 10
7 40 10
7 41 10
7 42 7
7 43 12
7 44 12
7 45 6
7 46 6
7 47 13
7 48 10
7 49 10
7 50 10
7 51 12
7 52 14
7 53 7
7 54 11
7 55 11
7 56 10
7 57 13
7 58 9
7 59 9
7 60 13
7 61 7
7 62 12
7 63 12
7 64 14
7 65 13
7 66 12
7 67 11
7 68 13
7 69 11
7 70 14
7 71 6
7 72 14
7 73 12
7 74 10
7 75 13
7 76 9
7 77 10
7 78 11
7 79 12
7 80 12
7 81 12
7 82 6
7 83 11
7 84 12
7 85 8
7 86 12
7 87 7
7 88 10
7 89 14
7 90 10
7 91 9
7 92 12
7 93 12
7 94 8
7 95 11
7 96 7
7 97 13
7 98 7
7 99 7
8 0 5
8 1 10
8 2 11
8 3 12
8 4 9
8 5 11
8 6 11
8 7 7
8 8 8
8 9 5
8 10 9
8 11 13
8 12 9
8 13 11
8 14 10
8 15 10
8 16 9
8 17 12
8 18 11
8 19 7
8 20 11
8 21 9
8 22 10
8 23 7
8 24 8
8 25 7
8 26 5
8 27 10
8 28 7
8 29 12
8 30 9
8 31 13
8 32 7
8 33 9
8 34 5
8 35 11
8 36 5
8 37 8
8 38 9
8 39 11
8 40 9
8 41 8
8 42 6
8 43 9
8 44 13
8 45 5
8 46 5
8 47 12
8 48 9
8 49 7
8 50 8
8 51 9
8 52 11
8 53 6
8 54 10
8 55 10
8 56 9
8 57 11
8 58 8
8 59 6
8 60 12
8 61 8
8 62 13
8 63 12
8 64 11
8 65 10
8 66 13
8 67 10
8 68 12
8 69 11
8 70 11
8 71 5
8 72 12
8 73 11
8 74 10
8 75 13
8 76 8
8 77 10
8 78 10
8 79 11
8 80 10
8 81 11
8 82 5
8 83 11
8 84 13
8 85 7
8 86 11
8 87 6
8 88 10
8 89 13
8 90 9
8 91 8
8 92 12
8 93 11
8 94 5
8 95 11
8 96 5
8 97 10
8 98 7
8 99 7
9 0 4
9 1 10
9 2 11
9 3 11
9 4 9
9 5 10
9 6 11
9 7 7
9 8 6
9 9 4
9 10 9
9 11 10
9 12 8
9 13 11
9 14 10
9 15 9
9 16 10
9 17 11
9 18 9
9 19 5
9 20 8
9 21 9
9 22 10
9 23 5
9 24 6
9 25 6
9 26 5
9 27 9
9 28 5
9 29 12
9 30 7
9 31 11
9 32 4
9 33 8
9 34 5
9 35 11
9 36 4
9 37 8
9 38 8
9 39 9
9 40 8
9 41 6
9 42 4
9 43 8
9 44 10
9 45 5
9 46 5
9 47 10
9 48 8
9 49 7
9 50 9
9 51 8
9 52 10
9 53 5
9 54 9
9 55 11
9 56 8
9 57 10
9 58 7
9 59 6
9 60 10
9 61 5
9 62 11
9 63 10
9 64 12
9 65 9
9 66 10
9 67 9
9 68 12
9 69 11
9 70 10
9 71 4
9 72 12
9 73 12
9 74 8
9 75 12
9 76 8
9 77 9
9 78 10
9 79 11
9 80 11
9 81 11
9 82 6
9 83 11
9 84 11
9 85 5
9 86 9
9 87 5
9 88 8
9 89 12
9 90 9
9 91 6
9 92 10
9 93 11
9 94 5
9 95 8
9 96 4
9 97 9
9 98 4
9 99 5
