10 100 10 7 10.0 3.0 1.0 95
4 67 4
5 2 3
2 16 8
1 90 4
2 3 5
6 142 5
4 67 9
9 112 4
1 93 9
8 40 7
5 72 6
2 53 6
9 190 3
5 50 8
5 16 8
0 45 9
1 28 8
4 98 8
4 25 3
7 95 8
2 49 3
6 94 7
4 22 8
0 70 3
2 1 9
1 43 9
2 5 9
3 144 3
7 41 4
8 61 8
0 13 9
4 43 3
7 210 6
7 126 7
6 114 5
4 115 7
7 82 7
6 90 7
3 93 7
9 75 7
8 196 3
2 48 7
8 219 8
1 68 8
0 18 3
5 90 6
4 22 7
7 54 3
3 70 9
9 225 7
5 84 3
0 17 6
3 123 6
3 142 3
5 169 8
9 150 3
3 105 6
9 178 7
8 135 7
8 16 4
7 4 3
8 56 4
3 54 7
5 57 7
4 120 5
2 73 7
2 41 3
1 12 6
2 88 7
8 210 9
6 142 3
5 84 8
0 54 9
9 212 9
4 108 9
1 30 3
0 90 7
3 112 7
6 16 7
1 56 3
9 5 8
3 51 9
3 28 9
0 47 8
7 163 9
6 190 7
8 21 9
7 152 8
9 105 5
1 77 8
6 152 3
8 61 3
7 189 7
5 16 7
6 192 7
6 194 8
9 122 9
0 23 7
0 22 6
1 23 9
0 0 0.433926550323
0 1 0.106718962556
0 2 0.883063395605
0 3 0.166926306120
0 4 0.898538443864
0 5 0.461720731197
0 6 0.048823326191
0 7 0.444753075039
0 8 0.491278854517
0 9 0.843976688384
0 10 0.109489725212
0 11 0.314877827101
0 12 0.665354121421
0 13 0.407591612998
0 14 0.698040780098
0 15 0.094912928354
0 16 0.084168501253
0 17 0.564840362076
0 18 0.234505767814
0 19 0.107109243635
0 20 0.136710550996
0 21 0.281955526227
0 22 0.888814492514
0 23 0.211577146083
0 24 0.145500887089
0 25 0.705176950437
0 26 0.814949159816
0 27 0.098672273679
0 28 0.872541610352
0 29 0.997949569906
0 30 0.097443060732
0 31 0.196091684289
0 32 0.082799735960
0 33 0.344762552307
0 34 0.340091503621
0 35 0.613700440760
0 36 0.941498247987
0 37 0.916753759341
0 38 0.698952430661
0 39 0.440409447510
0 40 0.771469963919
0 41 0.722883701187
0 42 0.309103265617
0 43 0.443671259656
0 44 0.193696280581
0 45 0.498683162507
0 46 0.612378039876
0 47 0.951443467067
0 48 0.829610088325
0 49 0.138504997624
0 50 0.554118757712
0 51 0.617705908031
0 52 0.221376427108
0 53 0.245187201402
0 54 0.403740617435
0 55 0.919082469924
0 56 0.710504527956
0 57 0.504409764899
0 58 0.211311978416
0 59 0.579614735576
0 60 0.045290600246
0 61 0.259555945368
0 62 0.403121632212
0 63 0.026597334314
0 64 0.316596305771
0 65 0.615134259176
0 66 0.851696055789
0 67 0.344705195585
0 68 0.880964297356
0 69 0.602222499746
0 70 0.460740414827
0 71 0.583555168925
0 72 0.313701412163
0 73 0.965074824353
0 74 0.402118747149
0 75 0.796775874626
0 76 0.736567430409
0 77 0.471325938037
0 78 0.411420518069
0 79 0.351042356595
0 80 0.556808813414
0 81 0.823842269930
0 82 0.644566631042
0 83 0.628473264712
0 84 0.689388454794
0 85 0.326546044013
0 86 0.835039791163
0 87 0.460070028479
0 88 0.008417605584
0 89 0.006595341828
0 90 0.264895264527
0 91 0.077523839252
0 92 0.493257560521
0 93 0.372923324490
0 94 0.871537009794
0 95 0.285278401717
0 96 0.700088298792
0 97 0.370992468247
0 98 0.105084107470
0 99 0.944239265327
1 0 0.540023970756
1 1 0.416991806249
1 2 0.813841149842
1 3 0.325971708637
1 4 0.897726318416
1 5 0.581503786643
1 6 0.827825117664
1 7 0.534391564423
1 8 0.357769607396
1 9 0.815200125289
1 10 0.536368138405
1 11 0.071842706311
1 12 0.451743911547
1 13 0.629875987466
1 14 0.362063109737
1 15 0.612835718418
1 16 0.099245742678
1 17 0.113898863069
1 18 0.171076747415
1 19 0.732259202866
1 20 0.424896089812
1 21 0.701606224488
1 22 0.601304696434
1 23 0.740538326959
1 24 0.930899306918
1 25 0.407324835545
1 26 0.611378629962
1 27 0.623863030962
1 28 0.327804272280
1 29 0.716319925961
1 30 0.569565195585
1 31 0.035578371648
1 32 0.564638797475
1 33 0.448294293652
1 34 0.037244225957
1 35 0.379094526093
1 36 0.917035594520
1 37 0.028015945664
1 38 0.751686616584
1 39 0.408157858058
1 40 0.549797762878
1 41 0.361225228269
1 42 0.359127415056
1 43 0.489782454606
1 44 0.958190853323
1 45 0.266245803858
1 46 0.720645159951
1 47 0.745700475978
1 48 0.888902793541
1 49 0.149622146507
1 50 0.659958334851
1 51 0.905920668974
1 52 0.402602658321
1 53 0.123566490409
1 54 0.849778091691
1 55 0.286583741540
1 56 0.300719005896
1 57 0.016480380515
1 58 0.855857605451
1 59 0.912556495641
1 60 0.476491732364
1 61 0.114741935162
1 62 0.262384414501
1 63 0.108877631568
1 64 0.637780845968
1 65 0.226714539322
1 66 0.368609683844
1 67 0.794641069390
1 68 0.155181505670
1 69 0.895297622984
1 70 0.339702418939
1 71 0.935650150341
1 72 0.112503094615
1 73 0.141510621718
1 74 0.661106458328
1 75 0.306080928390
1 76 0.971584413373
1 77 0.645084736033
1 78 0.212663300723
1 79 0.425850672691
1 80 0.263920381995
1 81 0.012613163108
1 82 0.414426716416
1 83 0.797367439900
1 84 0.955869936537
1 85 0.588970483370
1 86 0.594843095802
1 87 0.056759092488
1 88 0.157868477734
1 89 0.301667445651
1 90 0.547400768887
1 91 0.300737836184
1 92 0.528039564846
1 93 0.024666359712
1 94 0.959144787946
1 95 0.805551196992
1 96 0.338896958752
1 97 0.530132491712
1 98 0.679489534494
1 99 0.924224872445
2 0 0.062726959949
2 1 0.938809125182
2 2 0.945887307400
2 3 0.582121415380
2 4 0.787767329225
2 5 0.058254490803
2 6 0.252383289795
2 7 0.771401054897
2 8 0.090614998468
2 9 0.859169876198
2 10 0.419653707775
2 11 0.429266560664
2 12 0.332530414281
2 13 0.388092161625
2 14 0.772217737520
2 15 0.488227289481
2 16 0.690523246154
2 17 0.477184440249
2 18 0.412224220912
2 19 0.951996734893
2 20 0.179202048523
2 21 0.954253677528
2 22 0.859254294063
2 23 0.532658140372
2 24 0.485626888412
2 25 0.979657700913
2 26 0.242053378305
2 27 0.132197062090
2 28 0.764673233262
2 29 0.392306950021
2 30 0.334923202951
2 31 0.587341750797
2 32 0.422919530193
2 33 0.413154867109
2 34 0.726174149850
2 35 0.592725854506
2 36 0.391674641637
2 37 0.784079898490
2 38 0.937434015758
2 39 0.660653272703
2 40 0.476997891505
2 41 0.399064563919
2 42 0.814945438076
2 43 0.933267751310
2 44 0.542582001214
2 45 0.499889338611
2 46 0.346237639843
2 47 0.034108709064
2 48 0.623870173192
2 49 0.463253314849
2 50 0.827365699795
2 51 0.766208477867
2 52 0.121645083199
2 53 0.745101266187
2 54 0.536339431503
2 55 0.884784419078
2 56 0.682488612044
2 57 0.789057775209
2 58 0.810544267917
2 59 0.655608685640
2 60 0.040296452031
2 61 0.897039303140
2 62 0.000145192435
2 63 0.242700534631
2 64 0.187327021683
2 65 0.146203148828
2 66 0.714526782382
2 67 0.901835662562
2 68 0.550450286292
2 69 0.144205691569
2 70 0.834781766478
2 71 0.996270817895
2 72 0.334006800340
2 73 0.963193671413
2 74 0.940824752028
2 75 0.755896726639
2 76 0.912358996078
2 77 0.719117743330
2 78 0.768599515366
2 79 0.564661181328
2 80 0.548182779856
2 81 0.189523256059
2 82 0.188025311035
2 83 0.640259401851
2 84 0.528296319517
2 85 0.137282759047
2 86 0.409268907144
2 87 0.923053246187
2 88 0.518575225100
2 89 0.883625398251
2 90 0.037590102860
2 91 0.800774686120
2 92 0.534862052972
2 93 0.850028208061
2 94 0.339612103037
2 95 0.048171414300
2 96 0.360243058674
2 97 0.143866212486
2 98 0.405055170682
2 99 0.968491205584
3 0 0.164337917678
3 1 0.655680402662
3 2 0.540929135793
3 3 0.102073749182
3 4 0.689812129977
3 5 0.025151073391
3 6 0.554947258659
3 7 0.562938329603
3 8 0.819778070049
3 9 0.805266686293
3 10 0.569765483477
3 11 0.015297838983
3 12 0.539352612869
3 13 0.797641068197
3 14 0.543902095473
3 15 0.400329338437
3 16 0.419468659619
3 17 0.420631819821
3 18 0.325509349644
3 19 0.111678290681
3 20 0.785677458016
3 21 0.983463906900
3 22 0.523747576181
3 23 0.183423857782
3 24 0.205215220178
3 25 0.047976829577
3 26 0.753261536147
3 27 0.372183869792
3 28 0.207234521684
3 29 0.855624405879
3 30 0.038787399950
3 31 0.109058364741
3 32 0.196475911529
3 33 0.898251084554
3 34 0.294752825424
3 35 0.818331248142
3 36 0.178209221929
3 37 0.108228201899
3 38 0.829290152542
3 39 0.735816110927
3 40 0.232223422964
3 41 0.492507680696
3 42 0.518096464652
3 43 0.762175856537
3 44 0.943229700387
3 45 0.430740731457
3 46 0.240131775675
3 47 0.877587636867
3 48 0.152229208848
3 49 0.863616347985
3 50 0.040710609670
3 51 0.525197238479
3 52 0.452225797251
3 53 0.426565788226
3 54 0.017422426643
3 55 0.497752305458
3 56 0.774529491619
3 57 0.966781253029
3 58 0.690870668686
3 59 0.666837566289
3 60 0.175258240189
3 61 0.157069763713
3 62 0.429381767067
3 63 0.443249534054
3 64 0.022363343427
3 65 0.375992619049
3 66 0.437651633257
3 67 0.579495099823
3 68 0.130810393055
3 69 0.261388895004
3 70 0.185142250208
3 71 0.680097034126
3 72 0.260284371646
3 73 0.297478649544
3 74 0.387533040344
3 75 0.245844137550
3 76 0.489527792693
3 77 0.505883751020
3 78 0.669556678146
3 79 0.542316789733
3 80 0.854598331957
3 81 0.316018657479
3 82 0.110819803647
3 83 0.356483844278
3 84 0.421632204626
3 85 0.589239465598
3 86 0.155163511059
3 87 0.126052758742
3 88 0.607929639191
3 89 0.795577999397
3 90 0.572007652879
3 91 0.700163114356
3 92 0.567631967584
3 93 0.889951270499
3 94 0.762423655127
3 95 0.127533970363
3 96 0.412047238992
3 97 0.206006639436
3 98 0.418998380909
3 99 0.154498229241
4 0 0.580110647535
4 1 0.966112661757
4 2 0.304655557142
4 3 0.953189957891
4 4 0.128564288632
4 5 0.070105379030
4 6 0.359283218250
4 7 0.921147581209
4 8 0.493559687994
4 9 0.378075318517
4 10 0.152211860434
4 11 0.580229383502
4 12 0.241254399431
4 13 0.035380304919
4 14 0.179582455359
4 15 0.394389499784
4 16 0.241411918716
4 17 0.819801022435
4 18 0.052615600427
4 19 0.963859468140
4 20 0.633736110093
4 21 0.868122511893
4 22 0.151285215406
4 23 0.077014080945
4 24 0.015035221646
4 25 0.809085111866
4 26 0.076625098179
4 27 0.593459062546
4 28 0.877173339285
4 29 0.275280719946
4 30 0.198359143673
4 31 0.957720837981
4 32 0.537762997798
4 33 0.278771436341
4 34 0.886960913162
4 35 0.762688618879
4 36 0.971254526554
4 37 0.853880905180
4 38 0.220444529183
4 39 0.539883283024
4 40 0.334537793622
4 41 0.553162674943
4 42 0.246050540312
4 43 0.114526719613
4 44 0.951848135383
4 45 0.981981231565
4 46 0.165771017666
4 47 0.660825776931
4 48 0.148971090393
4 49 0.935020610695
4 50 0.423239488712
4 51 0.777051718637
4 52 0.204147398870
4 53 0.633062884835
4 54 0.418792684000
4 55 0.421527253774
4 56 0.136100570911
4 57 0.351064018638
4 58 0.948393373190
4 59 0.008911806705
4 60 0.820289975257
4 61 0.274006791477
4 62 0.682437501018
4 63 0.889415159360
4 64 0.369721776274
4 65 0.091769627800
4 66 0.330082725506
4 67 0.892559393124
4 68 0.705241923304
4 69 0.893111036050
4 70 0.500208351313
4 71 0.407830577948
4 72 0.165941190756
4 73 0.498490373001
4 74 0.495127723968
4 75 0.406640724513
4 76 0.904327495570
4 77 0.423635196240
4 78 0.799684277783
4 79 0.218423498518
4 80 0.270362209250
4 81 0.583350091224
4 82 0.971977942744
4 83 0.928444218174
4 84 0.640035065172
4 85 0.423066719450
4 86 0.250643113542
4 87 0.649661390033
4 88 0.268512882748
4 89 0.666434171479
4 90 0.081698065976
4 91 0.474604462015
4 92 0.490238757662
4 93 0.614135307952
4 94 0.329009587441
4 95 0.186750583872
4 96 0.124727612293
4 97 0.139423458173
4 98 0.813365494631
4 99 0.878613561956
5 0 0.510348973097
5 1 0.217082819398
5 2 0.143612936897
5 3 0.780997747831
5 4 0.617601259316
5 5 0.420587334391
5 6 0.741920785300
5 7 0.359231683574
5 8 0.615006833258
5 9 0.157659820609
5 10 0.500532955087
5 11 0.358392317453
5 12 0.486207962385
5 13 0.135396859905
5 14 0.211857542569
5 15 0.774172887204
5 16 0.148651974625
5 17 0.945204977699
5 18 0.292496786349
5 19 0.469445404914
5 20 0.124410852638
5 21 0.620979825156
5 22 0.822163293351
5 23 0.272805485063
5 24 0.200037578278
5 25 0.954663089769
5 26 0.929262069865
5 27 0.310127058012
5 28 0.719305904830
5 29 0.489223217463
5 30 0.554743201286
5 31 0.993778690164
5 32 0.250454053796
5 33 0.464588513220
5 34 0.442632313795
5 35 0.598086558947
5 36 0.058066207370
5 37 0.701062347741
5 38 0.320398105080
5 39 0.593905266255
5 40 0.730144502422
5 41 0.729451619568
5 42 0.093970802958
5 43 0.176101701079
5 44 0.047501662676
5 45 0.798096643536
5 46 0.687885599998
5 47 0.384098078943
5 48 0.295380527513
5 49 0.456890934983
5 50 0.067907180368
5 51 0.337980593274
5 52 0.458873659602
5 53 0.279929879104
5 54 0.537742206815
5 55 0.754664220569
5 56 0.480711518019
5 57 0.441896191660
5 58 0.181029995960
5 59 0.117976580086
5 60 0.149803596665
5 61 0.182927465569
5 62 0.133541319856
5 63 0.315887627296
5 64 0.446444634106
5 65 0.383322677258
5 66 0.309384583460
5 67 0.898182610318
5 68 0.017577342284
5 69 0.975532700256
5 70 0.678511152874
5 71 0.459880371513
5 72 0.542671114917
5 73 0.655691324583
5 74 0.683734233042
5 75 0.843904450754
5 76 0.666205310823
5 77 0.867758922127
5 78 0.968910843953
5 79 0.999535431381
5 80 0.716660270659
5 81 0.782556080632
5 82 0.326684232908
5 83 0.318672229067
5 84 0.357355318425
5 85 0.108537631329
5 86 0.093468299409
5 87 0.424122615411
5 88 0.724268568002
5 89 0.355953243978
5 90 0.107446963744
5 91 0.507322991913
5 92 0.937971660578
5 93 0.231394251666
5 94 0.943825081294
5 95 0.920831790623
5 96 0.869353155192
5 97 0.434730508497
5 98 0.792142665429
5 99 0.638421240497
6 0 0.694659052604
6 1 0.441322420966
6 2 0.181396541287
6 3 0.453696087442
6 4 0.539000615647
6 5 0.688136405566
6 6 0.211298561938
6 7 0.259869026433
6 8 0.589781512559
6 9 0.870985478515
6 10 0.661857942216
6 11 0.278199633470
6 12 0.239611717157
6 13 0.280697918320
6 14 0.325171809171
6 15 0.203130568762
6 16 0.912743002947
6 17 0.753270460737
6 18 0.522185280053
6 19 0.295783358304
6 20 0.612350973742
6 21 0.770174648809
6 22 0.341719938383
6 23 0.129284878049
6 24 0.906228592355
6 25 0.057964007270
6 26 0.143094625984
6 27 0.417148286273
6 28 0.721497851484
6 29 0.171727033137
6 30 0.318161980454
6 31 0.283311297528
6 32 0.525568316520
6 33 0.797175998445
6 34 0.413881314475
6 35 0.440704679087
6 36 0.495836323056
6 37 0.800013963732
6 38 0.870979247573
6 39 0.958411668592
6 40 0.374693468831
6 41 0.606543879850
6 42 0.262640633605
6 43 0.987527703352
6 44 0.061555762999
6 45 0.311779875249
6 46 0.499217888163
6 47 0.570319999105
6 48 0.244132776895
6 49 0.363958993942
6 50 0.653709594412
6 51 0.380858151025
6 52 0.815965420121
6 53 0.906099980141
6 54 0.480576915903
6 55 0.799265194218
6 56 0.039392481103
6 57 0.476014152600
6 58 0.318250240124
6 59 0.414371073781
6 60 0.891122258220
6 61 0.770194113706
6 62 0.098405122585
6 63 0.047129959041
6 64 0.863435868606
6 65 0.277237078589
6 66 0.800361794903
6 67 0.292537390129
6 68 0.236050028531
6 69 0.913289078428
6 70 0.909843002773
6 71 0.449074654038
6 72 0.641228741945
6 73 0.478189265350
6 74 0.344893284733
6 75 0.798050938047
6 76 0.333565097108
6 77 0.719375393401
6 78 0.645508553212
6 79 0.458191309280
6 80 0.474275750806
6 81 0.316383084036
6 82 0.169652670029
6 83 0.770893064858
6 84 0.594094626636
6 85 0.741703357901
6 86 0.162447616476
6 87 0.785891558786
6 88 0.972341279782
6 89 0.754505665744
6 90 0.274422640238
6 91 0.170823501642
6 92 0.923836224936
6 93 0.958481876437
6 94 0.417259218356
6 95 0.400647143832
6 96 0.021547777999
6 97 0.228168147172
6 98 0.368376655440
6 99 0.141437851836
7 0 0.610873682188
7 1 0.899523775506
7 2 0.784995302514
7 3 0.111837870761
7 4 0.171371227788
7 5 0.634675470597
7 6 0.454575023309
7 7 0.080889974764
7 8 0.312158232014
7 9 0.519550888757
7 10 0.074130838750
7 11 0.934055417196
7 12 0.564810226666
7 13 0.247413828639
7 14 0.666119362543
7 15 0.684306467000
7 16 0.486139546127
7 17 0.177215488995
7 18 0.764683191057
7 19 0.456609934319
7 20 0.877077873012
7 21 0.764087904783
7 22 0.457262586378
7 23 0.464272067850
7 24 0.234648456125
7 25 0.414777127350
7 26 0.243921311160
7 27 0.694295164364
7 28 0.298283948654
7 29 0.109958186186
7 30 0.475626354525
7 31 0.313657475004
7 32 0.215205964936
7 33 0.139848727398
7 34 0.543914680362
7 35 0.529244917274
7 36 0.862828647084
7 37 0.035184907668
7 38 0.343368073253
7 39 0.360201604592
7 40 0.705577399132
7 41 0.919264957521
7 42 0.828296965176
7 43 0.353769821770
7 44 0.626035617838
7 45 0.357428234867
7 46 0.970014077655
7 47 0.644781059713
7 48 0.916043431803
7 49 0.680753174819
7 50 0.624039450401
7 51 0.673960800645
7 52 0.889870197958
7 53 0.985285637392
7 54 0.443195320574
7 55 0.451092136908
7 56 0.428445033069
7 57 0.388061200101
7 58 0.004204186886
7 59 0.157233600503
7 60 0.010102509414
7 61 0.954701945590
7 62 0.133785525178
7 63 0.786942264572
7 64 0.222357337916
7 65 0.796625853936
7 66 0.011364238135
7 67 0.459555204660
7 68 0.862426100520
7 69 0.508460900424
7 70 0.918987214668
7 71 0.267780766984
7 72 0.007907831230
7 73 0.871769745755
7 74 0.629868269716
7 75 0.281436709188
7 76 0.719721375897
7 77 0.030253602707
7 78 0.544373033682
7 79 0.108979608457
7 80 0.140799327322
7 81 0.805217035544
7 82 0.881786091955
7 83 0.513330818177
7 84 0.074555422716
7 85 0.186062322192
7 86 0.850036824590
7 87 0.515744055770
7 88 0.809204752888
7 89 0.424288359239
7 90 0.848135046732
7 91 0.710277995417
7 92 0.821839805739
7 93 0.523078657985
7 94 0.479865006674
7 95 0.129468181999
7 96 0.827280863361
7 97 0.345272941757
7 98 0.306702588241
7 99 0.677103464507
8 0 0.447493606479
8 1 0.164906528629
8 2 0.376049206879
8 3 0.692307946908
8 4 0.710320035250
8 5 0.452489110243
8 6 0.868727436309
8 7 0.223617752307
8 8 0.750026232029
8 9 0.902516790635
8 10 0.156849825282
8 11 0.222824363106
8 12 0.370805807135
8 13 0.482824676602
8 14 0.407988097297
8 15 0.076734550210
8 16 0.700844569195
8 17 0.541581598258
8 18 0.977912355392
8 19 0.909976870487
8 20 0.935224742808
8 21 0.480056149320
8 22 0.725874051636
8 23 0.647658143048
8 24 0.672285168076
8 25 0.045797392977
8 26 0.114025429161
8 27 0.386626572633
8 28 0.619684754144
8 29 0.119440585417
8 30 0.339880746658
8 31 0.856743763867
8 32 0.918807271897
8 33 0.530363442214
8 34 0.584445573970
8 35 0.296965730274
8 36 0.079598322961
8 37 0.602027858249
8 38 0.278409988558
8 39 0.787650801739
8 40 0.547679637641
8 41 0.992078048081
8 42 0.764225100156
8 43 0.454746503787
8 44 0.760337028574
8 45 0.988988380283
8 46 0.281742644149
8 47 0.507424682460
8 48 0.269395248063
8 49 0.015265825992
8 50 0.099649067270
8 51 0.839279838534
8 52 0.959696272100
8 53 0.003498173045
8 54 0.558662823262
8 55 0.101180933447
8 56 0.130433288119
8 57 0.312390295024
8 58 0.545057893006
8 59 0.809729158916
8 60 0.904252031933
8 61 0.982428568963
8 62 0.178742673762
8 63 0.630507241197
8 64 0.272886430060
8 65 0.156766943117
8 66 0.131907185159
8 67 0.550892004425
8 68 0.902765731359
8 69 0.763396432713
8 70 0.041948864524
8 71 0.592847792242
8 72 0.478363759008
8 73 0.664673152316
8 74 0.311426009422
8 75 0.008917740048
8 76 0.258042454823
8 77 0.788201253008
8 78 0.949303746134
8 79 0.295994439121
8 80 0.444161227139
8 81 0.316273859195
8 82 0.565124577416
8 83 0.450460086818
8 84 0.156266604345
8 85 0.119416545585
8 86 0.406250577015
8 87 0.460345346640
8 88 0.893461826395
8 89 0.710562598946
8 90 0.483191771203
8 91 0.290313160795
8 92 0.313523414112
8 93 0.839665869502
8 94 0.920175613188
8 95 0.361928979181
8 96 0.240499222784
8 97 0.274803822394
8 98 0.961621749329
8 99 0.141515717682
9 0 0.553018220103
9 1 0.350843525963
9 2 0.355456153646
9 3 0.232902944239
9 4 0.975368091049
9 5 0.703933555431
9 6 0.796838307455
9 7 0.299588713107
9 8 0.745528855831
9 9 0.653804824327
9 10 0.570385389606
9 11 0.676015504782
9 12 0.285489352639
9 13 0.913912059878
9 14 0.914915227101
9 15 0.718306213447
9 16 0.498996935128
9 17 0.911658262814
9 18 0.928056388823
9 19 0.381313428197
9 20 0.164745286008
9 21 0.197763371492
9 22 0.970161054388
9 23 0.698873606625
9 24 0.981756338702
9 25 0.942671405011
9 26 0.539686307529
9 27 0.639368124842
9 28 0.260035001223
9 29 0.356824798607
9 30 0.631931740220
9 31 0.920228502501
9 32 0.640965424339
9 33 0.984850949242
9 34 0.232356961355
9 35 0.137089371001
9 36 0.558529552370
9 37 0.166293140968
9 38 0.743060015375
9 39 0.664466317966
9 40 0.204979904480
9 41 0.216718062159
9 42 0.470621818645
9 43 0.567047891400
9 44 0.622549885456
9 45 0.807339264402
9 46 0.223328889378
9 47 0.871534414793
9 48 0.308290683138
9 49 0.544854625916
9 50 0.144895114928
9 51 0.593988578742
9 52 0.286885340956
9 53 0.490380580745
9 54 0.992691165084
9 55 0.880227027499
9 56 0.874303153419
9 57 0.765986833438
9 58 0.956032140065
9 59 0.364585702680
9 60 0.240222265636
9 61 0.898059359583
9 62 0.415334281482
9 63 0.294732314561
9 64 0.942253342721
9 65 0.862995072689
9 66 0.787370689782
9 67 0.979460940971
9 68 0.514023599576
9 69 0.349221591292
9 70 0.708591537029
9 71 0.194329702213
9 72 0.079791267058
9 73 0.874211150259
9 74 0.883078690742
9 75 0.498945566487
9 76 0.629089764427
9 77 0.236541892949
9 78 0.173849663773
9 79 0.770220885237
9 80 0.157241124284
9 81 0.304655145079
9 82 0.641257241184
9 83 0.490102514897
9 84 0.055208395079
9 85 0.460713712417
9 86 0.033341757931
9 87 0.762315649874
9 88 0.382347305703
9 89 0.032700189475
9 90 0.823813785620
9 91 0.623308882755
9 92 0.378461335548
9 93 0.043159782665
9 94 0.304886606296
9 95 0.289108240265
9 96 0.071948201565
9 97 0.590990074505
9 98 0.381350980876
9 99 0.331288893450
0 0 8
0 1 5
0 2 12
0 3 7
0 4 9
0 5 7
0 6 11
0 7 6
0 8 12
0 9 10
0 10 8
0 11 9
0 12 5
0 13 12
0 14 11
0 15 12
0 16 12
0 17 12
0 18 6
0 19 10
0 20 6
0 21 9
0 22 10
0 23 6
0 24 11
0 25 13
0 26 11
0 27 6
0 28 8
0 29 11
0 30 12
0 31 7
0 32 9
0 33 11
0 34 7
0 35 9
0 36 11
0 37 9
0 38 9
0 39 11
0 40 6
0 41 10
0 42 12
0 43 11
0 44 5
0 45 10
0 46 9
0 47 5
0 48 11
0 49 10
0 50 5
0 51 10
0 52 8
0 53 6
0 54 12
0 55 5
0 56 10
0 57 10
0 58 10
0 59 7
0 60 6
0 61 7
0 62 11
0 63 9
0 64 8
0 65 9
0 66 6
0 67 8
0 68 11
0 69 12
0 70 6
0 71 11
0 72 12
0 73 12
0 74 13
0 75 7
0 76 9
0 77 11
0 78 11
0 79 5
0 80 10
0 81 11
0 82 11
0 83 12
0 84 12
0 85 11
0 86 11
0 87 10
0 88 7
0 89 10
0 90 7
0 91 5
0 92 11
0 93 11
0 94 9
0 95 12
0 96 12
0 97 10
0 98 8
0 99 11
1 0 5
1 1 4
1 2 8
1 3 6
1 4 6
1 5 6
1 6 10
1 7 6
1 8 11
1 9 8
1 10 7
1 11 8
1 12 4
1 13 10
1 14 10
1 15 10
1 16 10
1 17 10
1 18 5
1 19 9
1 20 5
1 21 9
1 22 10
1 23 5
1 24 9
1 25 9
1 26 9
1 27 5
1 28 6
1 29 9
1 30 11
1 31 3
1 32 8
1 33 9
1 34 6
1 35 7
1 36 8
1 37 8
1 38 7
1 39 9
1 40 5
1 41 9
1 42 10
1 43 9
1 44 3
1 45 6
1 46 9
1 47 5
1 48 11
1 49 9
1 50 3
1 51 7
1 52 7
1 53 4
1 54 9
1 55 3
1 56 6
1 57 7
1 58 8
1 59 5
1 60 5
1 61 6
1 62 9
1 63 8
1 64 5
1 65 7
1 66 4
1 67 7
1 68 9
1 69 10
1 70 3
1 71 10
1 72 9
1 73 10
1 74 10
1 75 4
1 76 8
1 77 9
1 78 8
1 79 5
1 80 9
1 81 9
1 82 9
1 83 8
1 84 9
1 85 7
1 86 10
1 87 9
1 88 5
1 89 8
1 90 4
1 91 5
1 92 9
1 93 9
1 94 7
1 95 8
1 96 10
1 97 7
1 98 8
1 99 9
2 0 6
2 1 6
2 2 10
2 3 6
2 4 7
2 5 7
2 6 12
2 7 6
2 8 11
2 9 8
2 10 9
2 11 7
2 12 4
2 13 10
2 14 11
2 15 12
2 16 11
2 17 10
2 18 6
2 19 11
2 20 4
2 21 8
2 22 11
2 23 6
2 24 12
2 25 10
2 26 12
2 27 6
2 28 5
2 29 9
2 30 11
2 31 5
2 32 7
2 33 9
2 34 8
2 35 10
2 36 8
2 37 8
2 38 9
2 39 8
2 40 4
2 41 9
2 42 10
2 43 9
2 44 4
2 45 9
2 46 9
2 47 4
2 48 10
2 49 10
2 50 6
2 51 8
2 52 8
2 53 5
2 54 11
2 55 6
2 56 8
2 57 9
2 58 9
2 59 7
2 60 6
2 61 5
2 62 9
2 63 8
2 64 6
2 65 9
2 66 5
2 67 7
2 68 9
2 69 12
2 70 6
2 71 11
2 72 12
2 73 11
2 74 12
2 75 5
2 76 9
2 77 10
2 78 8
2 79 5
2 80 9
2 81 12
2 82 11
2 83 9
2 84 12
2 85 8
2 86 10
2 87 11
2 88 8
2 89 9
2 90 4
2 91 4
2 92 8
2 93 9
2 94 8
2 95 10
2 96 10
2 97 8
2 98 8
2 99 11
3 0 6
3 1 6
3 2 11
3 3 8
3 4 9
3 5 8
3 6 13
3 7 8
3 8 12
3 9 11
3 10 9
3 11 8
3 12 5
3 13 10
3 14 10
3 15 11
3 16 11
3 17 10
3 18 7
3 19 10
3 20 5
3 21 11
3 22 12
3 23 5
3 24 13
3 25 13
3 26 11
3 27 5
3 28 7
3 29 11
3 30 13
3 31 6
3 32 9
3 33 11
3 34 9
3 35 10
3 36 9
3 37 11
3 38 9
3 39 11
3 40 5
3 41 9
3 42 12
3 43 12
3 44 6
3 45 9
3 46 11
3 47 5
3 48 12
3 49 10
3 50 5
3 51 8
3 52 8
3 53 6
3 54 11
3 55 7
3 56 8
3 57 11
3 58 10
3 59 8
3 60 7
3 61 8
3 62 9
3 63 11
3 64 7
3 65 11
3 66 5
3 67 8
3 68 9
3 69 13
3 70 5
3 71 11
3 72 11
3 73 13
3 74 11
3 75 5
3 76 9
3 77 10
3 78 11
3 79 7
3 80 12
3 81 12
3 82 13
3 83 12
3 84 13
3 85 11
3 86 13
3 87 12
3 88 7
3 89 12
3 90 5
3 91 7
3 92 10
3 93 9
3 94 11
3 95 11
3 96 13
3 97 11
3 98 9
3 99 12
4 0 6
4 1 4
4 2 9
4 3 5
4 4 5
4 5 5
4 6 11
4 7 5
4 8 9
4 9 8
4 10 7
4 11 8
4 12 3
4 13 9
4 14 10
4 15 9
4 16 10
4 17 10
4 18 4
4 19 10
4 20 5
4 21 7
4 22 10
4 23 3
4 24 11
4 25 9
4 26 9
4 27 5
4 28 6
4 29 10
4 30 11
4 31 3
4 32 8
4 33 7
4 34 5
4 35 9
4 36 8
4 37 7
4 38 9
4 39 7
4 40 5
4 41 7
4 42 8
4 43 10
4 44 4
4 45 8
4 46 8
4 47 3
4 48 9
4 49 9
4 50 3
4 51 6
4 52 7
4 53 3
4 54 9
4 55 5
4 56 8
4 57 8
4 58 7
4 59 4
4 60 5
4 61 5
4 62 7
4 63 7
4 64 7
4 65 8
4 66 3
4 67 7
4 68 8
4 69 11
4 70 5
4 71 9
4 72 11
4 73 11
4 74 11
4 75 3
4 76 9
4 77 7
4 78 8
4 79 5
4 80 9
4 81 10
4 82 10
4 83 9
4 84 9
4 85 9
4 86 9
4 87 10
4 88 6
4 89 9
4 90 4
4 91 4
4 92 8
4 93 8
4 94 8
4 95 8
4 96 9
4 97 9
4 98 7
4 99 11
5 0 5
5 1 3
5 2 8
5 3 4
5 4 5
5 5 7
5 6 9
5 7 6
5 8 10
5 9 7
5 10 7
5 11 6
5 12 5
5 13 10
5 14 10
5 15 10
5 16 8
5 17 10
5 18 4
5 19 8
5 20 3
5 21 8
5 22 10
5 23 3
5 24 10
5 25 11
5 26 11
5 27 3
5 28 6
5 29 9
5 30 10
5 31 5
5 32 8
5 33 9
5 34 7
5 35 8
5 36 9
5 37 9
5 38 8
5 39 7
5 40 4
5 41 7
5 42 10
5 43 9
5 44 5
5 45 8
5 46 8
5 47 5
5 48 10
5 49 9
5 50 5
5 51 8
5 52 7
5 53 3
5 54 10
5 55 5
5 56 7
5 57 8
5 58 9
5 59 5
5 60 5
5 61 4
5 62 8
5 63 7
5 64 5
5 65 9
5 66 3
5 67 8
5 68 7
5 69 11
5 70 4
5 71 8
5 72 11
5 73 9
5 74 9
5 75 5
5 76 7
5 77 8
5 78 9
5 79 3
5 80 9
5 81 9
5 82 11
5 83 8
5 84 11
5 85 8
5 86 10
5 87 8
5 88 5
5 89 9
5 90 4
5 91 4
5 92 8
5 93 9
5 94 9
5 95 9
5 96 9
5 97 7
5 98 6
5 99 10
6 0 4
6 1 3
6 2 9
6 3 5
6 4 6
6 5 6
6 6 10
6 7 6
6 8 9
6 9 7
6 10 7
6 11 6
6 12 3
6 13 8
6 14 9
6 15 10
6 16 9
6 17 9
6 18 4
6 19 10
6 20 4
6 21 9
6 22 10
6 23 4
6 24 11
6 25 10
6 26 10
6 27 5
6 28 5
6 29 9
6 30 10
6 31 5
6 32 7
6 33 9
6 34 5
6 35 9
6 36 7
6 37 8
6 38 7
6 39 9
6 40 4
6 41 7
6 42 9
6 43 9
6 44 4
6 45 7
6 46 8
6 47 3
6 48 10
6 49 9
6 50 3
6 51 6
6 52 8
6 53 4
6 54 8
6 55 5
6 56 6
6 57 8
6 58 7
6 59 5
6 60 5
6 61 4
6 62 8
6 63 9
6 64 6
6 65 8
6 66 3
6 67 7
6 68 7
6 69 11
6 70 3
6 71 10
6 72 11
6 73 9
6 74 9
6 75 5
6 76 8
6 77 8
6 78 9
6 79 3
6 80 10
6 81 10
6 82 10
6 83 9
6 84 9
6 85 7
6 86 9
6 87 9
6 88 7
6 89 8
6 90 3
6 91 4
6 92 8
6 93 9
6 94 8
6 95 9
6 96 10
6 97 8
6 98 8
6 99 10
7 0 6
7 1 4
7 2 8
7 3 4
7 4 7
7 5 5
7 6 9
7 7 5
7 8 11
7 9 9
7 10 7
7 11 8
7 12 4
7 13 10
7 14 10
7 15 11
7 16 9
7 17 9
7 18 5
7 19 10
7 20 4
7 21 7
7 22 8
7 23 5
7 24 10
7 25 9
7 26 11
7 27 5
7 28 6
7 29 10
7 30 9
7 31 5
7 32 7
7 33 9
7 34 6
7 35 8
7 36 7
7 37 9
7 38 7
7 39 9
7 40 3
7 41 8
7 42 8
7 43 8
7 44 5
7 45 7
7 46 8
7 47 4
7 48 10
7 49 7
7 50 4
7 51 7
7 52 6
7 53 5
7 54 10
7 55 3
7 56 7
7 57 7
7 58 8
7 59 5
7 60 4
7 61 5
7 62 7
7 63 8
7 64 5
7 65 8
7 66 4
7 67 7
7 68 8
7 69 9
7 70 4
7 71 8
7 72 11
7 73 10
7 74 11
7 75 5
7 76 7
7 77 9
7 78 9
7 79 3
7 80 9
7 81 10
7 82 10
7 83 9
7 84 11
7 85 9
7 86 9
7 87 8
7 88 7
7 89 10
7 90 5
7 91 4
7 92 9
7 93 7
7 94 7
7 95 8
7 96 11
7 97 9
7 98 8
7 99 9
8 0 7
8 1 6
8 2 10
8 3 6
8 4 8
8 5 8
8 6 11
8 7 8
8 8 13
8 9 11
8 10 9
8 11 10
8 12 5
8 13 10
8 14 11
8 15 13
8 16 11
8 17 10
8 18 6
8 19 10
8 20 6
8 21 10
8 22 12
8 23 5
8 24 12
8 25 12
8 26 13
8 27 6
8 28 8
8 29 11
8 30 11
8 31 5
8 32 10
8 33 11
8 34 9
8 35 9
8 36 10
8 37 9
8 38 9
8 39 9
8 40 6
8 41 9
8 42 11
8 43 11
8 44 7
8 45 10
8 46 10
8 47 5
8 48 13
8 49 10
8 50 5
8 51 8
8 52 9
8 53 6
8 54 10
8 55 5
8 56 8
8 57 11
8 58 9
8 59 7
8 60 7
8 61 7
8 62 9
8 63 11
8 64 9
8 65 9
8 66 7
8 67 8
8 68 10
8 69 12
8 70 7
8 71 11
8 72 12
8 73 12
8 74 12
8 75 6
8 76 11
8 77 9
8 78 9
8 79 6
8 80 12
8 81 13
8 82 11
8 83 11
8 84 11
8 85 11
8 86 12
8 87 12
8 88 9
8 89 11
8 90 5
8 91 6
8 92 10
8 93 11
8 94 11
8 95 10
8 96 12
8 97 11
8 98 8
8 99 12
9 0 6
9 1 4
9 2 10
9 3 7
9 4 7
9 5 8
9 6 10
9 7 6
9 8 11
9 9 8
9 10 7
9 11 9
9 12 4
9 13 9
9 14 10
9 15 10
9 16 10
9 17 11
9 18 5
9 19 10
9 20 5
9 21 10
9 22 11
9 23 5
9 24 12
9 25 10
9 26 11
9 27 6
9 28 7
9 29 9
9 30 10
9 31 5
9 32 9
9 33 8
9 34 7
9 35 8
9 36 8
9 37 8
9 38 8
9 39 9
9 40 4
9 41 9
9 42 10
9 43 10
9 44 5
9 45 8
9 46 9
9 47 6
9 48 10
9 49 9
9 50 4
9 51 9
9 52 8
9 53 4
9 54 11
9 55 4
9 56 8
9 57 10
9 58 10
9 59 6
9 60 6
9 61 7
9 62 8
9 63 9
9 64 6
9 65 10
9 66 5
9 67 9
9 68 10
9 69 10
9 70 6
9 71 9
9 72 11
9 73 11
9 74 10
9 75 5
9 76 10
9 77 8
9 78 10
9 79 5
9 80 11
9 81 11
9 82 10
9 83 9
9 84 10
9 85 10
9 86 10
9 87 9
9 88 6
9 89 9
9 90 6
9 91 5
9 92 8
9 93 9
9 94 9
9 95 10
9 96 12
9 97 9
9 98 9
9 99 12
