10 100 10 7 10.0 3.0 1.0 95
2 105 3
8 121 3
3 30 5
3 100 4
3 51 8
7 72 7
4 127 7
8 91 7
3 88 3
4 160 8
4 28 5
0 28 7
3 8 7
1 49 8
8 49 4
7 72 3
2 101 3
9 235 9
7 191 7
8 124 4
0 66 3
8 14 8
4 38 7
4 3 7
4 35 3
6 198 8
8 191 3
4 103 7
5 161 9
3 147 3
7 134 5
7 11 3
6 28 8
0 21 3
1 106 8
5 62 7
0 40 9
5 79 6
6 82 7
1 93 3
3 134 9
5 132 6
1 41 9
9 165 4
0 14 9
5 165 8
6 58 7
8 28 8
1 30 3
9 245 8
4 67 5
2 67 8
9 110 8
2 89 6
5 167 3
3 118 8
9 215 8
6 180 8
7 52 8
8 152 9
9 75 5
7 202 7
2 131 8
2 21 8
8 203 7
1 108 5
5 22 9
5 123 9
0 98 5
4 88 7
1 72 5
2 125 7
6 186 5
6 116 3
1 102 9
6 170 5
7 156 6
2 15 8
6 16 3
7 165 8
0 74 8
9 180 9
2 41 7
8 196 7
9 80 3
0 58 8
5 154 3
0 12 5
1 89 8
4 153 3
3 84 8
7 69 9
3 117 9
1 89 7
6 160 9
0 46 7
2 77 6
9 12 8
9 230 3
5 119 7
0 0 0.843303949047
0 1 0.337641473599
0 2 0.835758122395
0 3 0.666725240807
0 4 0.025556371442
0 5 0.634647481353
0 6 0.754642719201
0 7 0.865218257526
0 8 0.164513177065
0 9 0.917836548691
0 10 0.601340162036
0 11 0.079204911678
0 12 0.869558829005
0 13 0.334942832740
0 14 0.815432451365
0 15 0.653079407715
0 16 0.294099542915
0 17 0.755818296965
0 18 0.990955367339
0 19 0.020546161656
0 20 0.729080568417
0 21 0.242051438148
0 22 0.241123140860
0 23 0.676552328578
0 24 0.862307733657
0 25 0.264989002289
0 26 0.357385876978
0 27 0.461196185865
0 28 0.260866954254
0 29 0.089289682493
0 30 0.712737957464
0 31 0.077786508985
0 32 0.242214903524
0 33 0.883630787000
0 34 0.277833739350
0 35 0.806029199326
0 36 0.853682235953
0 37 0.550510594775
0 38 0.383585514561
0 39 0.843170338137
0 40 0.875820851983
0 41 0.216797678393
0 42 0.218302878437
0 43 0.965859247962
0 44 0.106225977357
0 45 0.844390522961
0 46 0.656747638358
0 47 0.697793588113
0 48 0.841255117807
0 49 0.703559820120
0 50 0.428340189041
0 51 0.417333191484
0 52 0.814038202133
0 53 0.043618122810
0 54 0.576807143799
0 55 0.958565949582
0 56 0.955827141805
0 57 0.653919826132
0 58 0.627549346047
0 59 0.633312612438
0 60 0.287661063301
0 61 0.726280194748
0 62 0.434969026444
0 63 0.636934944840
0 64 0.636247623388
0 65 0.246526993244
0 66 0.121074345942
0 67 0.740692432673
0 68 0.941995633204
0 69 0.190551826286
0 70 0.343034220116
0 71 0.773525804890
0 72 0.914162362578
0 73 0.246710896614
0 74 0.460303582813
0 75 0.179048691765
0 76 0.822168586628
0 77 0.350326933341
0 78 0.177278811600
0 79 0.505928518597
0 80 0.535071075655
0 81 0.256641806505
0 82 0.143625929405
0 83 0.500570757829
0 84 0.699294603865
0 85 0.378284218190
0 86 0.428414893825
0 87 0.784309425857
0 88 0.831383130228
0 89 0.090358971715
0 90 0.947336783498
0 91 0.131173291160
0 92 0.829559552029
0 93 0.168235292585
0 94 0.491258261372
0 95 0.867939412994
0 96 0.583947137854
0 97 0.737911185807
0 98 0.758765757790
0 99 0.521274279301
1 0 0.620196848131
1 1 0.964323235978
1 2 0.856975972168
1 3 0.942881310687
1 4 0.585657941389
1 5 0.074647773315
1 6 0.993323048544
1 7 0.136392009103
1 8 0.616993365553
1 9 0.807414943939
1 10 0.110085930400
1 11 0.703053201690
1 12 0.164350571822
1 13 0.751550585239
1 14 0.740201411606
1 15 0.941999464813
1 16 0.296566420294
1 17 0.276297839161
1 18 0.757276927827
1 19 0.339055682337
1 20 0.952130872291
1 21 0.832362974496
1 22 0.725758204521
1 23 0.679367629907
1 24 0.597291581070
1 25 0.171551539180
1 26 0.230868633694
1 27 0.198600158692
1 28 0.024875348219
1 29 0.790481770966
1 30 0.577016725175
1 31 0.732402159712
1 32 0.103626732002
1 33 0.648617944672
1 34 0.550183899169
1 35 0.713877952098
1 36 0.043883097016
1 37 0.083606209437
1 38 0.479083308302
1 39 0.627155099281
1 40 0.986039485562
1 41 0.120631570470
1 42 0.082754735581
1 43 0.924219023376
1 44 0.461178075233
1 45 0.316504251794
1 46 0.301802082290
1 47 0.276077163569
1 48 0.544979783360
1 49 0.964740738694
1 50 0.562590835589
1 51 0.375722858106
1 52 0.003351772165
1 53 0.507491942475
1 54 0.936042133711
1 55 0.568311050411
1 56 0.573352971246
1 57 0.307916662339
1 58 0.313071721068
1 59 0.744084987719
1 60 0.662496951589
1 61 0.905925068138
1 62 0.076728364805
1 63 0.633590412643
1 64 0.721719398994
1 65 0.966954515766
1 66 0.274253431594
1 67 0.538721533330
1 68 0.003515141728
1 69 0.786417278170
1 70 0.544682955206
1 71 0.871237848952
1 72 0.394292673942
1 73 0.727236348261
1 74 0.747403617170
1 75 0.933952413798
1 76 0.798586662259
1 77 0.453041638113
1 78 0.213749118097
1 79 0.693253188034
1 80 0.246653686011
1 81 0.311717918777
1 82 0.435351300384
1 83 0.896936935454
1 84 0.905580356632
1 85 0.168319541946
1 86 0.114822889717
1 87 0.068390668037
1 88 0.333851027771
1 89 0.252633780987
1 90 0.013030692638
1 91 0.615121388610
1 92 0.717368261711
1 93 0.601080651414
1 94 0.895996709100
1 95 0.966813215064
1 96 0.665151524533
1 97 0.577853819253
1 98 0.860186274172
1 99 0.823715280962
2 0 0.898037465395
2 1 0.613638741566
2 2 0.530304695134
2 3 0.843601886405
2 4 0.860943581400
2 5 0.647395273098
2 6 0.044312229365
2 7 0.538961326079
2 8 0.816761278249
2 9 0.485502029770
2 10 0.555120931530
2 11 0.629260450122
2 12 0.939149354550
2 13 0.814668068137
2 14 0.243863646382
2 15 0.487286554157
2 16 0.045415457629
2 17 0.315819021859
2 18 0.429172159931
2 19 0.512685818445
2 20 0.621539867548
2 21 0.475190503156
2 22 0.834012392886
2 23 0.732850128518
2 24 0.804535157239
2 25 0.132866474342
2 26 0.956602617635
2 27 0.335945168315
2 28 0.930126668399
2 29 0.304155070303
2 30 0.782059091033
2 31 0.755718965129
2 32 0.949484211698
2 33 0.341984911110
2 34 0.506900630361
2 35 0.087001507860
2 36 0.672903044210
2 37 0.312609755320
2 38 0.647177532555
2 39 0.433334310844
2 40 0.127234509170
2 41 0.284406718964
2 42 0.937523549982
2 43 0.976104049581
2 44 0.689148136648
2 45 0.924728873186
2 46 0.551158387600
2 47 0.551195207305
2 48 0.591577213639
2 49 0.056597511472
2 50 0.429615168417
2 51 0.528433173180
2 52 0.583260718167
2 53 0.440801320442
2 54 0.911698336721
2 55 0.941471573660
2 56 0.641586835551
2 57 0.908928881078
2 58 0.709537600536
2 59 0.222478673153
2 60 0.482568307347
2 61 0.029707259700
2 62 0.180583965384
2 63 0.154089466469
2 64 0.485329408320
2 65 0.284260151176
2 66 0.750232078151
2 67 0.755282312656
2 68 0.039552640943
2 69 0.871178714069
2 70 0.749689181343
2 71 0.768120543019
2 72 0.887432023063
2 73 0.976327581669
2 74 0.416574950729
2 75 0.358947651581
2 76 0.278614838990
2 77 0.566906130040
2 78 0.632944322573
2 79 0.497619085693
2 80 0.672931584085
2 81 0.721236939550
2 82 0.702357935621
2 83 0.296205481128
2 84 0.375450877760
2 85 0.133316009488
2 86 0.422969076091
2 87 0.260062288396
2 88 0.767825792269
2 89 0.590221736801
2 90 0.545010782999
2 91 0.122181661218
2 92 0.109283737636
2 93 0.987875827746
2 94 0.518185507320
2 95 0.001544756540
2 96 0.260195196862
2 97 0.803726262502
2 98 0.876268623481
2 99 0.270413720966
3 0 0.118514273120
3 1 0.531096682428
3 2 0.085204736689
3 3 0.983118429161
3 4 0.609647145403
3 5 0.999191798070
3 6 0.016210242853
3 7 0.730455015027
3 8 0.989187264758
3 9 0.509540242312
3 10 0.682018827189
3 11 0.872828616886
3 12 0.403881471131
3 13 0.878354237954
3 14 0.424256584574
3 15 0.157078869735
3 16 0.845450849890
3 17 0.457018639432
3 18 0.035728990167
3 19 0.744757478210
3 20 0.677817902509
3 21 0.751823054281
3 22 0.640806697999
3 23 0.661286836677
3 24 0.006100354974
3 25 0.572858463092
3 26 0.171657360288
3 27 0.443504731615
3 28 0.885508594989
3 29 0.229125967426
3 30 0.917576441595
3 31 0.561489915529
3 32 0.468752177917
3 33 0.640259978570
3 34 0.307045257568
3 35 0.684033672683
3 36 0.244945590829
3 37 0.447336278100
3 38 0.678568258401
3 39 0.907409315711
3 40 0.919466101465
3 41 0.188859365156
3 42 0.209788664925
3 43 0.007440697773
3 44 0.141515754503
3 45 0.926630166668
3 46 0.447712922450
3 47 0.367267826110
3 48 0.289570258431
3 49 0.196315801893
3 50 0.289836387117
3 51 0.302821904793
3 52 0.750453227699
3 53 0.300508874166
3 54 0.291010686575
3 55 0.946219751993
3 56 0.945795460547
3 57 0.337925372871
3 58 0.053549237797
3 59 0.683005853563
3 60 0.181678181784
3 61 0.017957683805
3 62 0.239980287096
3 63 0.989479626822
3 64 0.394306499634
3 65 0.458577086377
3 66 0.563268018513
3 67 0.252944165515
3 68 0.697512079278
3 69 0.126541717923
3 70 0.277397200629
3 71 0.909795303742
3 72 0.600082143808
3 73 0.762873673574
3 74 0.706047637691
3 75 0.200043024205
3 76 0.991519095275
3 77 0.362995450097
3 78 0.947946108491
3 79 0.749803031947
3 80 0.952366139241
3 81 0.329050209777
3 82 0.303034390083
3 83 0.483443862827
3 84 0.119917960346
3 85 0.756850649847
3 86 0.123853526913
3 87 0.274713806368
3 88 0.138336852697
3 89 0.765090065658
3 90 0.842982429747
3 91 0.438596256737
3 92 0.042252506341
3 93 0.715300344090
3 94 0.573634495166
3 95 0.889561655850
3 96 0.476810710816
3 97 0.493297411437
3 98 0.091078901957
3 99 0.612604772107
4 0 0.966411231585
4 1 0.099694945143
4 2 0.695855314898
4 3 0.855677335730
4 4 0.850799502918
4 5 0.395749969922
4 6 0.783971618794
4 7 0.079650320841
4 8 0.512009617092
4 9 0.770041226228
4 10 0.608271986978
4 11 0.142293331854
4 12 0.506612980266
4 13 0.309460279130
4 14 0.895376103290
4 15 0.873989180672
4 16 0.354049567113
4 17 0.094089339075
4 18 0.337543670301
4 19 0.601849603070
4 20 0.555450667310
4 21 0.810577164731
4 22 0.039733356257
4 23 0.385878066696
4 24 0.424842400337
4 25 0.704501222565
4 26 0.976855885435
4 27 0.540426998116
4 28 0.821366255315
4 29 0.136664166350
4 30 0.012632642404
4 31 0.174127385945
4 32 0.576888762097
4 33 0.358127655060
4 34 0.842739229960
4 35 0.585822378347
4 36 0.706279528538
4 37 0.148499564586
4 38 0.473155643971
4 39 0.807145777025
4 40 0.797092729106
4 41 0.166319129512
4 42 0.027070912474
4 43 0.342696798812
4 44 0.575937215050
4 45 0.896757460348
4 46 0.456276056139
4 47 0.286473602816
4 48 0.221821300788
4 49 0.468193912154
4 50 0.618148779140
4 51 0.441832418247
4 52 0.749800144046
4 53 0.039856656801
4 54 0.350100096375
4 55 0.130731630176
4 56 0.566293673754
4 57 0.972920516113
4 58 0.708257176703
4 59 0.870954559968
4 60 0.729294862329
4 61 0.852206789171
4 62 0.330221869790
4 63 0.770768952598
4 64 0.654496609681
4 65 0.344461603159
4 66 0.028439751578
4 67 0.416083871866
4 68 0.382105531872
4 69 0.733914946642
4 70 0.764121935080
4 71 0.136294994008
4 72 0.699015339847
4 73 0.635663566643
4 74 0.137066182987
4 75 0.402334494674
4 76 0.274172963795
4 77 0.731080529121
4 78 0.848247199874
4 79 0.766811141765
4 80 0.877698339771
4 81 0.200464489498
4 82 0.791876768014
4 83 0.461260533376
4 84 0.791243166052
4 85 0.145041854147
4 86 0.394129339940
4 87 0.904198804840
4 88 0.594862149672
4 89 0.477653394417
4 90 0.609614574653
4 91 0.532916355521
4 92 0.049232517501
4 93 0.814047500055
4 94 0.614928560358
4 95 0.466062679719
4 96 0.999860089602
4 97 0.042285046868
4 98 0.875785995579
4 99 0.141530274908
5 0 0.546409961263
5 1 0.990700933015
5 2 0.720431866464
5 3 0.012360494680
5 4 0.975787454431
5 5 0.771492829776
5 6 0.891776715429
5 7 0.978823652589
5 8 0.031321874481
5 9 0.118042495678
5 10 0.443324383778
5 11 0.523660954810
5 12 0.140187200540
5 13 0.843931968203
5 14 0.910771740355
5 15 0.563067768349
5 16 0.950915991372
5 17 0.908653397779
5 18 0.736101500395
5 19 0.751468403463
5 20 0.309307103705
5 21 0.166167686692
5 22 0.789237585222
5 23 0.087697307760
5 24 0.832117840194
5 25 0.183388459587
5 26 0.199549967358
5 27 0.569520994222
5 28 0.533693322765
5 29 0.077514824081
5 30 0.453893575844
5 31 0.837398168142
5 32 0.361581364212
5 33 0.075046550089
5 34 0.336766145085
5 35 0.432563991677
5 36 0.014556030479
5 37 0.163091202944
5 38 0.610860662343
5 39 0.423828167757
5 40 0.362680637928
5 41 0.475418429214
5 42 0.529706151116
5 43 0.722381009325
5 44 0.442477809629
5 45 0.666458748391
5 46 0.485407700907
5 47 0.939351085243
5 48 0.739965996934
5 49 0.625287057629
5 50 0.564393750154
5 51 0.082164455286
5 52 0.701696017925
5 53 0.669507515902
5 54 0.018234066054
5 55 0.782774760952
5 56 0.217872218304
5 57 0.169526439582
5 58 0.015728655996
5 59 0.240795534627
5 60 0.001672501639
5 61 0.042894351226
5 62 0.738385663988
5 63 0.194097833663
5 64 0.912805697312
5 65 0.964589547882
5 66 0.873039918472
5 67 0.614618510228
5 68 0.844092516620
5 69 0.548246527729
5 70 0.638540828718
5 71 0.516238322764
5 72 0.472170935700
5 73 0.090716702514
5 74 0.924003529010
5 75 0.777472050452
5 76 0.567411777614
5 77 0.053766259344
5 78 0.067058546763
5 79 0.041175912029
5 80 0.556549197056
5 81 0.609019904186
5 82 0.458768306757
5 83 0.085429659769
5 84 0.853982860076
5 85 0.505060858723
5 86 0.778125418654
5 87 0.354994306521
5 88 0.738142336645
5 89 0.364058184077
5 90 0.641036821345
5 91 0.184253918120
5 92 0.539564998774
5 93 0.824631412555
5 94 0.672068099260
5 95 0.046858841088
5 96 0.591550695400
5 97 0.464283061138
5 98 0.498340918276
5 99 0.240833324895
6 0 0.634277068212
6 1 0.639484442843
6 2 0.247877533892
6 3 0.517838307419
6 4 0.369861574040
6 5 0.985618981993
6 6 0.487808340215
6 7 0.100795673485
6 8 0.596029244579
6 9 0.528251982715
6 10 0.851218330630
6 11 0.919989350830
6 12 0.000523550949
6 13 0.469808255431
6 14 0.488443568454
6 15 0.710000855899
6 16 0.085860975382
6 17 0.564966799255
6 18 0.812941246025
6 19 0.113325838450
6 20 0.236540979764
6 21 0.856140115357
6 22 0.989265942643
6 23 0.359428697089
6 24 0.641835995155
6 25 0.660881262732
6 26 0.059763858824
6 27 0.442883047487
6 28 0.833447515220
6 29 0.597965096869
6 30 0.053599569629
6 31 0.824971823123
6 32 0.384292210868
6 33 0.150182200419
6 34 0.545943232333
6 35 0.685176068721
6 36 0.970988077854
6 37 0.358804864471
6 38 0.213205940632
6 39 0.856605820813
6 40 0.070012214419
6 41 0.442418642964
6 42 0.423401625485
6 43 0.644565511338
6 44 0.170996454927
6 45 0.061142250090
6 46 0.473786267372
6 47 0.314049758441
6 48 0.655586789404
6 49 0.728518516866
6 50 0.884177960487
6 51 0.874663313352
6 52 0.920514531642
6 53 0.226154928873
6 54 0.518203006864
6 55 0.370870021560
6 56 0.369121484695
6 57 0.656191031585
6 58 0.462671550233
6 59 0.695777678580
6 60 0.534279297244
6 61 0.523194168970
6 62 0.604519110171
6 63 0.799120837848
6 64 0.434055793457
6 65 0.726372565544
6 66 0.245598878965
6 67 0.578604196561
6 68 0.155302034669
6 69 0.158321095341
6 70 0.499472139688
6 71 0.985864357794
6 72 0.019684049183
6 73 0.583947803108
6 74 0.884085767499
6 75 0.263643109268
6 76 0.622231458294
6 77 0.792063044382
6 78 0.591335129732
6 79 0.878684119202
6 80 0.620890141304
6 81 0.015604987328
6 82 0.157085027831
6 83 0.218986563114
6 84 0.219822713862
6 85 0.053623426282
6 86 0.974232962322
6 87 0.484543950293
6 88 0.281673416630
6 89 0.912457400189
6 90 0.489638061008
6 91 0.989732749171
6 92 0.454194046869
6 93 0.323295582366
6 94 0.323671336416
6 95 0.827588108802
6 96 0.559332190535
6 97 0.296659963372
6 98 0.901926135891
6 99 0.019925494337
7 0 0.257308084773
7 1 0.396694191273
7 2 0.495617075796
7 3 0.241720614970
7 4 0.262669203757
7 5 0.284548834162
7 6 0.362974342046
7 7 0.105998960619
7 8 0.902566519232
7 9 0.586796939684
7 10 0.953352050606
7 11 0.300720243357
7 12 0.957743490102
7 13 0.396313028861
7 14 0.985708081697
7 15 0.912082519346
7 16 0.488233511085
7 17 0.424059850770
7 18 0.905976581023
7 19 0.535002044504
7 20 0.602049278425
7 21 0.073611784782
7 22 0.194409692925
7 23 0.460124886896
7 24 0.496458611780
7 25 0.491911490444
7 26 0.676497918883
7 27 0.012266128515
7 28 0.616781510880
7 29 0.201569003825
7 30 0.551913993856
7 31 0.280949686710
7 32 0.894009025130
7 33 0.628331524965
7 34 0.489816494574
7 35 0.696302131308
7 36 0.515665440093
7 37 0.996894289773
7 38 0.711337984147
7 39 0.769930095444
7 40 0.807812404717
7 41 0.252400101184
7 42 0.124364512386
7 43 0.612157240846
7 44 0.349307060659
7 45 0.449084489332
7 46 0.086321374680
7 47 0.194760750843
7 48 0.222960867930
7 49 0.612693465686
7 50 0.513508802401
7 51 0.666230389327
7 52 0.964108585073
7 53 0.478246307463
7 54 0.241496679082
7 55 0.555173587421
7 56 0.967220373845
7 57 0.143548104797
7 58 0.806122658878
7 59 0.687753305444
7 60 0.737335553765
7 61 0.611224204198
7 62 0.031959595449
7 63 0.789274288652
7 64 0.313742989262
7 65 0.001809627619
7 66 0.036810896678
7 67 0.871121365640
7 68 0.077804740281
7 69 0.055868693034
7 70 0.803903998037
7 71 0.414925274257
7 72 0.391608694176
7 73 0.074087673715
7 74 0.601442769076
7 75 0.416355185780
7 76 0.842085721557
7 77 0.636792606346
7 78 0.903285550870
7 79 0.694857093107
7 80 0.509631633071
7 81 0.474087441757
7 82 0.278023639303
7 83 0.739217781169
7 84 0.014971181447
7 85 0.588917028215
7 86 0.337625872084
7 87 0.009148630668
7 88 0.104592344725
7 89 0.451668091894
7 90 0.396026434395
7 91 0.013292844115
7 92 0.533206988399
7 93 0.676342284881
7 94 0.491991555863
7 95 0.583834516965
7 96 0.926722532305
7 97 0.255471257511
7 98 0.152211965266
7 99 0.980645883159
8 0 0.442470459438
8 1 0.997549848962
8 2 0.742343827431
8 3 0.018413381452
8 4 0.925969044418
8 5 0.733916086326
8 6 0.187537027139
8 7 0.065826465899
8 8 0.313237791017
8 9 0.107542309701
8 10 0.647415306310
8 11 0.108704095515
8 12 0.688940471630
8 13 0.677927143471
8 14 0.933455649724
8 15 0.250968789660
8 16 0.221114334749
8 17 0.085053633660
8 18 0.410603624607
8 19 0.767075113197
8 20 0.370649189677
8 21 0.257208729088
8 22 0.590899757410
8 23 0.616569725488
8 24 0.900162075815
8 25 0.482805434512
8 26 0.127484423082
8 27 0.396108082435
8 28 0.445385300407
8 29 0.587898628102
8 30 0.154190948101
8 31 0.612323492002
8 32 0.839117463667
8 33 0.343237674667
8 34 0.885791839433
8 35 0.315817400381
8 36 0.249691866369
8 37 0.961036130110
8 38 0.547659847778
8 39 0.907678706619
8 40 0.313344642526
8 41 0.174819963480
8 42 0.992844064800
8 43 0.189456259435
8 44 0.806769843497
8 45 0.956040681508
8 46 0.783264452314
8 47 0.881130618701
8 48 0.176050304761
8 49 0.554014569027
8 50 0.402690332601
8 51 0.129107829079
8 52 0.252597863840
8 53 0.779644824817
8 54 0.109889442897
8 55 0.156147657168
8 56 0.867584582302
8 57 0.009040872756
8 58 0.282344633980
8 59 0.000799236135
8 60 0.384422177452
8 61 0.462645524983
8 62 0.659086441112
8 63 0.837741455149
8 64 0.394632537873
8 65 0.517792105256
8 66 0.476564988329
8 67 0.591077614486
8 68 0.280663029402
8 69 0.928200170967
8 70 0.163404571240
8 71 0.587282152996
8 72 0.696610372093
8 73 0.284065615442
8 74 0.240069153727
8 75 0.461769623196
8 76 0.407189878124
8 77 0.213011900636
8 78 0.876031722904
8 79 0.194416731461
8 80 0.215142041829
8 81 0.765890850704
8 82 0.209280809629
8 83 0.866651939711
8 84 0.539066535639
8 85 0.049670695046
8 86 0.685586023940
8 87 0.193925853308
8 88 0.466765266477
8 89 0.366391867178
8 90 0.786561926009
8 91 0.870001315257
8 92 0.778799476337
8 93 0.565224070564
8 94 0.493162701736
8 95 0.835582217025
8 96 0.322883415848
8 97 0.688822839510
8 98 0.198083191733
8 99 0.401534423723
9 0 0.706486842973
9 1 0.272248476618
9 2 0.916874844196
9 3 0.960376431000
9 4 0.515711113530
9 5 0.043248438042
9 6 0.315952718852
9 7 0.833872354326
9 8 0.076425421843
9 9 0.204080727136
9 10 0.439340903545
9 11 0.857417315497
9 12 0.405526799327
9 13 0.209457893661
9 14 0.206499921531
9 15 0.708652622507
9 16 0.412823216561
9 17 0.301756223999
9 18 0.519362852584
9 19 0.892176967515
9 20 0.861177941586
9 21 0.449898030222
9 22 0.213628832944
9 23 0.976837942860
9 24 0.963175706308
9 25 0.755873106773
9 26 0.966403386089
9 27 0.340284914183
9 28 0.793541975179
9 29 0.246772275199
9 30 0.051432310331
9 31 0.953154755340
9 32 0.862597007157
9 33 0.401994692607
9 34 0.144657963392
9 35 0.756004152752
9 36 0.186992737852
9 37 0.821279612460
9 38 0.354063860831
9 39 0.580807557078
9 40 0.740078190800
9 41 0.414908664044
9 42 0.823715831262
9 43 0.491941341611
9 44 0.193318949266
9 45 0.115112333947
9 46 0.101660788884
9 47 0.645252336249
9 48 0.283818656566
9 49 0.650736947490
9 50 0.885430950461
9 51 0.876192665493
9 52 0.367127630434
9 53 0.691637095139
9 54 0.849065892634
9 55 0.434997350525
9 56 0.429212383600
9 57 0.954832151850
9 58 0.589243900480
9 59 0.833318606585
9 60 0.348626555386
9 61 0.363675052317
9 62 0.160714165941
9 63 0.891369329865
9 64 0.225778675505
9 65 0.421732156893
9 66 0.446761557852
9 67 0.693766654819
9 68 0.160968829633
9 69 0.890911555467
9 70 0.098183311547
9 71 0.865217293566
9 72 0.812957284069
9 73 0.759042150560
9 74 0.435133513067
9 75 0.598599149002
9 76 0.896645464222
9 77 0.104205127907
9 78 0.392963998945
9 79 0.931819949118
9 80 0.411235297167
9 81 0.775195056608
9 82 0.382081166187
9 83 0.593204170772
9 84 0.698469096563
9 85 0.946400875890
9 86 0.647926859099
9 87 0.315186617198
9 88 0.706429354572
9 89 0.578089869069
9 90 0.647603338538
9 91 0.667523726419
9 92 0.772145784737
9 93 0.328105752757
9 94 0.790355138456
9 95 0.637295671462
9 96 0.571723769550
9 97 0.780018228979
9 98 0.324698891947
9 99 0.976361547808
0 0 4
0 1 4
0 2 6
0 3 7
0 4 10
0 5 10
0 6 10
0 7 8
0 8 5
0 9 9
0 10 6
0 11 9
0 12 10
0 13 10
0 14 6
0 15 4
0 16 6
0 17 11
0 18 8
0 19 7
0 20 6
0 21 10
0 22 10
0 23 9
0 24 4
0 25 11
0 26 6
0 27 9
0 28 10
0 29 4
0 30 8
0 31 4
0 32 9
0 33 4
0 34 9
0 35 8
0 36 10
0 37 7
0 38 8
0 39 5
0 40 11
0 41 7
0 42 12
0 43 7
0 44 10
0 45 9
0 46 8
0 47 10
0 48 5
0 49 10
0 50 8
0 51 10
0 52 10
0 53 7
0 54 4
0 55 9
0 56 11
0 57 11
0 58 10
0 59 10
0 60 8
0 61 10
0 62 11
0 63 11
0 64 9
0 65 6
0 66 11
0 67 12
0 68 8
0 69 10
0 70 8
0 71 9
0 72 6
0 73 6
0 74 11
0 75 8
0 76 9
0 77 10
0 78 6
0 79 10
0 80 11
0 81 10
0 82 10
0 83 9
0 84 6
0 85 11
0 86 6
0 87 7
0 88 9
0 89 6
0 90 11
0 91 10
0 92 11
0 93 9
0 94 10
0 95 10
0 96 7
0 97 10
0 98 5
0 99 8
1 0 6
1 1 6
1 2 7
1 3 7
1 4 12
1 5 9
1 6 11
1 7 11
1 8 5
1 9 12
1 10 9
1 11 9
1 12 10
1 13 12
1 14 8
1 15 7
1 16 5
1 17 13
1 18 10
1 19 7
1 20 7
1 21 10
1 22 9
1 23 11
1 24 6
1 25 10
1 26 5
1 27 11
1 28 11
1 29 5
1 30 8
1 31 7
1 32 10
1 33 5
1 34 10
1 35 11
1 36 13
1 37 9
1 38 11
1 39 6
1 40 12
1 41 10
1 42 12
1 43 7
1 44 12
1 45 10
1 46 11
1 47 10
1 48 6
1 49 12
1 50 7
1 51 10
1 52 12
1 53 9
1 54 5
1 55 12
1 56 10
1 57 10
1 58 11
1 59 11
1 60 8
1 61 9
1 62 10
1 63 12
1 64 10
1 65 8
1 66 13
1 67 13
1 68 7
1 69 10
1 70 8
1 71 10
1 72 7
1 73 7
1 74 12
1 75 9
1 76 8
1 77 11
1 78 7
1 79 11
1 80 11
1 81 11
1 82 9
1 83 10
1 84 5
1 85 11
1 86 6
1 87 8
1 88 10
1 89 7
1 90 11
1 91 11
1 92 13
1 93 11
1 94 11
1 95 9
1 96 8
1 97 12
1 98 7
1 99 10
2 0 8
2 1 8
2 2 8
2 3 7
2 4 12
2 5 10
2 6 11
2 7 12
2 8 7
2 9 12
2 10 10
2 11 12
2 12 10
2 13 11
2 14 7
2 15 8
2 16 7
2 17 12
2 18 11
2 19 9
2 20 6
2 21 11
2 22 11
2 23 11
2 24 6
2 25 11
2 26 8
2 27 12
2 28 13
2 29 7
2 30 9
2 31 7
2 32 11
2 33 7
2 34 11
2 35 12
2 36 14
2 37 11
2 38 10
2 39 7
2 40 14
2 41 11
2 42 14
2 43 7
2 44 14
2 45 12
2 46 10
2 47 11
2 48 8
2 49 11
2 50 10
2 51 13
2 52 13
2 53 11
2 54 7
2 55 12
2 56 13
2 57 12
2 58 11
2 59 14
2 60 8
2 61 10
2 62 12
2 63 11
2 64 10
2 65 10
2 66 14
2 67 14
2 68 8
2 69 11
2 70 10
2 71 11
2 72 10
2 73 8
2 74 12
2 75 10
2 76 11
2 77 13
2 78 8
2 79 11
2 80 13
2 81 14
2 82 12
2 83 11
2 84 7
2 85 13
2 86 8
2 87 10
2 88 13
2 89 7
2 90 12
2 91 14
2 92 12
2 93 12
2 94 14
2 95 11
2 96 11
2 97 13
2 98 7
2 99 10
3 0 5
3 1 3
3 2 7
3 3 5
3 4 8
3 5 9
3 6 9
3 7 7
3 8 3
3 9 9
3 10 5
3 11 9
3 12 7
3 13 8
3 14 5
3 15 3
3 16 4
3 17 11
3 18 8
3 19 6
3 20 5
3 21 9
3 22 9
3 23 9
3 24 4
3 25 8
3 26 4
3 27 7
3 28 10
3 29 5
3 30 6
3 31 4
3 32 10
3 33 3
3 34 10
3 35 7
3 36 11
3 37 6
3 38 8
3 39 3
3 40 11
3 41 8
3 42 10
3 43 6
3 44 9
3 45 10
3 46 8
3 47 8
3 48 4
3 49 9
3 50 5
3 51 10
3 52 9
3 53 7
3 54 3
3 55 9
3 56 8
3 57 8
3 58 8
3 59 10
3 60 6
3 61 9
3 62 8
3 63 8
3 64 7
3 65 6
3 66 9
3 67 10
3 68 6
3 69 9
3 70 6
3 71 7
3 72 6
3 73 3
3 74 10
3 75 6
3 76 7
3 77 9
3 78 5
3 79 9
3 80 10
3 81 9
3 82 9
3 83 8
3 84 5
3 85 10
3 86 5
3 87 6
3 88 10
3 89 3
3 90 9
3 91 11
3 92 11
3 93 8
3 94 9
3 95 8
3 96 8
3 97 9
3 98 3
3 99 9
4 0 7
4 1 7
4 2 8
4 3 7
4 4 12
4 5 11
4 6 12
4 7 10
4 8 8
4 9 12
4 10 10
4 11 10
4 12 10
4 13 13
4 14 8
4 15 6
4 16 8
4 17 13
4 18 11
4 19 8
4 20 6
4 21 12
4 22 12
4 23 10
4 24 8
4 25 13
4 26 8
4 27 11
4 28 12
4 29 7
4 30 10
4 31 6
4 32 12
4 33 7
4 34 13
4 35 10
4 36 13
4 37 9
4 38 12
4 39 6
4 40 12
4 41 9
4 42 12
4 43 9
4 44 13
4 45 13
4 46 12
4 47 13
4 48 8
4 49 13
4 50 9
4 51 13
4 52 13
4 53 11
4 54 6
4 55 11
4 56 12
4 57 13
4 58 13
4 59 13
4 60 10
4 61 12
4 62 12
4 63 11
4 64 10
4 65 10
4 66 13
4 67 12
4 68 10
4 69 11
4 70 9
4 71 10
4 72 8
4 73 8
4 74 14
4 75 8
4 76 10
4 77 12
4 78 6
4 79 13
4 80 12
4 81 12
4 82 12
4 83 10
4 84 8
4 85 12
4 86 8
4 87 10
4 88 11
4 89 6
4 90 13
4 91 14
4 92 13
4 93 12
4 94 14
4 95 12
4 96 9
4 97 12
4 98 8
4 99 11
5 0 7
5 1 5
5 2 7
5 3 8
5 4 11
5 5 9
5 6 9
5 7 11
5 8 6
5 9 12
5 10 9
5 11 10
5 12 11
5 13 11
5 14 8
5 15 6
5 16 5
5 17 12
5 18 11
5 19 6
5 20 5
5 21 12
5 22 10
5 23 9
5 24 7
5 25 11
5 26 7
5 27 10
5 28 12
5 29 6
5 30 7
5 31 7
5 32 10
5 33 6
5 34 11
5 35 11
5 36 11
5 37 9
5 38 9
5 39 7
5 40 11
5 41 8
5 42 12
5 43 7
5 44 12
5 45 10
5 46 11
5 47 10
5 48 6
5 49 10
5 50 9
5 51 10
5 52 10
5 53 9
5 54 7
5 55 12
5 56 11
5 57 12
5 58 10
5 59 11
5 60 7
5 61 9
5 62 12
5 63 10
5 64 11
5 65 8
5 66 13
5 67 11
5 68 8
5 69 10
5 70 7
5 71 9
5 72 8
5 73 5
5 74 13
5 75 8
5 76 8
5 77 12
5 78 7
5 79 10
5 80 12
5 81 11
5 82 10
5 83 10
5 84 5
5 85 10
5 86 7
5 87 7
5 88 12
5 89 7
5 90 11
5 91 11
5 92 12
5 93 9
5 94 13
5 95 9
5 96 10
5 97 11
5 98 6
5 99 9
6 0 4
6 1 3
6 2 6
6 3 5
6 4 8
6 5 8
6 6 7
6 7 8
6 8 3
6 9 10
6 10 7
6 11 8
6 12 8
6 13 8
6 14 5
6 15 3
6 16 5
6 17 10
6 18 8
6 19 4
6 20 4
6 21 10
6 22 9
6 23 9
6 24 3
6 25 9
6 26 5
6 27 8
6 28 11
6 29 4
6 30 7
6 31 4
6 32 10
6 33 4
6 34 9
6 35 7
6 36 11
6 37 6
6 38 7
6 39 3
6 40 10
6 41 7
6 42 11
6 43 4
6 44 9
6 45 9
6 46 9
6 47 9
6 48 3
6 49 10
6 50 5
6 51 8
6 52 9
6 53 7
6 54 5
6 55 10
6 56 9
6 57 9
6 58 9
6 59 10
6 60 6
6 61 8
6 62 8
6 63 8
6 64 8
6 65 6
6 66 9
6 67 11
6 68 6
6 69 8
6 70 7
6 71 8
6 72 6
6 73 5
6 74 9
6 75 5
6 76 8
6 77 9
6 78 5
6 79 8
6 80 8
6 81 11
6 82 7
6 83 8
6 84 5
6 85 10
6 86 3
6 87 7
6 88 10
6 89 3
6 90 8
6 91 10
6 92 11
6 93 9
6 94 9
6 95 9
6 96 8
6 97 9
6 98 5
6 99 7
7 0 3
7 1 3
7 2 5
7 3 6
7 4 8
7 5 8
7 6 7
7 7 9
7 8 5
7 9 9
7 10 6
7 11 9
7 12 8
7 13 8
7 14 6
7 15 5
7 16 3
7 17 9
7 18 7
7 19 4
7 20 5
7 21 8
7 22 9
7 23 8
7 24 5
7 25 8
7 26 3
7 27 7
7 28 11
7 29 3
7 30 5
7 31 4
7 32 9
7 33 3
7 34 9
7 35 8
7 36 11
7 37 7
7 38 8
7 39 4
7 40 10
7 41 6
7 42 11
7 43 5
7 44 11
7 45 9
7 46 7
7 47 10
7 48 5
7 49 8
7 50 5
7 51 8
7 52 10
7 53 8
7 54 5
7 55 9
7 56 8
7 57 9
7 58 10
7 59 11
7 60 6
7 61 9
7 62 8
7 63 9
7 64 7
7 65 7
7 66 9
7 67 10
7 68 6
7 69 8
7 70 5
7 71 7
7 72 7
7 73 3
7 74 11
7 75 7
7 76 6
7 77 10
7 78 3
7 79 9
7 80 9
7 81 11
7 82 7
7 83 8
7 84 5
7 85 8
7 86 4
7 87 6
7 88 9
7 89 4
7 90 8
7 91 9
7 92 11
7 93 8
7 94 11
7 95 9
7 96 8
7 97 8
7 98 4
7 99 9
8 0 5
8 1 6
8 2 7
8 3 8
8 4 10
8 5 9
8 6 10
8 7 9
8 8 5
8 9 11
8 10 8
8 11 9
8 12 10
8 13 11
8 14 7
8 15 6
8 16 6
8 17 13
8 18 10
8 19 6
8 20 5
8 21 12
8 22 11
8 23 9
8 24 6
8 25 12
8 26 5
8 27 10
8 28 11
8 29 7
8 30 9
8 31 7
8 32 10
8 33 7
8 34 10
8 35 11
8 36 13
8 37 8
8 38 10
8 39 5
8 40 12
8 41 8
8 42 11
8 43 7
8 44 12
8 45 12
8 46 11
8 47 12
8 48 6
8 49 12
8 50 7
8 51 12
8 52 12
8 53 9
8 54 5
8 55 11
8 56 10
8 57 11
8 58 10
8 59 11
8 60 8
8 61 10
8 62 11
8 63 12
8 64 9
8 65 7
8 66 11
8 67 12
8 68 9
8 69 9
8 70 7
8 71 10
8 72 8
8 73 5
8 74 11
8 75 7
8 76 8
8 77 12
8 78 7
8 79 10
8 80 10
8 81 11
8 82 11
8 83 11
8 84 6
8 85 10
8 86 5
8 87 8
8 88 12
8 89 6
8 90 10
8 91 13
8 92 13
8 93 9
8 94 12
8 95 9
8 96 9
8 97 10
8 98 6
8 99 10
9 0 4
9 1 5
9 2 8
9 3 7
9 4 10
9 5 8
9 6 8
9 7 8
9 8 5
9 9 11
9 10 7
9 11 9
9 12 9
9 13 9
9 14 7
9 15 5
9 16 5
9 17 11
9 18 10
9 19 5
9 20 5
9 21 9
9 22 8
9 23 9
9 24 5
9 25 11
9 26 6
9 27 8
9 28 11
9 29 4
9 30 6
9 31 6
9 32 11
9 33 4
9 34 10
9 35 8
9 36 12
9 37 7
9 38 10
9 39 5
9 40 12
9 41 9
9 42 12
9 43 6
9 44 12
9 45 9
9 46 8
9 47 9
9 48 4
9 49 11
9 50 6
9 51 11
9 52 10
9 53 9
9 54 6
9 55 10
9 56 9
9 57 9
9 58 11
9 59 11
9 60 7
9 61 9
9 62 9
9 63 9
9 64 9
9 65 7
9 66 12
9 67 11
9 68 6
9 69 9
9 70 8
9 71 8
9 72 8
9 73 6
9 74 11
9 75 8
9 76 7
9 77 11
9 78 4
9 79 10
9 80 10
9 81 10
9 82 9
9 83 8
9 84 6
9 85 9
9 86 4
9 87 6
9 88 11
9 89 4
9 90 10
9 91 10
9 92 10
9 93 10
9 94 11
9 95 10
9 96 8
9 97 11
9 98 5
9 99 9
