10 100 10 7 10.0 3.0 1.0 95
5 86 7
4 70 6
7 163 4
3 132 7
8 191 8
1 107 4
2 125 8
3 87 7
3 14 6
3 88 3
1 12 3
6 42 9
2 83 4
3 69 3
5 4 7
5 92 5
9 145 7
1 80 3
7 150 3
8 161 3
2 107 9
6 96 8
2 88 8
0 91 7
2 57 7
9 200 6
1 52 7
5 37 8
7 128 9
4 8 9
8 7 8
7 30 8
8 184 5
6 6 7
7 156 8
4 30 7
6 120 9
0 37 5
0 53 9
8 184 8
0 72 6
4 107 3
7 143 3
1 104 8
3 40 8
8 138 3
0 73 3
5 2 9
5 77 9
4 145 7
1 28 9
8 189 9
9 122 7
6 12 4
3 118 9
9 148 8
0 60 8
0 29 8
9 12 8
6 86 3
5 64 6
2 112 3
6 118 7
9 172 8
9 8 8
0 3 3
3 63 9
8 226 9
4 140 9
9 230 5
1 15 7
7 7 7
0 52 9
1 77 7
2 37 7
9 28 3
4 7 7
2 84 4
6 100 9
3 108 9
8 212 4
2 9 9
5 152 8
0 4 9
4 47 3
3 141 6
8 201 9
4 22 4
4 48 9
7 143 6
1 64 6
7 33 8
2 80 3
5 44 3
1 22 9
5 94 3
6 126 4
7 11 9
6 52 3
9 120 3
0 0 0.120367694807
0 1 0.034525256984
0 2 0.751832856224
0 3 0.809977545250
0 4 0.767664439093
0 5 0.261999148076
0 6 0.576973771280
0 7 0.952528589399
0 8 0.169177928224
0 9 0.554894288010
0 10 0.618011834923
0 11 0.820217213812
0 12 0.048542418827
0 13 0.874058505007
0 14 0.912684888833
0 15 0.856750367569
0 16 0.364766518807
0 17 0.057689889176
0 18 0.834441914452
0 19 0.243865203177
0 20 0.236099680094
0 21 0.330535392359
0 22 0.924816544821
0 23 0.513940850939
0 24 0.412692799571
0 25 0.882600311893
0 26 0.494497880221
0 27 0.913240651098
0 28 0.066251823600
0 29 0.817064355591
0 30 0.767333691963
0 31 0.630754413001
0 32 0.311052951082
0 33 0.948361598375
0 34 0.843849052542
0 35 0.880115870604
0 36 0.147663899135
0 37 0.670167747918
0 38 0.416201061746
0 39 0.090250622231
0 40 0.716093838619
0 41 0.738094155507
0 42 0.069348537733
0 43 0.116639017852
0 44 0.713686130998
0 45 0.903380328548
0 46 0.851716518456
0 47 0.194484992307
0 48 0.786296669383
0 49 0.677151696184
0 50 0.773508944720
0 51 0.514150892990
0 52 0.176577829464
0 53 0.896540767584
0 54 0.422270068870
0 55 0.503825417647
0 56 0.190844155192
0 57 0.284662175253
0 58 0.953063513457
0 59 0.274772729491
0 60 0.836495474281
0 61 0.586368101812
0 62 0.695132045271
0 63 0.294494448236
0 64 0.300689655210
0 65 0.055577103935
0 66 0.004885233058
0 67 0.712788406633
0 68 0.455222912960
0 69 0.415124248021
0 70 0.316401380232
0 71 0.755405530646
0 72 0.488411929218
0 73 0.973785128518
0 74 0.573587015610
0 75 0.559830997551
0 76 0.294069665267
0 77 0.439230899107
0 78 0.916725929343
0 79 0.835885914142
0 80 0.200041734592
0 81 0.845512912570
0 82 0.281330795746
0 83 0.094696244039
0 84 0.305649165598
0 85 0.747095138375
0 86 0.211241742697
0 87 0.771347418463
0 88 0.082307415661
0 89 0.803120699295
0 90 0.546112702689
0 91 0.088196185147
0 92 0.343483061997
0 93 0.213056982996
0 94 0.467122527408
0 95 0.283820325596
0 96 0.629208904843
0 97 0.133711514881
0 98 0.245733096116
0 99 0.939070628450
1 0 0.227272288093
1 1 0.827627338582
1 2 0.895268358112
1 3 0.971657586079
1 4 0.872491468386
1 5 0.982860831395
1 6 0.938485013743
1 7 0.404617486151
1 8 0.770496773731
1 9 0.434098670258
1 10 0.246739276488
1 11 0.642489427622
1 12 0.738227501928
1 13 0.161519856358
1 14 0.114136609804
1 15 0.305937642438
1 16 0.077718927318
1 17 0.070275009695
1 18 0.482583829437
1 19 0.647837548106
1 20 0.690542266494
1 21 0.118715643066
1 22 0.220338084670
1 23 0.666515010092
1 24 0.317936225181
1 25 0.987421359440
1 26 0.037265188983
1 27 0.803879659331
1 28 0.496857470107
1 29 0.472390193912
1 30 0.197222177506
1 31 0.944036722847
1 32 0.100350277971
1 33 0.312294856065
1 34 0.863187938854
1 35 0.168497993496
1 36 0.396376640364
1 37 0.219034455998
1 38 0.907552201213
1 39 0.207600685482
1 40 0.104778817897
1 41 0.843897475101
1 42 0.623771343086
1 43 0.961930855263
1 44 0.866603774257
1 45 0.809441692382
1 46 0.365197755234
1 47 0.264784717776
1 48 0.358493647097
1 49 0.824166258460
1 50 0.088729818255
1 51 0.609622577539
1 52 0.822332044181
1 53 0.791919472225
1 54 0.164944896868
1 55 0.634359277606
1 56 0.520860530035
1 57 0.212246393949
1 58 0.150901233664
1 59 0.880543341123
1 60 0.348113405965
1 61 0.591574629205
1 62 0.166401979120
1 63 0.743232574565
1 64 0.561237318263
1 65 0.482761298450
1 66 0.970269831999
1 67 0.221575117486
1 68 0.961808779944
1 69 0.325750806316
1 70 0.004379023512
1 71 0.857981880509
1 72 0.434122162355
1 73 0.614857188998
1 74 0.671703137374
1 75 0.693153696518
1 76 0.844630134193
1 77 0.424038911688
1 78 0.046781399427
1 79 0.365654819378
1 80 0.878681158612
1 81 0.068805800521
1 82 0.928915048761
1 83 0.679494406135
1 84 0.762077989190
1 85 0.501449310937
1 86 0.342095388931
1 87 0.989150449380
1 88 0.903542367279
1 89 0.466639648294
1 90 0.965094665780
1 91 0.866060095768
1 92 0.212089688780
1 93 0.928500457230
1 94 0.578486154358
1 95 0.821573083284
1 96 0.187440103594
1 97 0.204801160172
1 98 0.359604557508
1 99 0.859346185172
2 0 0.253579806102
2 1 0.105730453873
2 2 0.106970580658
2 3 0.202599007291
2 4 0.876447805280
2 5 0.942770719585
2 6 0.497036469584
2 7 0.731005723022
2 8 0.189563304739
2 9 0.745118439836
2 10 0.539045330703
2 11 0.396475005004
2 12 0.551852733355
2 13 0.188553730099
2 14 0.114901946361
2 15 0.734687932864
2 16 0.268669591253
2 17 0.246122806316
2 18 0.621722156147
2 19 0.997681310414
2 20 0.430873985218
2 21 0.810242986480
2 22 0.568765746312
2 23 0.722981877526
2 24 0.041272961139
2 25 0.966381740270
2 26 0.988005176685
2 27 0.632491869113
2 28 0.952152251653
2 29 0.401433358275
2 30 0.145241066330
2 31 0.694416310519
2 32 0.173402000716
2 33 0.038419536432
2 34 0.582486684824
2 35 0.238164096099
2 36 0.889734443394
2 37 0.800783637820
2 38 0.280262515115
2 39 0.846361702982
2 40 0.401532173394
2 41 0.260060733207
2 42 0.739956074443
2 43 0.646414771694
2 44 0.741206857284
2 45 0.105341966544
2 46 0.881052877651
2 47 0.045577430630
2 48 0.744088894882
2 49 0.212401419018
2 50 0.487053283287
2 51 0.512012094234
2 52 0.580216026836
2 53 0.547621844242
2 54 0.863049058547
2 55 0.138466245156
2 56 0.544085471870
2 57 0.044304342960
2 58 0.103038399189
2 59 0.977383242843
2 60 0.391066907064
2 61 0.371703471903
2 62 0.752161281219
2 63 0.245741991457
2 64 0.855309813303
2 65 0.224510310935
2 66 0.495927158669
2 67 0.333575819308
2 68 0.230841673340
2 69 0.562262114878
2 70 0.490663813311
2 71 0.795403619029
2 72 0.023608960469
2 73 0.704860592356
2 74 0.263869085181
2 75 0.474973385581
2 76 0.939123740888
2 77 0.210195541995
2 78 0.393108370368
2 79 0.211216540332
2 80 0.008361615993
2 81 0.086727532871
2 82 0.612384338634
2 83 0.931720557253
2 84 0.937413603503
2 85 0.792587661084
2 86 0.259009198984
2 87 0.409450589887
2 88 0.066324119334
2 89 0.419474925816
2 90 0.188771214237
2 91 0.858821664580
2 92 0.090364793901
2 93 0.029295047105
2 94 0.602247283623
2 95 0.633296360618
2 96 0.409651596544
2 97 0.348964629805
2 98 0.664603352822
2 99 0.764405487453
3 0 0.491289970588
3 1 0.587702895028
3 2 0.493195199606
3 3 0.932936506798
3 4 0.649164404056
3 5 0.256842027815
3 6 0.225588821091
3 7 0.500136837784
3 8 0.439724457705
3 9 0.277038707579
3 10 0.136030627792
3 11 0.082708644242
3 12 0.182609283296
3 13 0.985867282538
3 14 0.202205956345
3 15 0.770761476193
3 16 0.479329724148
3 17 0.176428860192
3 18 0.339290736802
3 19 0.054280175990
3 20 0.926182726928
3 21 0.098539503713
3 22 0.870723250175
3 23 0.397408974266
3 24 0.399465901102
3 25 0.560469628026
3 26 0.717321413709
3 27 0.679317804818
3 28 0.945280029895
3 29 0.321167796205
3 30 0.603195537805
3 31 0.266787423063
3 32 0.542424764816
3 33 0.578294223382
3 34 0.007231290916
3 35 0.384417257979
3 36 0.000570569119
3 37 0.828914191483
3 38 0.972041654871
3 39 0.089515865267
3 40 0.650422228806
3 41 0.409633310717
3 42 0.637513258362
3 43 0.536526775158
3 44 0.703843327792
3 45 0.788065379030
3 46 0.198519691408
3 47 0.313360800502
3 48 0.739928701942
3 49 0.431267486143
3 50 0.259441940347
3 51 0.963474660254
3 52 0.722241300867
3 53 0.090157186745
3 54 0.450143202804
3 55 0.451594070456
3 56 0.460523797678
3 57 0.104550926670
3 58 0.138573861093
3 59 0.962369824431
3 60 0.863825547738
3 61 0.950095713466
3 62 0.812773220108
3 63 0.291229059925
3 64 0.877907464376
3 65 0.556497077395
3 66 0.441704770396
3 67 0.317876228980
3 68 0.555991689967
3 69 0.386913197970
3 70 0.971309426000
3 71 0.994838735802
3 72 0.154123209497
3 73 0.628841356997
3 74 0.855053661257
3 75 0.130225738754
3 76 0.203989367399
3 77 0.256331162701
3 78 0.351902250854
3 79 0.037205615428
3 80 0.091577661479
3 81 0.681315429160
3 82 0.211951612705
3 83 0.023615475069
3 84 0.357259813979
3 85 0.284510770220
3 86 0.039447546375
3 87 0.579882189122
3 88 0.068366835410
3 89 0.811066930188
3 90 0.556508922178
3 91 0.608942553921
3 92 0.947947616778
3 93 0.319110574181
3 94 0.562615981602
3 95 0.511338749215
3 96 0.914560528665
3 97 0.874188958723
3 98 0.547818665501
3 99 0.092182705133
4 0 0.843721308429
4 1 0.713307941300
4 2 0.218252097869
4 3 0.471158824251
4 4 0.848933650367
4 5 0.775809623077
4 6 0.790190890331
4 7 0.942828259846
4 8 0.388313217858
4 9 0.011431333503
4 10 0.685862014259
4 11 0.510701870967
4 12 0.019591616923
4 13 0.927321713073
4 14 0.484347682354
4 15 0.045296454662
4 16 0.853079602603
4 17 0.240211595033
4 18 0.247565689438
4 19 0.594189436634
4 20 0.700148550622
4 21 0.346553237640
4 22 0.403617498946
4 23 0.733461166188
4 24 0.296445803081
4 25 0.276378023543
4 26 0.431838477232
4 27 0.391948148455
4 28 0.521888277698
4 29 0.933068605229
4 30 0.718187995413
4 31 0.814206894030
4 32 0.379841258700
4 33 0.752747149170
4 34 0.819413221913
4 35 0.112842785411
4 36 0.896286851480
4 37 0.594211971686
4 38 0.754142296218
4 39 0.883007128242
4 40 0.171850966029
4 41 0.672122159451
4 42 0.524727336954
4 43 0.814433378334
4 44 0.502827574231
4 45 0.935325469801
4 46 0.922394568493
4 47 0.285751709314
4 48 0.712733804351
4 49 0.757289830991
4 50 0.346926304608
4 51 0.330609516717
4 52 0.628085991903
4 53 0.034140012900
4 54 0.499948446962
4 55 0.247699677105
4 56 0.091264989842
4 57 0.840589825871
4 58 0.193809881463
4 59 0.280455252566
4 60 0.552312100743
4 61 0.266827728863
4 62 0.147812199364
4 63 0.192223360070
4 64 0.484317673519
4 65 0.270307075855
4 66 0.169954748035
4 67 0.563483308774
4 68 0.994167575088
4 69 0.194465803588
4 70 0.329957945318
4 71 0.414245250188
4 72 0.992885386826
4 73 0.171282582071
4 74 0.724443513741
4 75 0.395586906804
4 76 0.198985713922
4 77 0.978230961252
4 78 0.764602868801
4 79 0.211197820210
4 80 0.199207070463
4 81 0.929008803498
4 82 0.017124835698
4 83 0.489726796332
4 84 0.139245146044
4 85 0.562538543435
4 86 0.681154735934
4 87 0.069689586468
4 88 0.312977361045
4 89 0.114016696233
4 90 0.837397974273
4 91 0.859308950638
4 92 0.835340096631
4 93 0.571590365350
4 94 0.239003398364
4 95 0.432046854395
4 96 0.762167387875
4 97 0.907903545464
4 98 0.264751986584
4 99 0.268161987040
5 0 0.824251834430
5 1 0.576719039917
5 2 0.627870998597
5 3 0.786065465928
5 4 0.364679384712
5 5 0.896438529793
5 6 0.398253401484
5 7 0.629680227778
5 8 0.783693431024
5 9 0.334440769725
5 10 0.286098200054
5 11 0.131515259198
5 12 0.363217842952
5 13 0.980224978824
5 14 0.494930599367
5 15 0.637310013996
5 16 0.135069652509
5 17 0.683039783888
5 18 0.648771225892
5 19 0.628935405392
5 20 0.564020410124
5 21 0.072943798714
5 22 0.908554147129
5 23 0.641235324688
5 24 0.864253449641
5 25 0.041008812307
5 26 0.985591934945
5 27 0.970229213849
5 28 0.585849816938
5 29 0.287061013673
5 30 0.838818658716
5 31 0.549205833225
5 32 0.386935386472
5 33 0.128423421345
5 34 0.042751244351
5 35 0.287516050583
5 36 0.329229453854
5 37 0.967984002082
5 38 0.163714295639
5 39 0.138566003348
5 40 0.265033611605
5 41 0.669791686879
5 42 0.050876232344
5 43 0.038639890844
5 44 0.696401377399
5 45 0.043611478858
5 46 0.052178923171
5 47 0.789298427218
5 48 0.647085381605
5 49 0.212943864584
5 50 0.527900194298
5 51 0.958768522080
5 52 0.431863071599
5 53 0.310911248994
5 54 0.846921786383
5 55 0.817055558531
5 56 0.192369730907
5 57 0.559332854194
5 58 0.017809606434
5 59 0.550519335983
5 60 0.783460235156
5 61 0.181254443939
5 62 0.039977014704
5 63 0.647196721464
5 64 0.366740900054
5 65 0.212875804416
5 66 0.609020231530
5 67 0.763804734833
5 68 0.355812074554
5 69 0.851199598549
5 70 0.650820873173
5 71 0.611323464609
5 72 0.479117283865
5 73 0.856388345012
5 74 0.128705806923
5 75 0.853409429190
5 76 0.178882579559
5 77 0.760753812193
5 78 0.958703756254
5 79 0.631379200082
5 80 0.194370082154
5 81 0.661204038974
5 82 0.469745706542
5 83 0.831768837624
5 84 0.706567088555
5 85 0.382002446964
5 86 0.586705396564
5 87 0.704732759222
5 88 0.920621018463
5 89 0.025348072984
5 90 0.573305036517
5 91 0.045329577582
5 92 0.189827683307
5 93 0.718044265162
5 94 0.091415904729
5 95 0.453740767241
5 96 0.088866053618
5 97 0.034388261308
5 98 0.978231976325
5 99 0.069560016187
6 0 0.079229335913
6 1 0.420543892322
6 2 0.347352628492
6 3 0.041606394795
6 4 0.856202758045
6 5 0.537391811823
6 6 0.414831476755
6 7 0.677445002825
6 8 0.285884136826
6 9 0.489694872512
6 10 0.456931910560
6 11 0.328768102934
6 12 0.561428936498
6 13 0.487174078822
6 14 0.281953046807
6 15 0.763767498913
6 16 0.213069121203
6 17 0.779441279606
6 18 0.654037797546
6 19 0.046257482761
6 20 0.003867128695
6 21 0.676117642338
6 22 0.951841134254
6 23 0.123132158105
6 24 0.167585356369
6 25 0.640274994398
6 26 0.812162510040
6 27 0.341669358764
6 28 0.913715117728
6 29 0.357512393575
6 30 0.294174510772
6 31 0.988701777969
6 32 0.643393001101
6 33 0.773827879508
6 34 0.959386234759
6 35 0.871956889662
6 36 0.674109089700
6 37 0.907255883012
6 38 0.587268415340
6 39 0.541529708319
6 40 0.601770743199
6 41 0.884801440329
6 42 0.724095768166
6 43 0.005197138922
6 44 0.823681940553
6 45 0.752356700482
6 46 0.639162820342
6 47 0.947825651295
6 48 0.892274637760
6 49 0.986567849195
6 50 0.141238207945
6 51 0.353101212343
6 52 0.013750686053
6 53 0.102200113577
6 54 0.960011588455
6 55 0.449560889869
6 56 0.089561544151
6 57 0.551270405542
6 58 0.245475158489
6 59 0.258589814196
6 60 0.293760084505
6 61 0.294161615780
6 62 0.788837104184
6 63 0.210112012703
6 64 0.091245979162
6 65 0.800928048965
6 66 0.370202914631
6 67 0.483415865685
6 68 0.660367621932
6 69 0.074232573089
6 70 0.499666143165
6 71 0.276678534161
6 72 0.407291221388
6 73 0.092143666800
6 74 0.758197754461
6 75 0.940360131752
6 76 0.872016921355
6 77 0.942986828077
6 78 0.051285134571
6 79 0.299365992688
6 80 0.543884267305
6 81 0.083963067679
6 82 0.921351327484
6 83 0.470814651008
6 84 0.202019977779
6 85 0.277893755654
6 86 0.629039131970
6 87 0.937161301395
6 88 0.980330552366
6 89 0.646340240319
6 90 0.881816229268
6 91 0.131779398822
6 92 0.477261394680
6 93 0.244162506823
6 94 0.331252791217
6 95 0.547349790963
6 96 0.475252371793
6 97 0.906686637957
6 98 0.564380490829
6 99 0.153432702304
7 0 0.703852318914
7 1 0.618838524873
7 2 0.703578864299
7 3 0.734449296395
7 4 0.489227728491
7 5 0.539016010505
7 6 0.176787890732
7 7 0.593814505826
7 8 0.251884471070
7 9 0.347145001956
7 10 0.540794643001
7 11 0.032162685667
7 12 0.967344868034
7 13 0.314975531068
7 14 0.966063710483
7 15 0.255764340626
7 16 0.024122270146
7 17 0.765817493739
7 18 0.983904881153
7 19 0.146737973200
7 20 0.049182738358
7 21 0.813609476323
7 22 0.194879160908
7 23 0.011691460899
7 24 0.350866105614
7 25 0.971292422559
7 26 0.577448549932
7 27 0.086539340089
7 28 0.730042245197
7 29 0.520553445129
7 30 0.735455670983
7 31 0.547133546027
7 32 0.022946808339
7 33 0.258950587815
7 34 0.826171131029
7 35 0.732188393036
7 36 0.388222904011
7 37 0.687286917699
7 38 0.180594009518
7 39 0.609284978974
7 40 0.099682840052
7 41 0.078978407896
7 42 0.865331289527
7 43 0.234481641391
7 44 0.647959582222
7 45 0.709576427984
7 46 0.071327078239
7 47 0.019167901469
7 48 0.454028165075
7 49 0.182160306201
7 50 0.712910047580
7 51 0.916754538138
7 52 0.207537391782
7 53 0.130871632590
7 54 0.587060801115
7 55 0.673312100918
7 56 0.385453578371
7 57 0.940354968218
7 58 0.727210435425
7 59 0.524660504216
7 60 0.684390522525
7 61 0.727898311542
7 62 0.792439899456
7 63 0.658543879034
7 64 0.391597966844
7 65 0.976165757878
7 66 0.706227044169
7 67 0.756245381533
7 68 0.125265410114
7 69 0.143472346054
7 70 0.543701865558
7 71 0.430572098039
7 72 0.032480956088
7 73 0.473421530650
7 74 0.340398646733
7 75 0.487773334393
7 76 0.405713873067
7 77 0.106198553341
7 78 0.602919570563
7 79 0.281861385784
7 80 0.785684654497
7 81 0.347749938733
7 82 0.582407123131
7 83 0.070355967010
7 84 0.247036297091
7 85 0.504863011790
7 86 0.641243000515
7 87 0.783632151679
7 88 0.508329052599
7 89 0.380303562638
7 90 0.967706684278
7 91 0.651360122988
7 92 0.296497776832
7 93 0.762565635741
7 94 0.897491477197
7 95 0.422382562374
7 96 0.109454333597
7 97 0.260919289761
7 98 0.347607795313
7 99 0.475715149523
8 0 0.627034809936
8 1 0.537047420886
8 2 0.183130512586
8 3 0.935881392738
8 4 0.052608379800
8 5 0.718381140970
8 6 0.279312132598
8 7 0.696729560324
8 8 0.974133083594
8 9 0.029872015043
8 10 0.388752378838
8 11 0.803263124519
8 12 0.290226028838
8 13 0.448263302516
8 14 0.467299748591
8 15 0.113916552119
8 16 0.610771415514
8 17 0.988442141929
8 18 0.424249589580
8 19 0.827311077134
8 20 0.233240008299
8 21 0.807487423673
8 22 0.459115809014
8 23 0.867251360026
8 24 0.863274201130
8 25 0.170427529276
8 26 0.942539634332
8 27 0.050949614447
8 28 0.497946673460
8 29 0.949793438132
8 30 0.073001672463
8 31 0.792998918435
8 32 0.492837602831
8 33 0.492960566075
8 34 0.252562729354
8 35 0.205122266179
8 36 0.511614846734
8 37 0.445120495778
8 38 0.498688844594
8 39 0.900354255786
8 40 0.437957038186
8 41 0.838763828187
8 42 0.407853507156
8 43 0.932709814808
8 44 0.833611931881
8 45 0.323121839189
8 46 0.786318945701
8 47 0.412749900661
8 48 0.316771591526
8 49 0.344622907141
8 50 0.832035729342
8 51 0.336966143967
8 52 0.310166856464
8 53 0.364258247456
8 54 0.145731224071
8 55 0.733162662713
8 56 0.463178843195
8 57 0.331080824009
8 58 0.668317482546
8 59 0.204180587889
8 60 0.512497905620
8 61 0.979793206676
8 62 0.454335345418
8 63 0.487309261510
8 64 0.621661521837
8 65 0.038084803452
8 66 0.392780380575
8 67 0.898872725171
8 68 0.151664626817
8 69 0.218449235572
8 70 0.579637699108
8 71 0.039289852785
8 72 0.414455405356
8 73 0.042218282543
8 74 0.397014490381
8 75 0.824475012146
8 76 0.271130871603
8 77 0.105430710077
8 78 0.314601583615
8 79 0.728157845833
8 80 0.207439638804
8 81 0.939111841153
8 82 0.892255347020
8 83 0.453027026748
8 84 0.954440166006
8 85 0.016808455660
8 86 0.087450171799
8 87 0.173214337684
8 88 0.932998497885
8 89 0.517983555236
8 90 0.695863318703
8 91 0.211066044371
8 92 0.204026352140
8 93 0.464566887087
8 94 0.702956318646
8 95 0.151244620549
8 96 0.111272514115
8 97 0.759024782361
8 98 0.939609115632
8 99 0.389220564316
9 0 0.032744675057
9 1 0.954600952009
9 2 0.306369201016
9 3 0.672429738819
9 4 0.316668057250
9 5 0.155949737075
9 6 0.574841256758
9 7 0.601779079525
9 8 0.719894401598
9 9 0.357043528044
9 10 0.905280011775
9 11 0.918967674716
9 12 0.653716451317
9 13 0.712319907447
9 14 0.518043772005
9 15 0.138922365828
9 16 0.871187842041
9 17 0.049679150504
9 18 0.305625547160
9 19 0.681483979939
9 20 0.548304908884
9 21 0.512530601554
9 22 0.525603477731
9 23 0.610125841282
9 24 0.362998687626
9 25 0.798168511590
9 26 0.956273995485
9 27 0.572894862306
9 28 0.028729427095
9 29 0.843160280031
9 30 0.090295489396
9 31 0.979979446304
9 32 0.003610046132
9 33 0.202042237145
9 34 0.887480827045
9 35 0.608305394776
9 36 0.464120919431
9 37 0.064304214076
9 38 0.636246667403
9 39 0.894316677723
9 40 0.629863068729
9 41 0.901693738001
9 42 0.796841354969
9 43 0.888543860458
9 44 0.380792904689
9 45 0.861761738539
9 46 0.366321409359
9 47 0.003510547863
9 48 0.473010659358
9 49 0.217545019875
9 50 0.046901607032
9 51 0.499645334644
9 52 0.885008708194
9 53 0.208460414695
9 54 0.975348835722
9 55 0.760074552074
9 56 0.159232537624
9 57 0.195797648124
9 58 0.182861644462
9 59 0.050004653148
9 60 0.747944381646
9 61 0.554326397327
9 62 0.183981747568
9 63 0.677919146308
9 64 0.304741548356
9 65 0.787244991624
9 66 0.172294403057
9 67 0.421107470808
9 68 0.861378009408
9 69 0.012435446188
9 70 0.584231212031
9 71 0.630783915387
9 72 0.998083347475
9 73 0.410725564615
9 74 0.695742594903
9 75 0.466486075218
9 76 0.988939651504
9 77 0.314342758153
9 78 0.127025120144
9 79 0.800681068772
9 80 0.337287513858
9 81 0.632274542406
9 82 0.813106652481
9 83 0.785529221445
9 84 0.256672561355
9 85 0.041134431181
9 86 0.697503915033
9 87 0.248216850888
9 88 0.602489870779
9 89 0.336137373958
9 90 0.692357310085
9 91 0.012774149906
9 92 0.766603905772
9 93 0.410905194450
9 94 0.119122113590
9 95 0.734424218241
9 96 0.544197119613
9 97 0.207301614346
9 98 0.656184837863
9 99 0.773414323887
0 0 10
0 1 10
0 2 6
0 3 11
0 4 10
0 5 8
0 6 12
0 7 11
0 8 9
0 9 5
0 10 7
0 11 13
0 12 7
0 13 6
0 14 9
0 15 9
0 16 11
0 17 7
0 18 6
0 19 7
0 20 12
0 21 10
0 22 10
0 23 10
0 24 11
0 25 10
0 26 10
0 27 10
0 28 12
0 29 13
0 30 11
0 31 10
0 32 7
0 33 10
0 34 11
0 35 10
0 36 11
0 37 7
0 38 12
0 39 10
0 40 9
0 41 6
0 42 5
0 43 11
0 44 10
0 45 5
0 46 7
0 47 12
0 48 12
0 49 9
0 50 11
0 51 12
0 52 10
0 53 6
0 54 12
0 55 10
0 56 10
0 57 11
0 58 10
0 59 7
0 60 8
0 61 6
0 62 10
0 63 10
0 64 12
0 65 7
0 66 12
0 67 12
0 68 11
0 69 9
0 70 11
0 71 11
0 72 11
0 73 11
0 74 11
0 75 5
0 76 10
0 77 6
0 78 11
0 79 12
0 80 8
0 81 13
0 82 10
0 83 12
0 84 7
0 85 10
0 86 11
0 87 7
0 88 11
0 89 8
0 90 10
0 91 11
0 92 6
0 93 7
0 94 12
0 95 5
0 96 6
0 97 13
0 98 7
0 99 6
1 0 10
1 1 10
1 2 7
1 3 10
1 4 11
1 5 8
1 6 12
1 7 10
1 8 9
1 9 7
1 10 6
1 11 13
1 12 7
1 13 5
1 14 10
1 15 9
1 16 11
1 17 5
1 18 7
1 19 7
1 20 11
1 21 12
1 22 11
1 23 10
1 24 9
1 25 10
1 26 10
1 27 11
1 28 11
1 29 13
1 30 10
1 31 12
1 32 7
1 33 11
1 34 11
1 35 10
1 36 11
1 37 8
1 38 12
1 39 10
1 40 8
1 41 7
1 42 7
1 43 11
1 44 12
1 45 7
1 46 7
1 47 12
1 48 13
1 49 11
1 50 13
1 51 11
1 52 10
1 53 8
1 54 13
1 55 10
1 56 11
1 57 12
1 58 10
1 59 5
1 60 8
1 61 6
1 62 11
1 63 10
1 64 10
1 65 5
1 66 12
1 67 12
1 68 13
1 69 7
1 70 10
1 71 10
1 72 13
1 73 9
1 74 10
1 75 6
1 76 10
1 77 8
1 78 11
1 79 11
1 80 6
1 81 12
1 82 11
1 83 11
1 84 7
1 85 10
1 86 13
1 87 6
1 88 11
1 89 9
1 90 8
1 91 12
1 92 6
1 93 6
1 94 12
1 95 6
1 96 8
1 97 13
1 98 5
1 99 6
2 0 11
2 1 9
2 2 6
2 3 9
2 4 11
2 5 8
2 6 10
2 7 10
2 8 8
2 9 7
2 10 6
2 11 12
2 12 6
2 13 6
2 14 9
2 15 9
2 16 9
2 17 6
2 18 7
2 19 6
2 20 13
2 21 11
2 22 11
2 23 9
2 24 9
2 25 10
2 26 9
2 27 11
2 28 12
2 29 12
2 30 10
2 31 11
2 32 7
2 33 10
2 34 10
2 35 9
2 36 12
2 37 7
2 38 12
2 39 11
2 40 10
2 41 5
2 42 5
2 43 11
2 44 12
2 45 7
2 46 6
2 47 12
2 48 12
2 49 9
2 50 13
2 51 13
2 52 10
2 53 7
2 54 11
2 55 10
2 56 10
2 57 12
2 58 12
2 59 6
2 60 9
2 61 5
2 62 9
2 63 10
2 64 12
2 65 7
2 66 11
2 67 11
2 68 11
2 69 8
2 70 11
2 71 9
2 72 13
2 73 9
2 74 10
2 75 7
2 76 10
2 77 7
2 78 13
2 79 12
2 80 6
2 81 12
2 82 10
2 83 11
2 84 5
2 85 8
2 86 13
2 87 8
2 88 13
2 89 10
2 90 9
2 91 10
2 92 7
2 93 6
2 94 13
2 95 7
2 96 6
2 97 11
2 98 5
2 99 6
3 0 9
3 1 8
3 2 8
3 3 10
3 4 11
3 5 6
3 6 12
3 7 11
3 8 9
3 9 5
3 10 7
3 11 12
3 12 7
3 13 6
3 14 10
3 15 7
3 16 11
3 17 6
3 18 5
3 19 5
3 20 12
3 21 12
3 22 12
3 23 11
3 24 11
3 25 9
3 26 9
3 27 10
3 28 11
3 29 12
3 30 11
3 31 10
3 32 9
3 33 11
3 34 10
3 35 10
3 36 13
3 37 7
3 38 12
3 39 12
3 40 10
3 41 5
3 42 7
3 43 12
3 44 12
3 45 7
3 46 6
3 47 12
3 48 12
3 49 10
3 50 13
3 51 11
3 52 10
3 53 6
3 54 11
3 55 10
3 56 12
3 57 10
3 58 10
3 59 6
3 60 10
3 61 5
3 62 10
3 63 10
3 64 11
3 65 6
3 66 13
3 67 12
3 68 12
3 69 9
3 70 11
3 71 11
3 72 11
3 73 10
3 74 10
3 75 5
3 76 10
3 77 6
3 78 13
3 79 12
3 80 8
3 81 12
3 82 10
3 83 12
3 84 5
3 85 10
3 86 11
3 87 8
3 88 11
3 89 9
3 90 8
3 91 11
3 92 6
3 93 5
3 94 12
3 95 7
3 96 7
3 97 12
3 98 7
3 99 5
4 0 8
4 1 7
4 2 5
4 3 7
4 4 10
4 5 6
4 6 9
4 7 7
4 8 6
4 9 5
4 10 5
4 11 9
4 12 5
4 13 5
4 14 9
4 15 6
4 16 7
4 17 3
4 18 3
4 19 4
4 20 11
4 21 8
4 22 10
4 23 7
4 24 8
4 25 6
4 26 7
4 27 9
4 28 11
4 29 10
4 30 8
4 31 10
4 32 6
4 33 9
4 34 9
4 35 9
4 36 9
4 37 6
4 38 9
4 39 10
4 40 6
4 41 5
4 42 4
4 43 10
4 44 8
4 45 5
4 46 5
4 47 9
4 48 9
4 49 7
4 50 11
4 51 10
4 52 8
4 53 4
4 54 11
4 55 10
4 56 10
4 57 8
4 58 9
4 59 4
4 60 6
4 61 3
4 62 8
4 63 8
4 64 10
4 65 3
4 66 9
4 67 9
4 68 9
4 69 6
4 70 8
4 71 9
4 72 9
4 73 9
4 74 7
4 75 3
4 76 9
4 77 4
4 78 9
4 79 11
4 80 4
4 81 10
4 82 8
4 83 10
4 84 3
4 85 7
4 86 9
4 87 5
4 88 9
4 89 7
4 90 7
4 91 9
4 92 5
4 93 5
4 94 10
4 95 5
4 96 6
4 97 10
4 98 4
4 99 4
5 0 9
5 1 9
5 2 7
5 3 10
5 4 10
5 5 7
5 6 10
5 7 10
5 8 9
5 9 5
5 10 6
5 11 12
5 12 8
5 13 7
5 14 9
5 15 8
5 16 9
5 17 5
5 18 5
5 19 7
5 20 13
5 21 10
5 22 10
5 23 9
5 24 10
5 25 10
5 26 10
5 27 11
5 28 12
5 29 13
5 30 10
5 31 11
5 32 8
5 33 11
5 34 11
5 35 11
5 36 12
5 37 9
5 38 12
5 39 12
5 40 8
5 41 6
5 42 7
5 43 11
5 44 12
5 45 6
5 46 6
5 47 12
5 48 11
5 49 9
5 50 13
5 51 13
5 52 11
5 53 6
5 54 13
5 55 11
5 56 11
5 57 10
5 58 11
5 59 6
5 60 9
5 61 5
5 62 11
5 63 12
5 64 10
5 65 5
5 66 11
5 67 11
5 68 13
5 69 9
5 70 9
5 71 9
5 72 12
5 73 11
5 74 10
5 75 6
5 76 9
5 77 7
5 78 12
5 79 11
5 80 7
5 81 12
5 82 10
5 83 11
5 84 6
5 85 8
5 86 12
5 87 8
5 88 13
5 89 8
5 90 8
5 91 10
5 92 5
5 93 7
5 94 11
5 95 5
5 96 8
5 97 12
5 98 6
5 99 6
6 0 12
6 1 9
6 2 8
6 3 11
6 4 11
6 5 8
6 6 13
6 7 11
6 8 11
6 9 7
6 10 8
6 11 13
6 12 7
6 13 8
6 14 12
6 15 10
6 16 11
6 17 8
6 18 8
6 19 8
6 20 12
6 21 13
6 22 12
6 23 12
6 24 12
6 25 11
6 26 11
6 27 13
6 28 12
6 29 13
6 30 13
6 31 13
6 32 8
6 33 12
6 34 11
6 35 12
6 36 12
6 37 8
6 38 14
6 39 12
6 40 9
6 41 6
6 42 6
6 43 12
6 44 11
6 45 7
6 46 7
6 47 12
6 48 13
6 49 10
6 50 12
6 51 12
6 52 10
6 53 8
6 54 14
6 55 11
6 56 13
6 57 13
6 58 11
6 59 8
6 60 9
6 61 8
6 62 12
6 63 11
6 64 12
6 65 6
6 66 14
6 67 13
6 68 13
6 69 8
6 70 10
6 71 10
6 72 13
6 73 10
6 74 12
6 75 8
6 76 12
6 77 7
6 78 14
6 79 14
6 80 8
6 81 14
6 82 12
6 83 13
6 84 8
6 85 10
6 86 13
6 87 7
6 88 13
6 89 10
6 90 9
6 91 12
6 92 6
6 93 6
6 94 14
6 95 7
6 96 7
6 97 14
6 98 8
6 99 7
7 0 10
7 1 8
7 2 7
7 3 10
7 4 11
7 5 5
7 6 11
7 7 8
7 8 8
7 9 4
7 10 4
7 11 12
7 12 6
7 13 6
7 14 10
7 15 8
7 16 10
7 17 6
7 18 4
7 19 6
7 20 11
7 21 9
7 22 11
7 23 9
7 24 8
7 25 9
7 26 8
7 27 11
7 28 11
7 29 12
7 30 9
7 31 11
7 32 8
7 33 9
7 34 11
7 35 10
7 36 12
7 37 8
7 38 10
7 39 11
7 40 9
7 41 6
7 42 5
7 43 10
7 44 9
7 45 5
7 46 5
7 47 12
7 48 12
7 49 10
7 50 11
7 51 12
7 52 8
7 53 6
7 54 12
7 55 11
7 56 10
7 57 10
7 58 9
7 59 6
7 60 7
7 61 5
7 62 8
7 63 9
7 64 11
7 65 6
7 66 11
7 67 11
7 68 10
7 69 6
7 70 9
7 71 9
7 72 11
7 73 10
7 74 10
7 75 5
7 76 8
7 77 7
7 78 11
7 79 12
7 80 6
7 81 10
7 82 11
7 83 10
7 84 5
7 85 9
7 86 10
7 87 5
7 88 10
7 89 7
7 90 9
7 91 9
7 92 4
7 93 5
7 94 11
7 95 5
7 96 7
7 97 12
7 98 4
7 99 4
8 0 11
8 1 9
8 2 8
8 3 11
8 4 12
8 5 7
8 6 12
8 7 10
8 8 9
8 9 8
8 10 8
8 11 12
8 12 9
8 13 8
8 14 12
8 15 10
8 16 11
8 17 8
8 18 7
8 19 8
8 20 13
8 21 11
8 22 11
8 23 10
8 24 10
8 25 11
8 26 12
8 27 13
8 28 13
8 29 13
8 30 11
8 31 13
8 32 8
8 33 10
8 34 13
8 35 12
8 36 13
8 37 8
8 38 13
8 39 11
8 40 11
8 41 8
8 42 7
8 43 11
8 44 11
8 45 7
8 46 8
8 47 12
8 48 12
8 49 11
8 50 13
8 51 14
8 52 10
8 53 7
8 54 14
8 55 13
8 56 13
8 57 13
8 58 13
8 59 8
8 60 11
8 61 6
8 62 12
8 63 11
8 64 11
8 65 6
8 66 13
8 67 12
8 68 14
8 69 8
8 70 11
8 71 11
8 72 13
8 73 10
8 74 11
8 75 7
8 76 10
8 77 9
8 78 12
8 79 13
8 80 9
8 81 12
8 82 11
8 83 14
8 84 6
8 85 9
8 86 12
8 87 8
8 88 13
8 89 10
8 90 9
8 91 11
8 92 7
8 93 7
8 94 13
8 95 7
8 96 9
8 97 12
8 98 6
8 99 6
9 0 10
9 1 9
9 2 7
9 3 10
9 4 10
9 5 6
9 6 11
9 7 10
9 8 7
9 9 6
9 10 6
9 11 12
9 12 5
9 13 4
9 14 9
9 15 8
9 16 9
9 17 6
9 18 4
9 19 6
9 20 10
9 21 11
9 22 9
9 23 9
9 24 9
9 25 9
9 26 10
9 27 10
9 28 12
9 29 11
9 30 10
9 31 9
9 32 8
9 33 9
9 34 11
9 35 8
9 36 12
9 37 7
9 38 11
9 39 11
9 40 9
9 41 6
9 42 6
9 43 10
9 44 9
9 45 6
9 46 6
9 47 12
9 48 12
9 49 10
9 50 12
9 51 12
9 52 9
9 53 7
9 54 12
9 55 11
9 56 11
9 57 10
9 58 10
9 59 4
9 60 8
9 61 5
9 62 9
9 63 9
9 64 9
9 65 6
9 66 10
9 67 12
9 68 10
9 69 6
9 70 9
9 71 9
9 72 11
9 73 9
9 74 8
9 75 4
9 76 9
9 77 7
9 78 10
9 79 11
9 80 7
9 81 10
9 82 9
9 83 12
9 84 5
9 85 7
9 86 12
9 87 6
9 88 11
9 89 9
9 90 9
9 91 10
9 92 5
9 93 4
9 94 11
9 95 4
9 96 5
9 97 10
9 98 5
9 99 5
