10 100 10 7 10.0 3.0 1.0 95
5 119 7
1 47 9
8 117 7
6 48 3
9 102 9
1 2 6
7 119 8
5 15 7
1 65 9
6 180 9
2 47 3
3 74 6
5 64 9
4 93 8
2 88 7
4 82 9
8 180 9
0 93 8
9 238 9
1 106 3
6 142 6
6 138 8
2 33 9
9 18 9
4 3 3
7 139 3
5 59 7
1 55 9
0 6 7
9 115 5
4 127 6
8 56 9
8 26 3
0 74 5
6 18 9
0 18 3
4 138 7
7 98 3
5 158 3
5 70 6
6 168 9
3 126 7
7 137 9
5 46 9
8 35 3
2 116 4
7 145 7
3 72 9
3 46 4
2 131 9
2 39 3
3 110 9
1 69 7
3 46 7
6 98 6
7 26 4
0 74 3
1 48 7
5 152 8
7 39 8
2 11 9
3 14 9
3 90 3
8 61 8
8 23 9
4 62 3
2 27 4
6 130 9
8 121 8
1 113 9
0 30 7
1 112 4
7 182 8
1 54 3
7 182 4
0 22 7
8 110 5
6 170 3
0 83 5
4 147 7
6 108 9
5 70 3
9 155 3
2 52 8
4 13 9
3 26 3
9 240 3
0 53 8
2 5 9
9 225 7
9 238 9
0 5 9
4 103 9
3 123 7
9 18 9
8 168 5
9 48 5
4 155 5
5 180 4
7 28 8
0 0 0.141377421656
0 1 0.264175294237
0 2 0.553010072981
0 3 0.784555625296
0 4 0.501974551772
0 5 0.331073772924
0 6 0.020997669484
0 7 0.465109915073
0 8 0.682363477570
0 9 0.751374908233
0 10 0.602637310681
0 11 0.200259110474
0 12 0.580610946868
0 13 0.906459730984
0 14 0.271515456656
0 15 0.911813040742
0 16 0.450555336223
0 17 0.801295439246
0 18 0.492227542294
0 19 0.664111415401
0 20 0.327751395432
0 21 0.675705642180
0 22 0.044387259949
0 23 0.955481610714
0 24 0.641367462821
0 25 0.337453796773
0 26 0.760197279927
0 27 0.535592305532
0 28 0.011271586399
0 29 0.332393813066
0 30 0.093146306026
0 31 0.708460287659
0 32 0.753715705635
0 33 0.460744333735
0 34 0.987898259984
0 35 0.794457361083
0 36 0.621141272767
0 37 0.919662847504
0 38 0.129839512311
0 39 0.395262226926
0 40 0.313898067949
0 41 0.508715801299
0 42 0.142646931018
0 43 0.443932282078
0 44 0.779276390804
0 45 0.729585343856
0 46 0.615839644804
0 47 0.240955843598
0 48 0.260057518141
0 49 0.671353254420
0 50 0.757010166463
0 51 0.292651095720
0 52 0.773702122650
0 53 0.787222370403
0 54 0.719803433059
0 55 0.460611418159
0 56 0.207878152890
0 57 0.017324806132
0 58 0.699518455640
0 59 0.882049137396
0 60 0.757181547328
0 61 0.896043104922
0 62 0.272134574492
0 63 0.554630060008
0 64 0.433024192749
0 65 0.100914941169
0 66 0.940697552851
0 67 0.899288168404
0 68 0.702560292535
0 69 0.272375503329
0 70 0.272319618884
0 71 0.831094099400
0 72 0.947748281290
0 73 0.407276468910
0 74 0.094237607330
0 75 0.978757309728
0 76 0.029037822892
0 77 0.476072306265
0 78 0.656572853853
0 79 0.609473099473
0 80 0.526019683544
0 81 0.288016936613
0 82 0.156048805474
0 83 0.145405092092
0 84 0.076086585196
0 85 0.115133298128
0 86 0.147136168912
0 87 0.745094036075
0 88 0.061385539546
0 89 0.700216802823
0 90 0.995820124897
0 91 0.987905115474
0 92 0.342816049369
0 93 0.020043543884
0 94 0.536302152237
0 95 0.299386609216
0 96 0.741550595330
0 97 0.918000486992
0 98 0.510598796962
0 99 0.251753147537
1 0 0.101482486574
1 1 0.269511923743
1 2 0.777635141060
1 3 0.072538765293
1 4 0.562602569385
1 5 0.036545980754
1 6 0.917395757741
1 7 0.730019647532
1 8 0.334472010716
1 9 0.092378773310
1 10 0.417236210120
1 11 0.113418127142
1 12 0.618963215021
1 13 0.013094199141
1 14 0.662060583950
1 15 0.978824129747
1 16 0.554597167668
1 17 0.939445306323
1 18 0.563805418156
1 19 0.897463352252
1 20 0.822354386116
1 21 0.961368656437
1 22 0.611692486455
1 23 0.839973538968
1 24 0.876838019451
1 25 0.395048900805
1 26 0.905638858163
1 27 0.922765596351
1 28 0.207289059015
1 29 0.571977963631
1 30 0.579716805989
1 31 0.498418835111
1 32 0.248883089319
1 33 0.818211811524
1 34 0.251149975889
1 35 0.122404871014
1 36 0.756250934036
1 37 0.131144900327
1 38 0.528475136973
1 39 0.482975489114
1 40 0.927118283525
1 41 0.863413171239
1 42 0.102045294253
1 43 0.278826999611
1 44 0.099308707883
1 45 0.588971746797
1 46 0.887624953051
1 47 0.415214078755
1 48 0.838942687570
1 49 0.360401094711
1 50 0.454823165755
1 51 0.905771312040
1 52 0.483518610965
1 53 0.256128250564
1 54 0.743105750893
1 55 0.469109079835
1 56 0.308094950156
1 57 0.264502537730
1 58 0.096874461211
1 59 0.654091853098
1 60 0.364637039905
1 61 0.048493348657
1 62 0.975763021446
1 63 0.405967642194
1 64 0.870682784781
1 65 0.660043598250
1 66 0.175288100241
1 67 0.881361881277
1 68 0.728831540176
1 69 0.758125755934
1 70 0.674575666977
1 71 0.306515528942
1 72 0.925225840589
1 73 0.547087205672
1 74 0.525916627362
1 75 0.528737541393
1 76 0.624577358443
1 77 0.073066408845
1 78 0.642559912831
1 79 0.579325101303
1 80 0.024529514827
1 81 0.677626980212
1 82 0.747781713127
1 83 0.034107600604
1 84 0.714815574219
1 85 0.253096924230
1 86 0.282411378319
1 87 0.800248366158
1 88 0.100098412988
1 89 0.326700618429
1 90 0.168387441185
1 91 0.910521976840
1 92 0.567025444675
1 93 0.823652652199
1 94 0.570320273065
1 95 0.762577555282
1 96 0.543245178071
1 97 0.362929737723
1 98 0.252946600189
1 99 0.549681682322
2 0 0.417960637224
2 1 0.867671435588
2 2 0.867094616515
2 3 0.442572593973
2 4 0.728541698662
2 5 0.941042786551
2 6 0.948216294909
2 7 0.493354551507
2 8 0.868798402083
2 9 0.466615402889
2 10 0.915999985972
2 11 0.259775447771
2 12 0.968631270842
2 13 0.282721940493
2 14 0.275374068048
2 15 0.901748804125
2 16 0.831631412480
2 17 0.976230290468
2 18 0.282154541231
2 19 0.648309086660
2 20 0.242831425856
2 21 0.801580429242
2 22 0.504479133259
2 23 0.651052800728
2 24 0.552672563384
2 25 0.280417187993
2 26 0.704414877886
2 27 0.909037829767
2 28 0.782982923330
2 29 0.603545130394
2 30 0.789332326114
2 31 0.551330752932
2 32 0.008797399747
2 33 0.625401855759
2 34 0.531828784292
2 35 0.695864249750
2 36 0.409793980089
2 37 0.162229494221
2 38 0.385591363422
2 39 0.119212327101
2 40 0.709759119048
2 41 0.556756902242
2 42 0.283745189964
2 43 0.025803852791
2 44 0.497994896857
2 45 0.056933201213
2 46 0.167553076205
2 47 0.522306908792
2 48 0.975199582366
2 49 0.752202831804
2 50 0.362983273932
2 51 0.971931109630
2 52 0.531701288158
2 53 0.046740842497
2 54 0.531486760850
2 55 0.967885960087
2 56 0.137957173595
2 57 0.185322985858
2 58 0.338787239496
2 59 0.081319894744
2 60 0.614371897434
2 61 0.526949178302
2 62 0.951823903606
2 63 0.130553248183
2 64 0.180647385741
2 65 0.692796525245
2 66 0.296924828980
2 67 0.310785581916
2 68 0.692278647739
2 69 0.019014315292
2 70 0.235874703738
2 71 0.166815982567
2 72 0.923180447467
2 73 0.815818042822
2 74 0.363532337468
2 75 0.517707310742
2 76 0.985920259122
2 77 0.485641073105
2 78 0.496259449588
2 79 0.740459815537
2 80 0.896432127259
2 81 0.083154009580
2 82 0.934104599750
2 83 0.575986608551
2 84 0.466904683022
2 85 0.063343243327
2 86 0.050128466144
2 87 0.444829149079
2 88 0.354333349617
2 89 0.499047621694
2 90 0.172531685075
2 91 0.673176747377
2 92 0.947724756884
2 93 0.743605956168
2 94 0.530063142610
2 95 0.428526648287
2 96 0.082717122670
2 97 0.208179534603
2 98 0.943906019530
2 99 0.724031481628
3 0 0.876451213616
3 1 0.559193999171
3 2 0.516800804017
3 3 0.397194016966
3 4 0.000723777318
3 5 0.655874381130
3 6 0.479499834850
3 7 0.846755771021
3 8 0.469321794747
3 9 0.163483267326
3 10 0.396634990268
3 11 0.630259713985
3 12 0.582366624954
3 13 0.916406760891
3 14 0.179764175952
3 15 0.178992502303
3 16 0.500652584323
3 17 0.066352372453
3 18 0.792858078880
3 19 0.286367572448
3 20 0.118959641238
3 21 0.037202803644
3 22 0.337333954248
3 23 0.806893911768
3 24 0.995570557712
3 25 0.913371996442
3 26 0.424611965829
3 27 0.159470224781
3 28 0.299771217608
3 29 0.593014391763
3 30 0.960068538557
3 31 0.155068982482
3 32 0.566928822588
3 33 0.350766235256
3 34 0.143880841424
3 35 0.397843187191
3 36 0.483282279321
3 37 0.365927168088
3 38 0.635384983768
3 39 0.252804962819
3 40 0.444461262232
3 41 0.768545612691
3 42 0.964592253090
3 43 0.375612723488
3 44 0.990463535300
3 45 0.466542180505
3 46 0.366310521577
3 47 0.427553498177
3 48 0.071476565519
3 49 0.850302861993
3 50 0.527577026025
3 51 0.828425255967
3 52 0.548923277344
3 53 0.314395432687
3 54 0.810010255573
3 55 0.539888763957
3 56 0.414193815008
3 57 0.192478735222
3 58 0.783585030768
3 59 0.660623782634
3 60 0.791406498641
3 61 0.550913877242
3 62 0.520703514899
3 63 0.364673581018
3 64 0.428792651378
3 65 0.257998687815
3 66 0.780990988088
3 67 0.481367508244
3 68 0.599176509234
3 69 0.687165477040
3 70 0.783630478289
3 71 0.607144991659
3 72 0.463895379659
3 73 0.340551345545
3 74 0.028679525826
3 75 0.436181211417
3 76 0.168276118062
3 77 0.313127455113
3 78 0.225771448413
3 79 0.967203696539
3 80 0.081670497718
3 81 0.088329299997
3 82 0.267761467666
3 83 0.065991380018
3 84 0.727700361510
3 85 0.170412503268
3 86 0.098810059880
3 87 0.906825545485
3 88 0.539512623552
3 89 0.896877306988
3 90 0.390196974682
3 91 0.924340036326
3 92 0.484471026210
3 93 0.140493427648
3 94 0.451584949066
3 95 0.810186546518
3 96 0.115977097130
3 97 0.125157412476
3 98 0.545990977495
3 99 0.687215650467
4 0 0.338526956527
4 1 0.533695000986
4 2 0.131901458839
4 3 0.339444471034
4 4 0.893139308658
4 5 0.620101169967
4 6 0.408003468583
4 7 0.049862361628
4 8 0.154964198809
4 9 0.186099664439
4 10 0.897681215006
4 11 0.498514916615
4 12 0.415835126329
4 13 0.835910311739
4 14 0.763435250542
4 15 0.072979185209
4 16 0.626225160649
4 17 0.875682515940
4 18 0.012426675937
4 19 0.669226431134
4 20 0.369081288278
4 21 0.535109674142
4 22 0.131524211866
4 23 0.681611106982
4 24 0.376924931525
4 25 0.847802696901
4 26 0.396367422302
4 27 0.286039321643
4 28 0.724662776409
4 29 0.564499625232
4 30 0.911418161063
4 31 0.059297300781
4 32 0.656541315111
4 33 0.437670596386
4 34 0.763209461318
4 35 0.055412173490
4 36 0.119575433519
4 37 0.918244451904
4 38 0.860829220053
4 39 0.853854580818
4 40 0.979083693663
4 41 0.991400085733
4 42 0.163940976691
4 43 0.430473621457
4 44 0.598412035535
4 45 0.378848790528
4 46 0.881995776690
4 47 0.678329262070
4 48 0.469972482264
4 49 0.518588119765
4 50 0.699537456086
4 51 0.327418970342
4 52 0.445664872560
4 53 0.713959102738
4 54 0.905056529747
4 55 0.306165490232
4 56 0.378739516047
4 57 0.964379283143
4 58 0.426278331843
4 59 0.473540651748
4 60 0.410632363964
4 61 0.115390152290
4 62 0.451769845287
4 63 0.994498475678
4 64 0.084564249672
4 65 0.932801205362
4 66 0.862302918104
4 67 0.783132966505
4 68 0.224876831399
4 69 0.056892519923
4 70 0.309537101802
4 71 0.800328855370
4 72 0.450702356179
4 73 0.029026952432
4 74 0.207672486409
4 75 0.855823306458
4 76 0.851953788862
4 77 0.540295690976
4 78 0.561314579206
4 79 0.255155068089
4 80 0.901064947166
4 81 0.137315980588
4 82 0.447594994609
4 83 0.859338798180
4 84 0.663389561171
4 85 0.034015452961
4 86 0.668785431243
4 87 0.462269089314
4 88 0.844776864575
4 89 0.197200222582
4 90 0.129200073402
4 91 0.264480340275
4 92 0.634395982333
4 93 0.089102687494
4 94 0.632282293129
4 95 0.300287217772
4 96 0.009055892775
4 97 0.489175401231
4 98 0.249585697361
4 99 0.053324431973
5 0 0.377623051797
5 1 0.709167058067
5 2 0.242921855785
5 3 0.717950361848
5 4 0.211463261136
5 5 0.576170959447
5 6 0.089267665901
5 7 0.962643505858
5 8 0.904138324963
5 9 0.901544484894
5 10 0.318523966605
5 11 0.859460965951
5 12 0.423162869041
5 13 0.546938583614
5 14 0.691286317101
5 15 0.914379236990
5 16 0.628979926260
5 17 0.988932848217
5 18 0.626828721565
5 19 0.469225358698
5 20 0.753891030638
5 21 0.117460403146
5 22 0.688618159370
5 23 0.106179877085
5 24 0.474531430704
5 25 0.706104407489
5 26 0.560673516276
5 27 0.713112129949
5 28 0.233820051561
5 29 0.175950622673
5 30 0.711764024963
5 31 0.156967148814
5 32 0.068175308549
5 33 0.121826994940
5 34 0.367145655190
5 35 0.428739359177
5 36 0.290532307649
5 37 0.840126461064
5 38 0.847110729482
5 39 0.564114833021
5 40 0.314805018848
5 41 0.410135888684
5 42 0.106359106638
5 43 0.042922554191
5 44 0.297317334626
5 45 0.982201071554
5 46 0.610845818265
5 47 0.962274516920
5 48 0.076544827329
5 49 0.417512824581
5 50 0.112883570171
5 51 0.677471248089
5 52 0.991972012242
5 53 0.704717096652
5 54 0.964972105166
5 55 0.914598275571
5 56 0.266257491030
5 57 0.083338327835
5 58 0.561033343393
5 59 0.018172285853
5 60 0.889311151228
5 61 0.251922295022
5 62 0.784316441700
5 63 0.598945864003
5 64 0.210584878463
5 65 0.771718478039
5 66 0.042841802258
5 67 0.982663932240
5 68 0.785328717434
5 69 0.978807980216
5 70 0.561845927452
5 71 0.493816964710
5 72 0.632485893006
5 73 0.438392453492
5 74 0.861074719178
5 75 0.509781282797
5 76 0.924894150864
5 77 0.886509271697
5 78 0.484951837254
5 79 0.541505483057
5 80 0.329733300346
5 81 0.581616961511
5 82 0.797401457064
5 83 0.954559758575
5 84 0.401394062839
5 85 0.728654017438
5 86 0.444665180016
5 87 0.455746394747
5 88 0.465940183671
5 89 0.683497519442
5 90 0.798308000226
5 91 0.117327337372
5 92 0.003997879699
5 93 0.500667290498
5 94 0.585982753516
5 95 0.065559023796
5 96 0.466540358428
5 97 0.317853295651
5 98 0.194366045777
5 99 0.505655886350
6 0 0.368946545539
6 1 0.551434607211
6 2 0.844330896335
6 3 0.118881863921
6 4 0.799129464603
6 5 0.158165761355
6 6 0.194418055459
6 7 0.915362607829
6 8 0.692141955515
6 9 0.222131096963
6 10 0.377197275871
6 11 0.153462474613
6 12 0.185590529332
6 13 0.575716344871
6 14 0.473699373315
6 15 0.981529731252
6 16 0.348105497621
6 17 0.338116027171
6 18 0.023022038718
6 19 0.694434435763
6 20 0.630709096763
6 21 0.229154818968
6 22 0.325218603792
6 23 0.281744437668
6 24 0.327309200966
6 25 0.083047476009
6 26 0.364994028632
6 27 0.098549258147
6 28 0.419980516538
6 29 0.219855671949
6 30 0.624161026441
6 31 0.522358114585
6 32 0.535795028635
6 33 0.537982607048
6 34 0.519836886372
6 35 0.308956338638
6 36 0.484158478128
6 37 0.637464442927
6 38 0.107161874097
6 39 0.619692921093
6 40 0.153016998045
6 41 0.782095225049
6 42 0.754683144603
6 43 0.470720958965
6 44 0.183498745214
6 45 0.681563234907
6 46 0.952908361615
6 47 0.235577398105
6 48 0.937910669085
6 49 0.811411490124
6 50 0.147353465663
6 51 0.666659932651
6 52 0.792995014847
6 53 0.401775765907
6 54 0.169202962665
6 55 0.066423624878
6 56 0.010174999946
6 57 0.773833747174
6 58 0.039232191868
6 59 0.127122470611
6 60 0.667028456204
6 61 0.389037983960
6 62 0.950272310196
6 63 0.312519815756
6 64 0.765796907184
6 65 0.209093176423
6 66 0.233658949889
6 67 0.381354818647
6 68 0.304438797598
6 69 0.427625178900
6 70 0.847698108034
6 71 0.109751260557
6 72 0.114742841861
6 73 0.232931585581
6 74 0.280258770546
6 75 0.888024965981
6 76 0.140831173527
6 77 0.916290032686
6 78 0.156389656525
6 79 0.512207980215
6 80 0.817427823060
6 81 0.278574371057
6 82 0.328055152231
6 83 0.828056993371
6 84 0.920034760356
6 85 0.209568150686
6 86 0.011947991011
6 87 0.224328650626
6 88 0.619224617638
6 89 0.641511925481
6 90 0.828404025232
6 91 0.402358170214
6 92 0.065718828476
6 93 0.411363666288
6 94 0.729827282674
6 95 0.463387762503
6 96 0.258584184358
6 97 0.412083528397
6 98 0.046248461373
6 99 0.903241347892
7 0 0.820011949095
7 1 0.023974080076
7 2 0.711094518909
7 3 0.037519303318
7 4 0.839028205789
7 5 0.403323703410
7 6 0.236900389952
7 7 0.210754265421
7 8 0.715945995274
7 9 0.311380858376
7 10 0.386745626308
7 11 0.602976610909
7 12 0.748383118571
7 13 0.695713044789
7 14 0.649523287534
7 15 0.159249605435
7 16 0.145947714266
7 17 0.548646029058
7 18 0.073209692828
7 19 0.966201345805
7 20 0.482020499873
7 21 0.468664162851
7 22 0.024626120282
7 23 0.171890939424
7 24 0.947256149554
7 25 0.320702954105
7 26 0.465156888341
7 27 0.844616709397
7 28 0.612768967121
7 29 0.872855421652
7 30 0.407370097937
7 31 0.462871636467
7 32 0.848979238788
7 33 0.324923721839
7 34 0.145839157403
7 35 0.834266143688
7 36 0.915060707448
7 37 0.828924892100
7 38 0.791209173677
7 39 0.908600433899
7 40 0.136996216472
7 41 0.164134670504
7 42 0.505274555605
7 43 0.597888677338
7 44 0.093865126224
7 45 0.649319896181
7 46 0.109407567799
7 47 0.565706510862
7 48 0.585570162710
7 49 0.810122514461
7 50 0.693960978982
7 51 0.802871791761
7 52 0.978362639711
7 53 0.540664534893
7 54 0.532706293179
7 55 0.849641550894
7 56 0.904632008195
7 57 0.665577484885
7 58 0.165143300785
7 59 0.991943921152
7 60 0.406592038227
7 61 0.086194936541
7 62 0.725854529362
7 63 0.480606229510
7 64 0.530529115543
7 65 0.067303815386
7 66 0.021302949185
7 67 0.343668888707
7 68 0.483691433927
7 69 0.987323001228
7 70 0.843545101607
7 71 0.611617613485
7 72 0.116774328455
7 73 0.480354712803
7 74 0.574913556368
7 75 0.770632724683
7 76 0.010341317941
7 77 0.545811613203
7 78 0.239332769426
7 79 0.571930065469
7 80 0.861244594697
7 81 0.733245047282
7 82 0.437743188012
7 83 0.301734549512
7 84 0.293253734938
7 85 0.133593753871
7 86 0.537673227312
7 87 0.666715551137
7 88 0.332752911310
7 89 0.268823237855
7 90 0.802703482041
7 91 0.058761953014
7 92 0.551973889260
7 93 0.120875134625
7 94 0.385003822150
7 95 0.077273206045
7 96 0.528334992174
7 97 0.789952022652
7 98 0.365410207094
7 99 0.525983373517
8 0 0.975108367946
8 1 0.663255740210
8 2 0.473026506886
8 3 0.406846142882
8 4 0.422633997257
8 5 0.885326949889
8 6 0.217320447435
8 7 0.208041331850
8 8 0.011071785081
8 9 0.823573479593
8 10 0.994349325842
8 11 0.186511142454
8 12 0.530169769657
8 13 0.423234564939
8 14 0.043113466763
8 15 0.023550139894
8 16 0.243141834326
8 17 0.629202270346
8 18 0.407767802819
8 19 0.294580020587
8 20 0.532208631039
8 21 0.071589412760
8 22 0.817835868604
8 23 0.696119416880
8 24 0.380330593613
8 25 0.270314565661
8 26 0.566492853620
8 27 0.984923094667
8 28 0.972387395658
8 29 0.960907651847
8 30 0.327378218735
8 31 0.058954099693
8 32 0.614300058247
8 33 0.582350978155
8 34 0.165889400129
8 35 0.636384829704
8 36 0.339038435820
8 37 0.160523165379
8 38 0.434630868150
8 39 0.231783609074
8 40 0.993212944398
8 41 0.130766587028
8 42 0.235740245987
8 43 0.981546865616
8 44 0.534064051338
8 45 0.419113930289
8 46 0.815161258342
8 47 0.170583381762
8 48 0.157462634151
8 49 0.673755530293
8 50 0.409324698401
8 51 0.770650609901
8 52 0.238850763276
8 53 0.595246939314
8 54 0.789913657652
8 55 0.040247037402
8 56 0.312440460313
8 57 0.159805887111
8 58 0.060491658258
8 59 0.994912352897
8 60 0.567333920033
8 61 0.441547838958
8 62 0.029111062389
8 63 0.117876509308
8 64 0.258627574198
8 65 0.890872618461
8 66 0.703872303207
8 67 0.046690550950
8 68 0.870311959075
8 69 0.753051561577
8 70 0.788107707846
8 71 0.096011381536
8 72 0.743948869223
8 73 0.206946968009
8 74 0.339601156622
8 75 0.776431179970
8 76 0.999289504875
8 77 0.665704388676
8 78 0.148578841983
8 79 0.362700563812
8 80 0.640800459929
8 81 0.596673059725
8 82 0.050970867289
8 83 0.959651300481
8 84 0.292722311033
8 85 0.381896435490
8 86 0.476573607472
8 87 0.668272954715
8 88 0.549067456959
8 89 0.498485702393
8 90 0.300593703607
8 91 0.761433646439
8 92 0.856267491569
8 93 0.105859534046
8 94 0.302701178835
8 95 0.676970940349
8 96 0.365235371166
8 97 0.649863087367
8 98 0.730247754782
8 99 0.713216649108
9 0 0.885449823708
9 1 0.004140269174
9 2 0.704098999255
9 3 0.435272640845
9 4 0.688941282452
9 5 0.298352899170
9 6 0.360641366281
9 7 0.966035383536
9 8 0.963373879963
9 9 0.470456153973
9 10 0.649444447955
9 11 0.173957196739
9 12 0.698449547025
9 13 0.945551228714
9 14 0.457270234349
9 15 0.177253450700
9 16 0.440663028889
9 17 0.097780461316
9 18 0.190640935837
9 19 0.679162534432
9 20 0.007563303398
9 21 0.044256784366
9 22 0.950069847226
9 23 0.856995730595
9 24 0.649502649239
9 25 0.742125707541
9 26 0.703031396653
9 27 0.954392922630
9 28 0.244068395949
9 29 0.273385591825
9 30 0.839971506509
9 31 0.446774271312
9 32 0.930337570284
9 33 0.444490327783
9 34 0.232408736733
9 35 0.295373500562
9 36 0.826951090818
9 37 0.469308250115
9 38 0.179777327321
9 39 0.639150293326
9 40 0.183840760077
9 41 0.322370988404
9 42 0.129844905258
9 43 0.897305601292
9 44 0.772630646177
9 45 0.972220495572
9 46 0.796528822706
9 47 0.291533157284
9 48 0.882394265646
9 49 0.383296840144
9 50 0.190926710611
9 51 0.117113348127
9 52 0.741335704346
9 53 0.200958017444
9 54 0.779597416774
9 55 0.744525985331
9 56 0.397555083005
9 57 0.802000874792
9 58 0.808460501329
9 59 0.203172766588
9 60 0.253083465837
9 61 0.750113369171
9 62 0.502889212508
9 63 0.040485515037
9 64 0.593587314317
9 65 0.028309279687
9 66 0.481096762019
9 67 0.325588336074
9 68 0.370078105866
9 69 0.046041451333
9 70 0.154200962471
9 71 0.457487158166
9 72 0.239984026061
9 73 0.424300257281
9 74 0.148500810004
9 75 0.539908674522
9 76 0.792097405596
9 77 0.804386631449
9 78 0.686727811324
9 79 0.025780421204
9 80 0.880952494812
9 81 0.803908546511
9 82 0.192045953365
9 83 0.591684109666
9 84 0.374186108629
9 85 0.352209604408
9 86 0.129621806872
9 87 0.030183727377
9 88 0.820283212402
9 89 0.864158169448
9 90 0.017239679828
9 91 0.334772222637
9 92 0.179531177090
9 93 0.035546015339
9 94 0.332365853136
9 95 0.228274697794
9 96 0.312243359238
9 97 0.712760813534
9 98 0.018642284625
9 99 0.256782436987
0 0 9
0 1 10
0 2 8
0 3 6
0 4 12
0 5 9
0 6 11
0 7 8
0 8 10
0 9 12
0 10 6
0 11 8
0 12 11
0 13 10
0 14 10
0 15 11
0 16 11
0 17 10
0 18 12
0 19 6
0 20 8
0 21 10
0 22 10
0 23 10
0 24 6
0 25 4
0 26 8
0 27 11
0 28 10
0 29 6
0 30 8
0 31 12
0 32 6
0 33 8
0 34 10
0 35 6
0 36 9
0 37 4
0 38 5
0 39 7
0 40 11
0 41 8
0 42 12
0 43 10
0 44 5
0 45 5
0 46 10
0 47 11
0 48 6
0 49 12
0 50 4
0 51 11
0 52 9
0 53 8
0 54 9
0 55 5
0 56 4
0 57 10
0 58 9
0 59 11
0 60 11
0 61 12
0 62 5
0 63 9
0 64 10
0 65 5
0 66 7
0 67 12
0 68 10
0 69 11
0 70 8
0 71 7
0 72 9
0 73 4
0 74 5
0 75 9
0 76 7
0 77 5
0 78 6
0 79 9
0 80 11
0 81 5
0 82 6
0 83 10
0 84 11
0 85 5
0 86 4
0 87 9
0 88 12
0 89 10
0 90 10
0 91 11
0 92 10
0 93 9
0 94 11
0 95 6
0 96 6
0 97 7
0 98 5
0 99 11
1 0 11
1 1 12
1 2 10
1 3 8
1 4 12
1 5 10
1 6 12
1 7 12
1 8 13
1 9 13
1 10 8
1 11 9
1 12 13
1 13 12
1 14 10
1 15 13
1 16 12
1 17 11
1 18 12
1 19 8
1 20 11
1 21 11
1 22 13
1 23 12
1 24 8
1 25 7
1 26 10
1 27 12
1 28 12
1 29 10
1 30 10
1 31 14
1 32 7
1 33 8
1 34 12
1 35 6
1 36 11
1 37 6
1 38 6
1 39 10
1 40 13
1 41 11
1 42 14
1 43 14
1 44 7
1 45 8
1 46 10
1 47 13
1 48 8
1 49 13
1 50 7
1 51 13
1 52 10
1 53 12
1 54 10
1 55 9
1 56 6
1 57 10
1 58 12
1 59 13
1 60 14
1 61 13
1 62 6
1 63 13
1 64 12
1 65 8
1 66 8
1 67 13
1 68 12
1 69 13
1 70 10
1 71 8
1 72 13
1 73 7
1 74 7
1 75 11
1 76 9
1 77 6
1 78 8
1 79 12
1 80 14
1 81 7
1 82 6
1 83 12
1 84 13
1 85 8
1 86 7
1 87 12
1 88 14
1 89 11
1 90 13
1 91 12
1 92 14
1 93 10
1 94 12
1 95 10
1 96 9
1 97 10
1 98 7
1 99 11
2 0 10
2 1 14
2 2 10
2 3 6
2 4 14
2 5 10
2 6 13
2 7 12
2 8 13
2 9 14
2 10 7
2 11 9
2 12 12
2 13 13
2 14 11
2 15 12
2 16 12
2 17 12
2 18 12
2 19 8
2 20 9
2 21 13
2 22 12
2 23 13
2 24 7
2 25 7
2 26 11
2 27 12
2 28 10
2 29 10
2 30 9
2 31 13
2 32 6
2 33 8
2 34 12
2 35 8
2 36 12
2 37 8
2 38 7
2 39 10
2 40 13
2 41 11
2 42 12
2 43 13
2 44 8
2 45 8
2 46 10
2 47 12
2 48 7
2 49 14
2 50 6
2 51 12
2 52 12
2 53 12
2 54 9
2 55 7
2 56 7
2 57 10
2 58 11
2 59 13
2 60 12
2 61 12
2 62 8
2 63 11
2 64 12
2 65 7
2 66 8
2 67 12
2 68 11
2 69 13
2 70 10
2 71 9
2 72 11
2 73 7
2 74 8
2 75 11
2 76 10
2 77 6
2 78 8
2 79 11
2 80 12
2 81 8
2 82 8
2 83 12
2 84 12
2 85 8
2 86 7
2 87 11
2 88 12
2 89 11
2 90 13
2 91 14
2 92 12
2 93 11
2 94 12
2 95 8
2 96 9
2 97 8
2 98 9
2 99 11
3 0 12
3 1 13
3 2 12
3 3 7
3 4 12
3 5 11
3 6 13
3 7 11
3 8 14
3 9 14
3 10 7
3 11 9
3 12 13
3 13 11
3 14 12
3 15 14
3 16 12
3 17 13
3 18 13
3 19 6
3 20 11
3 21 12
3 22 13
3 23 14
3 24 8
3 25 6
3 26 10
3 27 14
3 28 10
3 29 9
3 30 9
3 31 14
3 32 7
3 33 10
3 34 14
3 35 7
3 36 10
3 37 7
3 38 7
3 39 9
3 40 12
3 41 11
3 42 13
3 43 12
3 44 6
3 45 9
3 46 12
3 47 12
3 48 9
3 49 14
3 50 7
3 51 14
3 52 12
3 53 12
3 54 11
3 55 8
3 56 7
3 57 12
3 58 11
3 59 13
3 60 13
3 61 13
3 62 8
3 63 13
3 64 12
3 65 7
3 66 7
3 67 12
3 68 13
3 69 12
3 70 12
3 71 8
3 72 11
3 73 7
3 74 8
3 75 12
3 76 8
3 77 7
3 78 8
3 79 12
3 80 14
3 81 8
3 82 7
3 83 12
3 84 13
3 85 7
3 86 7
3 87 11
3 88 14
3 89 10
3 90 12
3 91 13
3 92 14
3 93 11
3 94 12
3 95 10
3 96 8
3 97 9
3 98 8
3 99 11
4 0 9
4 1 10
4 2 9
4 3 5
4 4 12
4 5 8
4 6 9
4 7 10
4 8 10
4 9 11
4 10 5
4 11 7
4 12 12
4 13 9
4 14 10
4 15 10
4 16 11
4 17 10
4 18 10
4 19 4
4 20 7
4 21 11
4 22 11
4 23 11
4 24 6
4 25 6
4 26 10
4 27 10
4 28 9
4 29 8
4 30 8
4 31 11
4 32 6
4 33 8
4 34 11
4 35 5
4 36 10
4 37 6
4 38 5
4 39 8
4 40 11
4 41 9
4 42 11
4 43 10
4 44 4
4 45 5
4 46 10
4 47 10
4 48 7
4 49 12
4 50 5
4 51 10
4 52 9
4 53 9
4 54 9
4 55 7
4 56 4
4 57 9
4 58 10
4 59 10
4 60 10
4 61 12
4 62 4
4 63 11
4 64 12
4 65 4
4 66 6
4 67 11
4 68 10
4 69 12
4 70 9
4 71 7
4 72 11
4 73 4
4 74 5
4 75 9
4 76 7
4 77 5
4 78 6
4 79 9
4 80 11
4 81 6
4 82 5
4 83 10
4 84 11
4 85 4
4 86 4
4 87 11
4 88 12
4 89 10
4 90 11
4 91 11
4 92 12
4 93 10
4 94 11
4 95 7
4 96 8
4 97 8
4 98 5
4 99 11
5 0 9
5 1 11
5 2 7
5 3 5
5 4 10
5 5 6
5 6 8
5 7 8
5 8 11
5 9 9
5 10 5
5 11 6
5 12 10
5 13 10
5 14 9
5 15 9
5 16 11
5 17 8
5 18 9
5 19 4
5 20 8
5 21 10
5 22 11
5 23 9
5 24 3
5 25 5
5 26 7
5 27 10
5 28 9
5 29 7
5 30 6
5 31 9
5 32 5
5 33 5
5 34 9
5 35 3
5 36 7
5 37 3
5 38 4
5 39 6
5 40 11
5 41 7
5 42 11
5 43 9
5 44 5
5 45 5
5 46 7
5 47 9
5 48 6
5 49 10
5 50 3
5 51 11
5 52 9
5 53 8
5 54 7
5 55 4
5 56 5
5 57 8
5 58 8
5 59 10
5 60 10
5 61 9
5 62 5
5 63 8
5 64 9
5 65 4
5 66 4
5 67 11
5 68 8
5 69 9
5 70 8
5 71 6
5 72 9
5 73 3
5 74 5
5 75 9
5 76 6
5 77 4
5 78 7
5 79 8
5 80 9
5 81 5
5 82 4
5 83 10
5 84 10
5 85 5
5 86 5
5 87 10
5 88 11
5 89 7
5 90 11
5 91 10
5 92 10
5 93 8
5 94 9
5 95 6
5 96 5
5 97 7
5 98 4
5 99 9
6 0 7
6 1 10
6 2 8
6 3 3
6 4 9
6 5 6
6 6 10
6 7 8
6 8 11
6 9 9
6 10 5
6 11 6
6 12 11
6 13 10
6 14 7
6 15 11
6 16 11
6 17 8
6 18 11
6 19 5
6 20 7
6 21 8
6 22 11
6 23 10
6 24 4
6 25 5
6 26 7
6 27 11
6 28 8
6 29 6
6 30 6
6 31 11
6 32 5
6 33 5
6 34 10
6 35 4
6 36 7
6 37 5
6 38 4
6 39 7
6 40 10
6 41 8
6 42 10
6 43 10
6 44 3
6 45 5
6 46 7
6 47 10
6 48 6
6 49 9
6 50 4
6 51 10
6 52 8
6 53 7
6 54 7
6 55 4
6 56 4
6 57 9
6 58 9
6 59 8
6 60 9
6 61 10
6 62 4
6 63 9
6 64 9
6 65 5
6 66 4
6 67 9
6 68 10
6 69 11
6 70 8
6 71 4
6 72 9
6 73 4
6 74 6
6 75 7
6 76 6
6 77 3
6 78 5
6 79 8
6 80 10
6 81 5
6 82 4
6 83 10
6 84 11
6 85 5
6 86 3
6 87 10
6 88 9
6 89 8
6 90 11
6 91 11
6 92 9
6 93 8
6 94 9
6 95 6
6 96 5
6 97 7
6 98 5
6 99 10
7 0 10
7 1 11
7 2 11
7 3 5
7 4 13
7 5 9
7 6 10
7 7 9
7 8 12
7 9 11
7 10 6
7 11 9
7 12 11
7 13 11
7 14 11
7 15 12
7 16 11
7 17 12
7 18 11
7 19 7
7 20 8
7 21 12
7 22 11
7 23 12
7 24 5
7 25 7
7 26 10
7 27 12
7 28 10
7 29 7
7 30 10
7 31 13
7 32 6
7 33 7
7 34 13
7 35 6
7 36 9
7 37 5
7 38 6
7 39 10
7 40 11
7 41 9
7 42 12
7 43 13
7 44 7
7 45 7
7 46 9
7 47 12
7 48 6
7 49 13
7 50 5
7 51 13
7 52 11
7 53 9
7 54 8
7 55 6
7 56 7
7 57 10
7 58 12
7 59 12
7 60 11
7 61 13
7 62 6
7 63 12
7 64 11
7 65 7
7 66 7
7 67 12
7 68 10
7 69 13
7 70 10
7 71 7
7 72 12
7 73 7
7 74 8
7 75 11
7 76 9
7 77 6
7 78 8
7 79 10
7 80 13
7 81 7
7 82 7
7 83 11
7 84 11
7 85 6
7 86 6
7 87 12
7 88 12
7 89 11
7 90 12
7 91 11
7 92 12
7 93 10
7 94 12
7 95 9
7 96 8
7 97 7
7 98 6
7 99 12
8 0 8
8 1 12
8 2 8
8 3 5
8 4 10
8 5 8
8 6 9
8 7 9
8 8 10
8 9 12
8 10 4
8 11 8
8 12 11
8 13 9
8 14 9
8 15 12
8 16 10
8 17 9
8 18 12
8 19 6
8 20 8
8 21 11
8 22 12
8 23 12
8 24 5
8 25 6
8 26 8
8 27 11
8 28 9
8 29 6
8 30 7
8 31 12
8 32 5
8 33 7
8 34 11
8 35 6
8 36 9
8 37 6
8 38 4
8 39 9
8 40 10
8 41 10
8 42 10
8 43 10
8 44 6
8 45 5
8 46 9
8 47 12
8 48 6
8 49 12
8 50 5
8 51 10
8 52 10
8 53 8
8 54 9
8 55 5
8 56 4
8 57 8
8 58 10
8 59 11
8 60 10
8 61 10
8 62 6
8 63 9
8 64 12
8 65 5
8 66 5
8 67 10
8 68 11
8 69 12
8 70 10
8 71 7
8 72 10
8 73 5
8 74 6
8 75 8
8 76 6
8 77 5
8 78 6
8 79 9
8 80 11
8 81 5
8 82 6
8 83 11
8 84 11
8 85 4
8 86 5
8 87 9
8 88 12
8 89 9
8 90 12
8 91 12
8 92 12
8 93 10
8 94 10
8 95 7
8 96 8
8 97 6
8 98 7
8 99 9
9 0 12
9 1 14
9 2 10
9 3 6
9 4 12
9 5 9
9 6 12
9 7 10
9 8 13
9 9 13
9 10 8
9 11 10
9 12 12
9 13 12
9 14 12
9 15 12
9 16 14
9 17 12
9 18 13
9 19 7
9 20 10
9 21 11
9 22 13
9 23 13
9 24 8
9 25 6
9 26 12
9 27 14
9 28 10
9 29 8
9 30 10
9 31 13
9 32 7
9 33 10
9 34 12
9 35 8
9 36 12
9 37 8
9 38 8
9 39 9
9 40 14
9 41 10
9 42 13
9 43 14
9 44 7
9 45 7
9 46 11
9 47 13
9 48 7
9 49 12
9 50 8
9 51 12
9 52 12
9 53 11
9 54 9
9 55 7
9 56 6
9 57 11
9 58 11
9 59 11
9 60 14
9 61 12
9 62 7
9 63 11
9 64 13
9 65 8
9 66 9
9 67 14
9 68 13
9 69 12
9 70 12
9 71 8
9 72 13
9 73 8
9 74 8
9 75 10
9 76 10
9 77 8
9 78 10
9 79 10
9 80 12
9 81 6
9 82 6
9 83 11
9 84 12
9 85 8
9 86 7
9 87 12
9 88 12
9 89 11
9 90 14
9 91 12
9 92 12
9 93 10
9 94 14
9 95 9
9 96 10
9 97 9
9 98 8
9 99 13
