10 100 10 7 10.0 3.0 1.0 95
6 22 4
1 108 4
9 70 3
3 112 9
3 104 8
2 76 8
0 98 3
8 142 5
6 76 3
2 103 3
0 50 7
9 32 8
4 95 9
6 70 8
7 193 8
9 30 3
3 54 7
0 46 3
2 60 9
6 186 8
3 78 8
4 95 5
6 64 9
7 30 9
1 38 7
5 38 8
7 186 8
7 137 8
4 10 7
4 145 6
5 167 4
6 190 3
7 82 3
2 108 5
7 126 7
2 21 9
1 8 7
9 95 9
8 58 7
4 53 3
2 33 9
9 120 8
8 156 8
2 43 7
5 75 3
0 15 9
8 79 9
8 79 4
1 89 3
3 21 3
1 43 8
5 68 3
1 27 8
8 86 9
4 65 3
0 16 9
6 170 7
2 109 8
3 28 3
5 6 8
8 126 9
4 142 8
2 1 6
1 32 3
7 41 4
5 148 7
5 79 7
8 103 7
8 93 3
3 28 9
9 68 8
0 90 9
4 73 9
2 37 3
0 66 4
9 222 9
8 40 3
6 194 9
9 58 4
5 97 8
0 85 5
4 107 9
7 132 5
5 37 4
7 56 3
0 52 7
6 76 9
3 94 9
5 117 9
1 107 6
9 105 4
1 10 7
0 40 7
6 92 6
1 113 7
3 120 4
7 108 9
9 112 8
4 5 7
3 86 5
0 0 0.824975184146
0 1 0.280297276864
0 2 0.336263737401
0 3 0.333989815645
0 4 0.633579096454
0 5 0.694539947390
0 6 0.475291733856
0 7 0.134066612160
0 8 0.237286168764
0 9 0.073936290927
0 10 0.028179083638
0 11 0.224597616070
0 12 0.583446946001
0 13 0.622055588063
0 14 0.193691595286
0 15 0.198995621075
0 16 0.587533940114
0 17 0.756674341832
0 18 0.131827346125
0 19 0.702144403023
0 20 0.053308050186
0 21 0.313064758618
0 22 0.833246522669
0 23 0.960672126470
0 24 0.564921543753
0 25 0.482522347621
0 26 0.069286394755
0 27 0.352852951824
0 28 0.952084858211
0 29 0.462055895647
0 30 0.463675905216
0 31 0.850806405823
0 32 0.516246631465
0 33 0.399278056984
0 34 0.893982026143
0 35 0.263451645164
0 36 0.760464021281
0 37 0.221879840052
0 38 0.119637516557
0 39 0.075041493596
0 40 0.295175725243
0 41 0.086980679918
0 42 0.965695975746
0 43 0.677928722404
0 44 0.347304779448
0 45 0.636728930873
0 46 0.990423528411
0 47 0.658713633208
0 48 0.762935303818
0 49 0.651139317359
0 50 0.071094051449
0 51 0.233873523224
0 52 0.216770903213
0 53 0.434818000797
0 54 0.041112193842
0 55 0.556508133247
0 56 0.291412369321
0 57 0.488314916111
0 58 0.623186238741
0 59 0.808001325367
0 60 0.169643401576
0 61 0.990443194122
0 62 0.620218473939
0 63 0.621360223832
0 64 0.600714212181
0 65 0.162157308804
0 66 0.094902862584
0 67 0.548617716893
0 68 0.536140658709
0 69 0.228751479301
0 70 0.694969885706
0 71 0.889090768650
0 72 0.579652818080
0 73 0.640534925161
0 74 0.772812600865
0 75 0.382625811866
0 76 0.121015772061
0 77 0.696281264705
0 78 0.979082845482
0 79 0.836743190641
0 80 0.870007289108
0 81 0.841390435934
0 82 0.098355571864
0 83 0.731059529133
0 84 0.358142756029
0 85 0.091710017465
0 86 0.558722225925
0 87 0.759717089589
0 88 0.977019860856
0 89 0.187067918004
0 90 0.743192591079
0 91 0.759140517299
0 92 0.359462823114
0 93 0.540944561716
0 94 0.287975290503
0 95 0.690588805861
0 96 0.967206784813
0 97 0.381118604508
0 98 0.770029471001
0 99 0.558951708159
1 0 0.716279098410
1 1 0.933304027332
1 2 0.364353969907
1 3 0.077713586536
1 4 0.562245643250
1 5 0.297083555413
1 6 0.547907014117
1 7 0.629482703939
1 8 0.350828595521
1 9 0.554496792941
1 10 0.945218598758
1 11 0.121888779689
1 12 0.626938157815
1 13 0.770072931913
1 14 0.291856694622
1 15 0.126853911112
1 16 0.797476240347
1 17 0.930443575734
1 18 0.383416117634
1 19 0.904224842441
1 20 0.743184025681
1 21 0.398250758119
1 22 0.948368705584
1 23 0.117556043160
1 24 0.332612232521
1 25 0.801036973919
1 26 0.096189449827
1 27 0.441574504597
1 28 0.296507388305
1 29 0.914650850838
1 30 0.319248715505
1 31 0.749006745592
1 32 0.636154678831
1 33 0.633361753891
1 34 0.904358186305
1 35 0.093466719250
1 36 0.605787828730
1 37 0.582782379553
1 38 0.429969364613
1 39 0.489373688238
1 40 0.478867955313
1 41 0.286605181535
1 42 0.734630821914
1 43 0.513554415568
1 44 0.488298022845
1 45 0.388398578780
1 46 0.437032673088
1 47 0.495566478552
1 48 0.243811373274
1 49 0.143768126075
1 50 0.062343891582
1 51 0.393736089006
1 52 0.802306896151
1 53 0.365376404098
1 54 0.277418885824
1 55 0.355613590473
1 56 0.853186358767
1 57 0.780838162354
1 58 0.169080898954
1 59 0.874530369132
1 60 0.992677743744
1 61 0.913158388805
1 62 0.855454851906
1 63 0.856519268629
1 64 0.471879332485
1 65 0.708502849686
1 66 0.700700975573
1 67 0.969688025823
1 68 0.982077091780
1 69 0.257753359590
1 70 0.201979588491
1 71 0.918274195289
1 72 0.638765643692
1 73 0.264707949659
1 74 0.827716975021
1 75 0.699058414080
1 76 0.224113381654
1 77 0.549309517866
1 78 0.341611141199
1 79 0.729813370244
1 80 0.120147779457
1 81 0.094429221381
1 82 0.981965671034
1 83 0.945445382929
1 84 0.942863217830
1 85 0.483312432499
1 86 0.876896835947
1 87 0.953701892378
1 88 0.866648020069
1 89 0.319070290689
1 90 0.430249497815
1 91 0.622495672971
1 92 0.763735025686
1 93 0.396788794131
1 94 0.524327489290
1 95 0.284564812189
1 96 0.819648447551
1 97 0.473037958276
1 98 0.044647417090
1 99 0.490688807286
2 0 0.716458461220
2 1 0.390313467858
2 2 0.661367907853
2 3 0.762906259119
2 4 0.907716944087
2 5 0.048503818985
2 6 0.831562007498
2 7 0.078767205502
2 8 0.547713560558
2 9 0.938693644009
2 10 0.547144658598
2 11 0.101335690186
2 12 0.797466535460
2 13 0.226161111116
2 14 0.055043667593
2 15 0.894042818004
2 16 0.074646944390
2 17 0.876548409117
2 18 0.835634298304
2 19 0.354751098301
2 20 0.844500982659
2 21 0.426877630158
2 22 0.706849869336
2 23 0.750196641451
2 24 0.993820883129
2 25 0.865525586105
2 26 0.265103352578
2 27 0.755125110307
2 28 0.954471644806
2 29 0.576471130254
2 30 0.022212318255
2 31 0.777534143476
2 32 0.948389546713
2 33 0.268945756720
2 34 0.486621140335
2 35 0.116491296418
2 36 0.506036165690
2 37 0.969950969840
2 38 0.169202377300
2 39 0.554767624278
2 40 0.911292815616
2 41 0.646332309156
2 42 0.654996543759
2 43 0.434548455392
2 44 0.352991708365
2 45 0.837753316219
2 46 0.893677207847
2 47 0.002313383217
2 48 0.074419927551
2 49 0.874527869655
2 50 0.476533036703
2 51 0.823448758250
2 52 0.727653603201
2 53 0.478477381059
2 54 0.959010892609
2 55 0.161737146170
2 56 0.397030795122
2 57 0.053874986207
2 58 0.215603426094
2 59 0.442065598019
2 60 0.207576206317
2 61 0.822020177341
2 62 0.485691712331
2 63 0.803006343480
2 64 0.260674841448
2 65 0.318426127812
2 66 0.444824276019
2 67 0.116917799564
2 68 0.978636293465
2 69 0.171065373223
2 70 0.020762609794
2 71 0.054628770870
2 72 0.594070808125
2 73 0.016021163926
2 74 0.984224046255
2 75 0.596684257818
2 76 0.808357220904
2 77 0.122286581291
2 78 0.253519095280
2 79 0.579550265633
2 80 0.935058309771
2 81 0.132111895774
2 82 0.284556889898
2 83 0.115052845844
2 84 0.037597161927
2 85 0.760676326928
2 86 0.779703579615
2 87 0.881788498715
2 88 0.192843178448
2 89 0.422248504287
2 90 0.397070895369
2 91 0.056163330373
2 92 0.578338787374
2 93 0.309236989697
2 94 0.614998353611
2 95 0.573086143313
2 96 0.289494056000
2 97 0.675184716089
2 98 0.603068626433
2 99 0.564078442434
3 0 0.465902646774
3 1 0.020638837623
3 2 0.770082532821
3 3 0.543372657474
3 4 0.346159852741
3 5 0.016303636525
3 6 0.506543634834
3 7 0.933570320417
3 8 0.815028962427
3 9 0.541373273266
3 10 0.142280548622
3 11 0.960225659247
3 12 0.205675987943
3 13 0.446352113074
3 14 0.500386929789
3 15 0.168246945385
3 16 0.036317851455
3 17 0.908150622444
3 18 0.823481091129
3 19 0.416553226450
3 20 0.628049683905
3 21 0.543577617440
3 22 0.689049813847
3 23 0.307442514202
3 24 0.268104430730
3 25 0.410028415873
3 26 0.803238845012
3 27 0.742197325831
3 28 0.470069456512
3 29 0.189403755394
3 30 0.467644701930
3 31 0.142160438613
3 32 0.196305009510
3 33 0.181235171279
3 34 0.131084674159
3 35 0.012538255676
3 36 0.622209382965
3 37 0.411903896322
3 38 0.750659215128
3 39 0.244278158045
3 40 0.241928810136
3 41 0.117962057386
3 42 0.426545974454
3 43 0.390176768236
3 44 0.896541449091
3 45 0.472187632808
3 46 0.215248827936
3 47 0.556353020242
3 48 0.552378008625
3 49 0.459620558798
3 50 0.379619212431
3 51 0.890903860640
3 52 0.616451209505
3 53 0.578644114587
3 54 0.166362659184
3 55 0.703716527874
3 56 0.016870612437
3 57 0.862834425920
3 58 0.843463246996
3 59 0.349670304826
3 60 0.938839339074
3 61 0.015360391652
3 62 0.516247331729
3 63 0.840036341055
3 64 0.315165790097
3 65 0.717241457298
3 66 0.275870223296
3 67 0.878204133734
3 68 0.149387290808
3 69 0.825493287253
3 70 0.985652171000
3 71 0.028513347838
3 72 0.444867260681
3 73 0.369523137056
3 74 0.099630694172
3 75 0.619235164220
3 76 0.638653196625
3 77 0.022126894218
3 78 0.647221849520
3 79 0.200569657687
3 80 0.457219542946
3 81 0.301746694925
3 82 0.431168962673
3 83 0.958349343958
3 84 0.406068436794
3 85 0.421635652023
3 86 0.338147902220
3 87 0.784517971536
3 88 0.029687174986
3 89 0.636645451263
3 90 0.253163147615
3 91 0.819209850797
3 92 0.252298820308
3 93 0.172690215713
3 94 0.770224603171
3 95 0.878856611913
3 96 0.987597567952
3 97 0.945638995345
3 98 0.245859246900
3 99 0.216537067624
4 0 0.565207957835
4 1 0.485223037212
4 2 0.179966607618
4 3 0.054435196433
4 4 0.139145856884
4 5 0.285385215998
4 6 0.641659668795
4 7 0.645170170081
4 8 0.809758583210
4 9 0.419280066014
4 10 0.458051862201
4 11 0.125097227084
4 12 0.566399670483
4 13 0.516184840917
4 14 0.178201509500
4 15 0.700460996181
4 16 0.334541364406
4 17 0.879521916336
4 18 0.624047392327
4 19 0.607578339311
4 20 0.633029707027
4 21 0.763989396476
4 22 0.662700828570
4 23 0.354780419916
4 24 0.522401335227
4 25 0.945490421692
4 26 0.913196284804
4 27 0.275033703155
4 28 0.599058919485
4 29 0.682523223524
4 30 0.110386657395
4 31 0.358940919392
4 32 0.273591232404
4 33 0.305330022342
4 34 0.099459786038
4 35 0.661038523688
4 36 0.953209524131
4 37 0.272829356301
4 38 0.871105358297
4 39 0.573304153776
4 40 0.581650654892
4 41 0.837588206977
4 42 0.999844683332
4 43 0.476832483759
4 44 0.599085548689
4 45 0.311918612226
4 46 0.810603881684
4 47 0.339733521398
4 48 0.318561615148
4 49 0.028985754409
4 50 0.150380308802
4 51 0.053572202650
4 52 0.158039880325
4 53 0.683971250672
4 54 0.251496037210
4 55 0.983125574888
4 56 0.975173035480
4 57 0.191481309872
4 58 0.407020079287
4 59 0.675247325138
4 60 0.191359256136
4 61 0.051034348809
4 62 0.915974157607
4 63 0.025413842034
4 64 0.647627207284
4 65 0.216449420822
4 66 0.747840028608
4 67 0.978221544594
4 68 0.157974136135
4 69 0.808083388374
4 70 0.395666293035
4 71 0.662043437018
4 72 0.811185656491
4 73 0.864575155548
4 74 0.064090545749
4 75 0.581542755630
4 76 0.115644589739
4 77 0.198135470760
4 78 0.036964527325
4 79 0.237725186650
4 80 0.241024094445
4 81 0.424692723228
4 82 0.635576873362
4 83 0.344426784478
4 84 0.710759388066
4 85 0.428882496449
4 86 0.509620040631
4 87 0.844242684750
4 88 0.042484034170
4 89 0.968148026716
4 90 0.391609090271
4 91 0.983362621829
4 92 0.806426400570
4 93 0.625035681309
4 94 0.084574709213
4 95 0.878944401326
4 96 0.374307855442
4 97 0.373052874504
4 98 0.450797386527
4 99 0.285046725627
5 0 0.506134867028
5 1 0.771545105452
5 2 0.442958112958
5 3 0.221901521246
5 4 0.771452694167
5 5 0.209890380181
5 6 0.695954955240
5 7 0.043921291167
5 8 0.868455116019
5 9 0.565064135335
5 10 0.540058836510
5 11 0.213061055781
5 12 0.707994917156
5 13 0.582640315336
5 14 0.894437934392
5 15 0.345929842026
5 16 0.969727441646
5 17 0.603473599124
5 18 0.634141679726
5 19 0.073267807930
5 20 0.289675977452
5 21 0.017291964534
5 22 0.469624746777
5 23 0.122490771695
5 24 0.265246656844
5 25 0.510890474275
5 26 0.343273082497
5 27 0.900363969328
5 28 0.654599069604
5 29 0.074716561596
5 30 0.619488586458
5 31 0.197084909060
5 32 0.121096535182
5 33 0.114001796933
5 34 0.462025521905
5 35 0.308660178801
5 36 0.835346008162
5 37 0.603107598217
5 38 0.317893314959
5 39 0.892407610377
5 40 0.763218913789
5 41 0.309291357503
5 42 0.190630315068
5 43 0.061340648453
5 44 0.558498945790
5 45 0.576644712659
5 46 0.571999545148
5 47 0.412586765847
5 48 0.467052171036
5 49 0.013456928940
5 50 0.942188129733
5 51 0.151725895868
5 52 0.331973147996
5 53 0.032220658797
5 54 0.705228985815
5 55 0.582401842833
5 56 0.104432740671
5 57 0.764748108224
5 58 0.022874850654
5 59 0.145005242662
5 60 0.350251908262
5 61 0.855804929733
5 62 0.436112179591
5 63 0.935259171792
5 64 0.800377768804
5 65 0.077083364455
5 66 0.227646417773
5 67 0.809871094883
5 68 0.019714492354
5 69 0.602704243890
5 70 0.571819303891
5 71 0.928029721242
5 72 0.218305811575
5 73 0.470565718488
5 74 0.725256424296
5 75 0.485972659524
5 76 0.586592042300
5 77 0.022328159100
5 78 0.642654901531
5 79 0.360290059934
5 80 0.529037727555
5 81 0.561222841935
5 82 0.307905975099
5 83 0.715869202864
5 84 0.964060576053
5 85 0.736089095628
5 86 0.287412645825
5 87 0.599896061799
5 88 0.884887500563
5 89 0.184109959452
5 90 0.611612566189
5 91 0.305720928460
5 92 0.486458564936
5 93 0.573517699643
5 94 0.185470878916
5 95 0.706125531074
5 96 0.508890089825
5 97 0.575817672004
5 98 0.130498993555
5 99 0.130718407276
6 0 0.086250737148
6 1 0.146607955464
6 2 0.855542281640
6 3 0.596096386830
6 4 0.741788496291
6 5 0.221155671250
6 6 0.797774675571
6 7 0.758551620286
6 8 0.394974869227
6 9 0.377759133110
6 10 0.898160828540
6 11 0.082159133059
6 12 0.986587755070
6 13 0.642875722036
6 14 0.191756424099
6 15 0.538650058805
6 16 0.938672736309
6 17 0.522104940208
6 18 0.785996171046
6 19 0.567843151978
6 20 0.474667461412
6 21 0.917408946768
6 22 0.759919553409
6 23 0.545884098959
6 24 0.057360622879
6 25 0.800919155388
6 26 0.154558403286
6 27 0.006501003772
6 28 0.747127058441
6 29 0.292301362372
6 30 0.003679207006
6 31 0.073965821514
6 32 0.110160585857
6 33 0.515638484217
6 34 0.944009608616
6 35 0.565161922084
6 36 0.502577908263
6 37 0.780683706472
6 38 0.153778362373
6 39 0.465581537403
6 40 0.086058446005
6 41 0.736035997320
6 42 0.737162593480
6 43 0.153414968623
6 44 0.774007481591
6 45 0.879309310162
6 46 0.643645760229
6 47 0.946802955579
6 48 0.341399770885
6 49 0.455460999887
6 50 0.646003163110
6 51 0.041537560336
6 52 0.568856348145
6 53 0.111259898140
6 54 0.794741265059
6 55 0.477531667435
6 56 0.015530547470
6 57 0.186264583190
6 58 0.367899657359
6 59 0.984757423196
6 60 0.307629365438
6 61 0.383923225652
6 62 0.962861697772
6 63 0.772102845386
6 64 0.822475057229
6 65 0.869551546908
6 66 0.728074210341
6 67 0.510001864763
6 68 0.796251719750
6 69 0.014121565518
6 70 0.218109665607
6 71 0.773484961960
6 72 0.054356338910
6 73 0.632551809835
6 74 0.166461435017
6 75 0.721733149448
6 76 0.516972582263
6 77 0.014664455977
6 78 0.204688184846
6 79 0.891690091878
6 80 0.509636178838
6 81 0.221390611994
6 82 0.916762811675
6 83 0.776899250041
6 84 0.849634308660
6 85 0.636848842097
6 86 0.532503671739
6 87 0.507742446710
6 88 0.739185723689
6 89 0.877136174382
6 90 0.015969621438
6 91 0.200259554493
6 92 0.612294151810
6 93 0.064002545241
6 94 0.676806908616
6 95 0.913151154439
6 96 0.245969613201
6 97 0.585985760202
6 98 0.966540613924
6 99 0.133857609093
7 0 0.546988967260
7 1 0.537250615714
7 2 0.556977025083
7 3 0.212623604913
7 4 0.054862399451
7 5 0.217570833008
7 6 0.496253297550
7 7 0.537473852064
7 8 0.259925718975
7 9 0.584871093549
7 10 0.379882000933
7 11 0.222066913803
7 12 0.595978477574
7 13 0.188549116126
7 14 0.460270145052
7 15 0.123534837972
7 16 0.910147442396
7 17 0.453587631160
7 18 0.671787286218
7 19 0.852202866725
7 20 0.658406332128
7 21 0.494483782296
7 22 0.572410958178
7 23 0.594763561942
7 24 0.148847686791
7 25 0.797633566702
7 26 0.683386877177
7 27 0.599259967147
7 28 0.855352450981
7 29 0.870787259916
7 30 0.821390696426
7 31 0.517727443827
7 32 0.158367843319
7 33 0.587343654305
7 34 0.018309684708
7 35 0.105222882337
7 36 0.817500687119
7 37 0.116350970831
7 38 0.312831999003
7 39 0.795768857255
7 40 0.248800477649
7 41 0.322887135848
7 42 0.278443685937
7 43 0.468288633487
7 44 0.441890762819
7 45 0.894465531192
7 46 0.453097918440
7 47 0.943086491610
7 48 0.474989451992
7 49 0.477951973978
7 50 0.457303145133
7 51 0.470051538549
7 52 0.076182228914
7 53 0.522734599209
7 54 0.815619636368
7 55 0.861728269582
7 56 0.296254321749
7 57 0.657737104543
7 58 0.266895890854
7 59 0.429490256762
7 60 0.658751903965
7 61 0.728162604931
7 62 0.798091526688
7 63 0.771984495118
7 64 0.293143493202
7 65 0.463587606562
7 66 0.187914762953
7 67 0.774617427897
7 68 0.510280975691
7 69 0.873129149422
7 70 0.231755835568
7 71 0.667585486968
7 72 0.862143933034
7 73 0.195490806336
7 74 0.541687212469
7 75 0.372690415121
7 76 0.667336919142
7 77 0.122857263872
7 78 0.137222714652
7 79 0.800358816857
7 80 0.525468427093
7 81 0.296436469111
7 82 0.001986687979
7 83 0.822033169368
7 84 0.507304509869
7 85 0.048455952044
7 86 0.324009938623
7 87 0.352009171442
7 88 0.392481973192
7 89 0.775048069556
7 90 0.806655149250
7 91 0.075321452561
7 92 0.373622830582
7 93 0.504967196070
7 94 0.705318955407
7 95 0.587787925137
7 96 0.096347447972
7 97 0.594513604311
7 98 0.426410989725
7 99 0.416770216753
8 0 0.526967974971
8 1 0.206548324729
8 2 0.116262382712
8 3 0.246113646622
8 4 0.350259137192
8 5 0.275264580665
8 6 0.359618111220
8 7 0.047187583312
8 8 0.523093574913
8 9 0.435742604713
8 10 0.376391330876
8 11 0.179956665207
8 12 0.878867314731
8 13 0.342288946786
8 14 0.011910277298
8 15 0.785575894422
8 16 0.965024455805
8 17 0.220152855879
8 18 0.156294521848
8 19 0.129749021700
8 20 0.776060065892
8 21 0.523464885277
8 22 0.567764324478
8 23 0.509616754250
8 24 0.812016037620
8 25 0.713752950572
8 26 0.899671589146
8 27 0.900253060460
8 28 0.577727338099
8 29 0.671955157557
8 30 0.333156024744
8 31 0.436579254396
8 32 0.896272613303
8 33 0.224590294083
8 34 0.977999782121
8 35 0.367221890561
8 36 0.994011408760
8 37 0.837334347345
8 38 0.112103457763
8 39 0.337054447609
8 40 0.447914403349
8 41 0.026267892453
8 42 0.184637917075
8 43 0.673963927471
8 44 0.248593022908
8 45 0.933223250299
8 46 0.293695175959
8 47 0.657601489911
8 48 0.563313993883
8 49 0.217420350996
8 50 0.351955575072
8 51 0.342006033787
8 52 0.468222022695
8 53 0.160106830596
8 54 0.177680766458
8 55 0.572423319777
8 56 0.890197305533
8 57 0.212247726027
8 58 0.063564035962
8 59 0.259783097342
8 60 0.244886686390
8 61 0.612615502679
8 62 0.882346064992
8 63 0.060732826459
8 64 0.611140925550
8 65 0.375094927424
8 66 0.272316584642
8 67 0.396140784365
8 68 0.095437067701
8 69 0.480631586357
8 70 0.924507834139
8 71 0.821923244549
8 72 0.271464562740
8 73 0.610851759660
8 74 0.315552262393
8 75 0.506178826262
8 76 0.673613992842
8 77 0.987234939692
8 78 0.793915049054
8 79 0.457978081778
8 80 0.303057412794
8 81 0.050034079842
8 82 0.373799822817
8 83 0.777882414707
8 84 0.811068580774
8 85 0.304619393486
8 86 0.018714495993
8 87 0.571492036796
8 88 0.875578313865
8 89 0.553826046427
8 90 0.467473187272
8 91 0.275635688520
8 92 0.849294354269
8 93 0.013219650467
8 94 0.086149147084
8 95 0.411942776134
8 96 0.620582588484
8 97 0.050371719869
8 98 0.764684193999
8 99 0.271381934756
9 0 0.127948674380
9 1 0.534487525879
9 2 0.315737951856
9 3 0.443935501668
9 4 0.115779428638
9 5 0.349890657510
9 6 0.282213448295
9 7 0.997479658946
9 8 0.936445407204
9 9 0.065639778902
9 10 0.139159129544
9 11 0.821323750847
9 12 0.019942737091
9 13 0.471825705607
9 14 0.840593985705
9 15 0.578753091028
9 16 0.347835356403
9 17 0.153724515487
9 18 0.837888781992
9 19 0.424351155979
9 20 0.577688605496
9 21 0.264965863584
9 22 0.589585263401
9 23 0.191280972762
9 24 0.392816221267
9 25 0.656946175318
9 26 0.959145770026
9 27 0.234657371047
9 28 0.360396405510
9 29 0.827673509674
9 30 0.542174824767
9 31 0.374736355340
9 32 0.566092965379
9 33 0.037519649514
9 34 0.761001200885
9 35 0.598306808913
9 36 0.165552613986
9 37 0.061746220902
9 38 0.672499096131
9 39 0.468469149705
9 40 0.985322679090
9 41 0.647678558799
9 42 0.077168817977
9 43 0.371487448252
9 44 0.335366096894
9 45 0.080450574050
9 46 0.047536496209
9 47 0.638425214117
9 48 0.416706337148
9 49 0.561887101244
9 50 0.491523621475
9 51 0.428600864593
9 52 0.166598479508
9 53 0.123723798786
9 54 0.828076164593
9 55 0.974735993936
9 56 0.471832306172
9 57 0.597853863583
9 58 0.223652110686
9 59 0.755150001347
9 60 0.832038127442
9 61 0.501130097602
9 62 0.905809619380
9 63 0.646794575347
9 64 0.357645289597
9 65 0.532955662979
9 66 0.034865031200
9 67 0.786941395117
9 68 0.451953225908
9 69 0.119821011663
9 70 0.698867400983
9 71 0.987437380974
9 72 0.495200399844
9 73 0.924193112669
9 74 0.619111134070
9 75 0.838538770804
9 76 0.269692592473
9 77 0.342496652639
9 78 0.350146605052
9 79 0.564210954642
9 80 0.940161918172
9 81 0.680813593621
9 82 0.365700259658
9 83 0.030677233225
9 84 0.223347439218
9 85 0.136682421084
9 86 0.361812500612
9 87 0.177985689495
9 88 0.458677711137
9 89 0.465496271973
9 90 0.688285302883
9 91 0.287122205984
9 92 0.158078603691
9 93 0.873760544689
9 94 0.320650459875
9 95 0.342271365480
9 96 0.748046884712
9 97 0.058041894254
9 98 0.317397062695
9 99 0.367446037915
0 0 7
0 1 7
0 2 7
0 3 13
0 4 13
0 5 12
0 6 8
0 7 9
0 8 6
0 9 7
0 10 11
0 11 12
0 12 13
0 13 12
0 14 13
0 15 7
0 16 12
0 17 8
0 18 13
0 19 13
0 20 11
0 21 9
0 22 12
0 23 13
0 24 11
0 25 13
0 26 13
0 27 12
0 28 10
0 29 11
0 30 9
0 31 8
0 32 7
0 33 9
0 34 12
0 35 14
0 36 11
0 37 14
0 38 10
0 39 6
0 40 13
0 41 12
0 42 12
0 43 12
0 44 8
0 45 13
0 46 14
0 47 8
0 48 7
0 49 7
0 50 11
0 51 6
0 52 13
0 53 13
0 54 7
0 55 12
0 56 12
0 57 13
0 58 7
0 59 12
0 60 12
0 61 11
0 62 11
0 63 8
0 64 8
0 65 11
0 66 12
0 67 12
0 68 7
0 69 14
0 70 12
0 71 13
0 72 14
0 73 8
0 74 9
0 75 13
0 76 6
0 77 12
0 78 9
0 79 11
0 80 10
0 81 12
0 82 8
0 83 7
0 84 8
0 85 10
0 86 14
0 87 14
0 88 12
0 89 10
0 90 9
0 91 12
0 92 11
0 93 10
0 94 11
0 95 7
0 96 14
0 97 11
0 98 11
0 99 9
1 0 7
1 1 9
1 2 6
1 3 12
1 4 12
1 5 11
1 6 6
1 7 8
1 8 8
1 9 6
1 10 12
1 11 11
1 12 13
1 13 11
1 14 12
1 15 7
1 16 10
1 17 7
1 18 12
1 19 12
1 20 12
1 21 8
1 22 13
1 23 14
1 24 10
1 25 12
1 26 12
1 27 13
1 28 11
1 29 9
1 30 7
1 31 6
1 32 6
1 33 8
1 34 11
1 35 14
1 36 11
1 37 13
1 38 12
1 39 8
1 40 14
1 41 11
1 42 12
1 43 10
1 44 6
1 45 12
1 46 13
1 47 9
1 48 8
1 49 6
1 50 12
1 51 7
1 52 13
1 53 13
1 54 6
1 55 13
1 56 12
1 57 11
1 58 7
1 59 13
1 60 13
1 61 11
1 62 10
1 63 6
1 64 9
1 65 11
1 66 11
1 67 11
1 68 7
1 69 13
1 70 12
1 71 14
1 72 13
1 73 6
1 74 7
1 75 14
1 76 8
1 77 14
1 78 9
1 79 12
1 80 8
1 81 12
1 82 10
1 83 8
1 84 8
1 85 10
1 86 12
1 87 12
1 88 14
1 89 9
1 90 8
1 91 10
1 92 10
1 93 9
1 94 10
1 95 9
1 96 14
1 97 12
1 98 12
1 99 8
2 0 7
2 1 8
2 2 8
2 3 14
2 4 11
2 5 12
2 6 8
2 7 8
2 8 8
2 9 7
2 10 12
2 11 12
2 12 12
2 13 12
2 14 11
2 15 6
2 16 10
2 17 7
2 18 12
2 19 12
2 20 13
2 21 8
2 22 12
2 23 12
2 24 10
2 25 11
2 26 11
2 27 11
2 28 12
2 29 9
2 30 8
2 31 6
2 32 6
2 33 8
2 34 12
2 35 14
2 36 11
2 37 13
2 38 10
2 39 8
2 40 13
2 41 12
2 42 13
2 43 11
2 44 8
2 45 14
2 46 14
2 47 7
2 48 7
2 49 7
2 50 13
2 51 6
2 52 13
2 53 12
2 54 6
2 55 12
2 56 12
2 57 12
2 58 6
2 59 13
2 60 13
2 61 12
2 62 9
2 63 6
2 64 9
2 65 11
2 66 10
2 67 12
2 68 7
2 69 13
2 70 13
2 71 12
2 72 14
2 73 6
2 74 8
2 75 12
2 76 6
2 77 14
2 78 8
2 79 11
2 80 10
2 81 12
2 82 8
2 83 8
2 84 7
2 85 10
2 86 14
2 87 12
2 88 14
2 89 11
2 90 8
2 91 12
2 92 10
2 93 9
2 94 10
2 95 7
2 96 13
2 97 13
2 98 10
2 99 10
3 0 8
3 1 8
3 2 5
3 3 11
3 4 10
3 5 11
3 6 6
3 7 9
3 8 7
3 9 6
3 10 9
3 11 12
3 12 11
3 13 10
3 14 10
3 15 6
3 16 9
3 17 7
3 18 11
3 19 12
3 20 12
3 21 7
3 22 12
3 23 11
3 24 11
3 25 10
3 26 10
3 27 11
3 28 9
3 29 10
3 30 7
3 31 5
3 32 6
3 33 8
3 34 11
3 35 12
3 36 11
3 37 13
3 38 11
3 39 5
3 40 12
3 41 10
3 42 11
3 43 11
3 44 7
3 45 12
3 46 12
3 47 8
3 48 5
3 49 7
3 50 11
3 51 5
3 52 10
3 53 11
3 54 6
3 55 12
3 56 9
3 57 11
3 58 5
3 59 10
3 60 11
3 61 12
3 62 8
3 63 6
3 64 8
3 65 11
3 66 10
3 67 11
3 68 5
3 69 11
3 70 10
3 71 11
3 72 11
3 73 7
3 74 7
3 75 13
3 76 7
3 77 13
3 78 8
3 79 12
3 80 8
3 81 12
3 82 8
3 83 8
3 84 5
3 85 9
3 86 11
3 87 13
3 88 13
3 89 8
3 90 8
3 91 10
3 92 11
3 93 10
3 94 11
3 95 7
3 96 12
3 97 10
3 98 10
3 99 9
4 0 5
4 1 4
4 2 3
4 3 10
4 4 8
4 5 10
4 6 4
4 7 5
4 8 4
4 9 4
4 10 9
4 11 10
4 12 10
4 13 10
4 14 8
4 15 5
4 16 7
4 17 3
4 18 11
4 19 8
4 20 8
4 21 6
4 22 9
4 23 10
4 24 9
4 25 9
4 26 8
4 27 10
4 28 7
4 29 7
4 30 6
4 31 5
4 32 4
4 33 5
4 34 8
4 35 10
4 36 9
4 37 11
4 38 8
4 39 3
4 40 9
4 41 8
4 42 9
4 43 7
4 44 4
4 45 10
4 46 9
4 47 6
4 48 5
4 49 4
4 50 9
4 51 3
4 52 9
4 53 10
4 54 5
4 55 10
4 56 8
4 57 10
4 58 5
4 59 9
4 60 9
4 61 8
4 62 8
4 63 3
4 64 6
4 65 8
4 66 9
4 67 7
4 68 4
4 69 11
4 70 10
4 71 11
4 72 9
4 73 4
4 74 4
4 75 11
4 76 3
4 77 10
4 78 5
4 79 8
4 80 6
4 81 11
4 82 6
4 83 5
4 84 5
4 85 8
4 86 11
4 87 10
4 88 11
4 89 7
4 90 5
4 91 7
4 92 8
4 93 8
4 94 7
4 95 4
4 96 11
4 97 8
4 98 7
4 99 7
5 0 7
5 1 9
5 2 8
5 3 12
5 4 12
5 5 13
5 6 8
5 7 8
5 8 8
5 9 7
5 10 10
5 11 13
5 12 13
5 13 12
5 14 11
5 15 6
5 16 10
5 17 7
5 18 12
5 19 12
5 20 12
5 21 10
5 22 14
5 23 12
5 24 10
5 25 13
5 26 11
5 27 13
5 28 11
5 29 11
5 30 7
5 31 6
5 32 8
5 33 9
5 34 11
5 35 14
5 36 10
5 37 12
5 38 12
5 39 8
5 40 13
5 41 11
5 42 12
5 43 11
5 44 8
5 45 14
5 46 14
5 47 9
5 48 6
5 49 7
5 50 13
5 51 6
5 52 11
5 53 12
5 54 7
5 55 12
5 56 10
5 57 11
5 58 8
5 59 13
5 60 14
5 61 11
5 62 11
5 63 7
5 64 7
5 65 12
5 66 10
5 67 10
5 68 6
5 69 13
5 70 12
5 71 13
5 72 14
5 73 7
5 74 8
5 75 14
5 76 7
5 77 14
5 78 7
5 79 13
5 80 8
5 81 14
5 82 10
5 83 8
5 84 6
5 85 10
5 86 12
5 87 12
5 88 13
5 89 10
5 90 9
5 91 12
5 92 11
5 93 9
5 94 12
5 95 8
5 96 14
5 97 11
5 98 10
5 99 10
6 0 4
6 1 6
6 2 3
6 3 9
6 4 10
6 5 10
6 6 5
6 7 5
6 8 3
6 9 4
6 10 7
6 11 8
6 12 9
6 13 9
6 14 10
6 15 3
6 16 8
6 17 3
6 18 9
6 19 9
6 20 10
6 21 5
6 22 9
6 23 10
6 24 7
6 25 9
6 26 8
6 27 9
6 28 9
6 29 6
6 30 4
6 31 4
6 32 5
6 33 6
6 34 9
6 35 11
6 36 7
6 37 9
6 38 7
6 39 5
6 40 9
6 41 8
6 42 9
6 43 9
6 44 3
6 45 10
6 46 11
6 47 5
6 48 3
6 49 3
6 50 10
6 51 5
6 52 10
6 53 10
6 54 5
6 55 11
6 56 8
6 57 10
6 58 3
6 59 9
6 60 11
6 61 8
6 62 8
6 63 5
6 64 4
6 65 8
6 66 9
6 67 8
6 68 4
6 69 9
6 70 9
6 71 11
6 72 10
6 73 4
6 74 5
6 75 10
6 76 4
6 77 9
6 78 4
6 79 10
6 80 7
6 81 11
6 82 5
6 83 6
6 84 3
6 85 8
6 86 11
6 87 9
6 88 11
6 89 6
6 90 6
6 91 7
6 92 9
6 93 6
6 94 7
6 95 4
6 96 10
6 97 8
6 98 9
6 99 5
7 0 8
7 1 6
7 2 6
7 3 11
7 4 12
7 5 10
7 6 5
7 7 7
7 8 6
7 9 7
7 10 10
7 11 12
7 12 13
7 13 11
7 14 10
7 15 7
7 16 10
7 17 7
7 18 11
7 19 11
7 20 11
7 21 9
7 22 12
7 23 11
7 24 9
7 25 11
7 26 12
7 27 10
7 28 9
7 29 10
7 30 6
7 31 6
7 32 6
7 33 8
7 34 9
7 35 13
7 36 9
7 37 12
7 38 11
7 39 7
7 40 11
7 41 11
7 42 10
7 43 9
7 44 6
7 45 11
7 46 12
7 47 8
7 48 7
7 49 7
7 50 10
7 51 7
7 52 10
7 53 13
7 54 7
7 55 12
7 56 9
7 57 11
7 58 5
7 59 11
7 60 12
7 61 12
7 62 10
7 63 5
7 64 7
7 65 11
7 66 9
7 67 11
7 68 7
7 69 12
7 70 11
7 71 11
7 72 13
7 73 5
7 74 7
7 75 12
7 76 7
7 77 12
7 78 6
7 79 11
7 80 9
7 81 11
7 82 8
7 83 7
7 84 5
7 85 10
7 86 13
7 87 12
7 88 12
7 89 9
7 90 6
7 91 9
7 92 11
7 93 10
7 94 10
7 95 6
7 96 12
7 97 10
7 98 9
7 99 7
8 0 5
8 1 4
8 2 3
8 3 10
8 4 10
8 5 10
8 6 4
8 7 6
8 8 4
8 9 5
8 10 7
8 11 10
8 12 10
8 13 10
8 14 9
8 15 5
8 16 9
8 17 4
8 18 11
8 19 10
8 20 8
8 21 6
8 22 9
8 23 9
8 24 9
8 25 9
8 26 8
8 27 9
8 28 9
8 29 6
8 30 5
8 31 5
8 32 4
8 33 7
8 34 7
8 35 11
8 36 7
8 37 9
8 38 8
8 39 3
8 40 10
8 41 10
8 42 8
8 43 7
8 44 4
8 45 10
8 46 9
8 47 4
8 48 3
8 49 4
8 50 10
8 51 5
8 52 10
8 53 11
8 54 3
8 55 11
8 56 8
8 57 8
8 58 3
8 59 8
8 60 10
8 61 9
8 62 7
8 63 5
8 64 6
8 65 9
8 66 8
8 67 9
8 68 5
8 69 11
8 70 8
8 71 10
8 72 9
8 73 5
8 74 6
8 75 11
8 76 4
8 77 10
8 78 6
8 79 8
8 80 5
8 81 9
8 82 6
8 83 6
8 84 5
8 85 7
8 86 10
8 87 9
8 88 9
8 89 6
8 90 4
8 91 8
8 92 7
8 93 7
8 94 8
8 95 6
8 96 9
8 97 10
8 98 9
8 99 5
9 0 9
9 1 7
9 2 6
9 3 12
9 4 13
9 5 13
9 6 6
9 7 8
9 8 8
9 9 7
9 10 11
9 11 11
9 12 13
9 13 13
9 14 13
9 15 6
9 16 11
9 17 6
9 18 14
9 19 11
9 20 13
9 21 10
9 22 13
9 23 13
9 24 10
9 25 12
9 26 11
9 27 11
9 28 12
9 29 9
9 30 7
9 31 8
9 32 7
9 33 10
9 34 10
9 35 12
9 36 12
9 37 14
9 38 10
9 39 7
9 40 13
9 41 11
9 42 13
9 43 12
9 44 7
9 45 13
9 46 13
9 47 8
9 48 8
9 49 7
9 50 13
9 51 7
9 52 11
9 53 12
9 54 7
9 55 14
9 56 11
9 57 12
9 58 6
9 59 12
9 60 13
9 61 11
9 62 11
9 63 8
9 64 8
9 65 12
9 66 10
9 67 12
9 68 7
9 69 13
9 70 12
9 71 13
9 72 13
9 73 8
9 74 7
9 75 13
9 76 8
9 77 12
9 78 8
9 79 12
9 80 10
9 81 12
9 82 9
9 83 8
9 84 6
9 85 10
9 86 12
9 87 14
9 88 13
9 89 10
9 90 8
9 91 11
9 92 11
9 93 11
9 94 12
9 95 8
9 96 12
9 97 13
9 98 10
9 99 8
