10 100 10 7 10.0 3.0 1.0 95
8 194 7
6 106 4
2 117 4
2 65 8
4 48 8
9 185 9
9 92 7
6 118 7
9 152 6
9 225 9
4 3 9
3 118 8
9 172 6
0 58 7
7 48 3
2 129 6
5 46 7
9 38 3
3 74 6
0 80 8
7 139 4
6 30 3
6 124 9
0 88 3
3 116 7
0 65 7
4 75 7
0 28 3
2 76 8
4 95 9
1 21 7
9 198 3
7 78 8
3 39 5
4 103 6
5 105 8
5 48 8
3 120 9
8 98 5
7 128 8
5 24 7
5 165 3
1 15 7
8 35 3
4 92 9
2 123 7
7 48 9
0 12 9
0 36 8
4 110 3
4 62 3
0 83 9
6 34 8
5 15 8
8 145 7
4 105 4
6 28 9
1 97 3
9 80 9
1 52 3
1 107 4
3 116 3
1 80 7
6 50 6
1 61 6
2 48 3
9 140 8
7 63 7
8 96 3
3 2 7
2 131 3
8 56 8
6 10 3
5 42 5
2 111 7
6 62 8
5 4 8
3 64 9
7 37 3
3 78 3
1 57 9
1 104 7
8 201 7
7 46 9
9 70 8
8 180 6
1 54 9
8 89 8
2 93 8
6 16 7
3 76 7
8 65 9
5 110 5
2 55 9
7 20 9
4 135 9
0 47 4
7 208 6
5 169 3
0 41 5
0 0 0.910018151705
0 1 0.781227005698
0 2 0.639124580891
0 3 0.524028661636
0 4 0.082524113174
0 5 0.699106629548
0 6 0.756208530185
0 7 0.284228895355
0 8 0.057017429147
0 9 0.306620897000
0 10 0.600355230006
0 11 0.406014204430
0 12 0.595208097476
0 13 0.864169831821
0 14 0.591534510221
0 15 0.694170579816
0 16 0.207785098941
0 17 0.454944703101
0 18 0.639251493615
0 19 0.577327175511
0 20 0.001248476329
0 21 0.806211468908
0 22 0.224339554180
0 23 0.272930079063
0 24 0.739194268560
0 25 0.902289722153
0 26 0.834915486708
0 27 0.876740148779
0 28 0.623570893163
0 29 0.302056773117
0 30 0.430687038931
0 31 0.822545041387
0 32 0.782937958101
0 33 0.473441993667
0 34 0.617384936881
0 35 0.071024765697
0 36 0.435032172521
0 37 0.508769172416
0 38 0.088995969928
0 39 0.527080268788
0 40 0.746400427977
0 41 0.101863554838
0 42 0.178549105097
0 43 0.946679954808
0 44 0.956521498691
0 45 0.088201061469
0 46 0.692601811949
0 47 0.136351439054
0 48 0.142135925075
0 49 0.032578827526
0 50 0.695922867493
0 51 0.814706335141
0 52 0.212556575835
0 53 0.751584326041
0 54 0.354534883868
0 55 0.328467874351
0 56 0.597866853403
0 57 0.463322095033
0 58 0.776834445243
0 59 0.590219716504
0 60 0.874385382488
0 61 0.538452544619
0 62 0.241194802399
0 63 0.650883197648
0 64 0.809277341523
0 65 0.691921889713
0 66 0.944784421375
0 67 0.719665990125
0 68 0.776825705503
0 69 0.295058168189
0 70 0.063881649047
0 71 0.067189383087
0 72 0.524547440225
0 73 0.277087618285
0 74 0.827157080652
0 75 0.440347183310
0 76 0.229383431693
0 77 0.115437418294
0 78 0.725162242089
0 79 0.523128119579
0 80 0.815128627620
0 81 0.871551385778
0 82 0.217777976961
0 83 0.459940298655
0 84 0.919353385855
0 85 0.070997101605
0 86 0.471920626044
0 87 0.113446298151
0 88 0.314228301063
0 89 0.605814818259
0 90 0.696236871085
0 91 0.919879504062
0 92 0.100046287180
0 93 0.883084450916
0 94 0.503328839901
0 95 0.650353286870
0 96 0.954616070065
0 97 0.539355991131
0 98 0.897425383859
0 99 0.603137263039
1 0 0.116143857665
1 1 0.739571902438
1 2 0.780596500906
1 3 0.970774621322
1 4 0.696501642063
1 5 0.211715716881
1 6 0.737875126485
1 7 0.684210253048
1 8 0.384585883442
1 9 0.437503052550
1 10 0.816185609631
1 11 0.375648132089
1 12 0.785815951443
1 13 0.113027753090
1 14 0.520642188134
1 15 0.649287832028
1 16 0.069583276063
1 17 0.833959935676
1 18 0.729463704182
1 19 0.809829083018
1 20 0.587215873754
1 21 0.960865495770
1 22 0.628246445162
1 23 0.653213910714
1 24 0.942847074021
1 25 0.019424432532
1 26 0.845744483819
1 27 0.968672511757
1 28 0.265843744946
1 29 0.005019675357
1 30 0.954007272094
1 31 0.910424803554
1 32 0.579552095544
1 33 0.110085700904
1 34 0.894512621814
1 35 0.081068959773
1 36 0.197875686589
1 37 0.832329708554
1 38 0.351897734697
1 39 0.699550665028
1 40 0.225160842566
1 41 0.169372873539
1 42 0.135498649591
1 43 0.413117800167
1 44 0.136892682198
1 45 0.623842778933
1 46 0.143333174761
1 47 0.166733179123
1 48 0.806248568312
1 49 0.583347574975
1 50 0.234490476032
1 51 0.587903543170
1 52 0.152223147689
1 53 0.125212218735
1 54 0.664945794696
1 55 0.695372882854
1 56 0.340155061174
1 57 0.258089481344
1 58 0.230500612112
1 59 0.625353249204
1 60 0.514758384892
1 61 0.881575669138
1 62 0.404012975652
1 63 0.428840851344
1 64 0.689008298303
1 65 0.773011300077
1 66 0.915316592324
1 67 0.604266520784
1 68 0.721282434781
1 69 0.147807168311
1 70 0.592382105181
1 71 0.489758881351
1 72 0.848490692403
1 73 0.607392747372
1 74 0.931490640537
1 75 0.797242852335
1 76 0.447689458611
1 77 0.665589599407
1 78 0.658771242271
1 79 0.643900386994
1 80 0.753571848328
1 81 0.268453566808
1 82 0.745003838822
1 83 0.603675064564
1 84 0.351218317670
1 85 0.089178570573
1 86 0.952537555052
1 87 0.794209296396
1 88 0.871451998307
1 89 0.620891180157
1 90 0.212525725150
1 91 0.290260979469
1 92 0.973484179744
1 93 0.301091264742
1 94 0.692328790047
1 95 0.731729290108
1 96 0.009974980517
1 97 0.174063901185
1 98 0.773547322115
1 99 0.796278345797
2 0 0.224240143542
2 1 0.539564264506
2 2 0.969140508592
2 3 0.573599159202
2 4 0.177757767262
2 5 0.404803961614
2 6 0.367390945410
2 7 0.928226035603
2 8 0.843069757294
2 9 0.163566330398
2 10 0.330882000819
2 11 0.570492583152
2 12 0.758335820662
2 13 0.946282606481
2 14 0.906523285808
2 15 0.376050403025
2 16 0.657071603093
2 17 0.301928991548
2 18 0.785062410167
2 19 0.245540937281
2 20 0.603644946365
2 21 0.121918285250
2 22 0.876662698502
2 23 0.735213714896
2 24 0.071900057772
2 25 0.805134007988
2 26 0.510696887935
2 27 0.206315175262
2 28 0.593063065199
2 29 0.973373804126
2 30 0.442255699849
2 31 0.954041326113
2 32 0.071262927458
2 33 0.279720074892
2 34 0.496346609529
2 35 0.358230312284
2 36 0.484894538900
2 37 0.762125766001
2 38 0.506093124451
2 39 0.545926207268
2 40 0.987826463467
2 41 0.774136275492
2 42 0.082699146300
2 43 0.601987131838
2 44 0.962076524085
2 45 0.671310573299
2 46 0.961312739948
2 47 0.259402470759
2 48 0.073348028879
2 49 0.182857718644
2 50 0.570058090670
2 51 0.318112809679
2 52 0.251274794322
2 53 0.731523162206
2 54 0.610826630753
2 55 0.402448661398
2 56 0.927111041761
2 57 0.021163737001
2 58 0.181022133931
2 59 0.599738479896
2 60 0.965383366219
2 61 0.864075912883
2 62 0.926976720233
2 63 0.007303649557
2 64 0.546511742642
2 65 0.921097258788
2 66 0.975050693862
2 67 0.956929515599
2 68 0.133641618559
2 69 0.726154907392
2 70 0.567075874381
2 71 0.097068996344
2 72 0.878824757398
2 73 0.854352604670
2 74 0.299386419656
2 75 0.315983247339
2 76 0.509083494773
2 77 0.516819173696
2 78 0.855024694403
2 79 0.826453798484
2 80 0.949779158061
2 81 0.277695862241
2 82 0.230213894834
2 83 0.779260063214
2 84 0.559328120291
2 85 0.438493654967
2 86 0.386664599158
2 87 0.652271412864
2 88 0.735865864531
2 89 0.763905093518
2 90 0.844799709122
2 91 0.656593734156
2 92 0.883860581836
2 93 0.102510348141
2 94 0.485360775633
2 95 0.428759097640
2 96 0.011995241662
2 97 0.781674222763
2 98 0.865616559903
2 99 0.230987488394
3 0 0.966485417242
3 1 0.006522299042
3 2 0.662398966781
3 3 0.877740909539
3 4 0.746783893568
3 5 0.740848009835
3 6 0.591929479691
3 7 0.880903757037
3 8 0.108047474599
3 9 0.623586527257
3 10 0.069618139450
3 11 0.952870447715
3 12 0.409887771935
3 13 0.050269523014
3 14 0.397607287291
3 15 0.862534595948
3 16 0.073205749732
3 17 0.661419990207
3 18 0.381598089602
3 19 0.559679750337
3 20 0.989276919849
3 21 0.995509758104
3 22 0.367907674833
3 23 0.586007633443
3 24 0.486323993935
3 25 0.219793993859
3 26 0.645391558119
3 27 0.493134026049
3 28 0.608611165320
3 29 0.929274339126
3 30 0.321156707055
3 31 0.790390294407
3 32 0.200244459919
3 33 0.724377048357
3 34 0.656837681626
3 35 0.399328715937
3 36 0.512627310665
3 37 0.778002202114
3 38 0.813379576295
3 39 0.081386896906
3 40 0.723419484107
3 41 0.979209347678
3 42 0.642790928390
3 43 0.689246365214
3 44 0.670094089700
3 45 0.591034528725
3 46 0.657226128674
3 47 0.243731221944
3 48 0.087542099423
3 49 0.350252345286
3 50 0.342529432938
3 51 0.186539387789
3 52 0.027872576199
3 53 0.089205471265
3 54 0.895610025211
3 55 0.084266642603
3 56 0.952432542503
3 57 0.407574264894
3 58 0.533440076409
3 59 0.799277704051
3 60 0.552654161594
3 61 0.937861526196
3 62 0.990789014108
3 63 0.295150268017
3 64 0.916322497351
3 65 0.347097115387
3 66 0.026123633382
3 67 0.134295868400
3 68 0.511807830720
3 69 0.257007322165
3 70 0.899215228034
3 71 0.794332232070
3 72 0.056628058351
3 73 0.312448322624
3 74 0.956983789150
3 75 0.300587881449
3 76 0.362608523901
3 77 0.968802660471
3 78 0.212051958640
3 79 0.878666098559
3 80 0.383126128965
3 81 0.004675328433
3 82 0.293390091809
3 83 0.049728870474
3 84 0.875901550526
3 85 0.419654948006
3 86 0.923446961875
3 87 0.353795009944
3 88 0.981234473894
3 89 0.171538146662
3 90 0.404339691239
3 91 0.954322395723
3 92 0.434204340240
3 93 0.698454604858
3 94 0.732435648071
3 95 0.316781073220
3 96 0.967271377158
3 97 0.715075380618
3 98 0.043607323018
3 99 0.362193499191
4 0 0.626802558814
4 1 0.277391496061
4 2 0.821480871874
4 3 0.867455940355
4 4 0.162180818229
4 5 0.820292754339
4 6 0.914564676782
4 7 0.563779162750
4 8 0.708040918726
4 9 0.670791696538
4 10 0.650032332620
4 11 0.289677482029
4 12 0.474802836293
4 13 0.042879669658
4 14 0.022755257568
4 15 0.543473344465
4 16 0.684671914977
4 17 0.906816392928
4 18 0.215514656372
4 19 0.908070221275
4 20 0.134292930768
4 21 0.241961279994
4 22 0.928090891152
4 23 0.642279309451
4 24 0.547580034927
4 25 0.406474302697
4 26 0.920100990233
4 27 0.670083713577
4 28 0.932118888766
4 29 0.757764268763
4 30 0.162613078831
4 31 0.929524358951
4 32 0.798062295879
4 33 0.778128570135
4 34 0.665877933297
4 35 0.762666231104
4 36 0.244571851735
4 37 0.318201926868
4 38 0.408125661704
4 39 0.915284505897
4 40 0.680697287388
4 41 0.385893687498
4 42 0.643504511218
4 43 0.787496873777
4 44 0.978912819723
4 45 0.785152189588
4 46 0.818795439347
4 47 0.169724613478
4 48 0.396690928282
4 49 0.286889889040
4 50 0.727000161825
4 51 0.390177538017
4 52 0.271361029973
4 53 0.127166770148
4 54 0.926988910655
4 55 0.079626832917
4 56 0.191147184531
4 57 0.634403348362
4 58 0.443697636981
4 59 0.134342140101
4 60 0.128407051498
4 61 0.272507133240
4 62 0.740072444401
4 63 0.464975070773
4 64 0.848684841624
4 65 0.002876929025
4 66 0.318780718886
4 67 0.385330208885
4 68 0.624087206988
4 69 0.635907355358
4 70 0.263641841411
4 71 0.452722691063
4 72 0.881676018414
4 73 0.022323249804
4 74 0.967807898160
4 75 0.998841282893
4 76 0.947509979220
4 77 0.722560443699
4 78 0.710329969085
4 79 0.525396077821
4 80 0.842079644649
4 81 0.910402249313
4 82 0.473249366596
4 83 0.344538841349
4 84 0.246647968114
4 85 0.456722553500
4 86 0.993075022988
4 87 0.133781137549
4 88 0.043874492538
4 89 0.986274912140
4 90 0.126079036600
4 91 0.868276649458
4 92 0.836402205442
4 93 0.031987533875
4 94 0.581083106982
4 95 0.070249400397
4 96 0.180161208060
4 97 0.261258835497
4 98 0.681195090093
4 99 0.034848032851
5 0 0.823588030966
5 1 0.232229576575
5 2 0.186553617427
5 3 0.684297776950
5 4 0.231398892621
5 5 0.634850214200
5 6 0.720216440638
5 7 0.091902961715
5 8 0.636900576083
5 9 0.727531033521
5 10 0.127662121432
5 11 0.263596517435
5 12 0.405152274592
5 13 0.921070148164
5 14 0.261591986487
5 15 0.281290197199
5 16 0.077920324538
5 17 0.931786708240
5 18 0.691163114559
5 19 0.491803593395
5 20 0.199629197455
5 21 0.510461791462
5 22 0.307738702544
5 23 0.997222575002
5 24 0.287157131812
5 25 0.351300172920
5 26 0.568511326013
5 27 0.685087634344
5 28 0.997426768202
5 29 0.993575661521
5 30 0.162280595155
5 31 0.117070448765
5 32 0.521561508255
5 33 0.373660159920
5 34 0.610067356128
5 35 0.062294668785
5 36 0.980355799229
5 37 0.198813255075
5 38 0.383257786116
5 39 0.067145867404
5 40 0.800013553490
5 41 0.516300247212
5 42 0.707378013015
5 43 0.820148972188
5 44 0.840473613962
5 45 0.637030277001
5 46 0.846800884217
5 47 0.174789072924
5 48 0.330233149449
5 49 0.369266639654
5 50 0.524608515099
5 51 0.362120418684
5 52 0.962566622994
5 53 0.726695161132
5 54 0.621591485535
5 55 0.245961151791
5 56 0.397522433089
5 57 0.436671287185
5 58 0.304867559357
5 59 0.132166270053
5 60 0.425705922599
5 61 0.132231923428
5 62 0.603230864529
5 63 0.189344896257
5 64 0.193643257096
5 65 0.721254371444
5 66 0.882948778279
5 67 0.186651707706
5 68 0.602660835494
5 69 0.947419643144
5 70 0.130043117871
5 71 0.551427442581
5 72 0.634798503120
5 73 0.588621855243
5 74 0.510829843420
5 75 0.756327260398
5 76 0.172773760345
5 77 0.752309783196
5 78 0.555159481266
5 79 0.130787342198
5 80 0.850300881904
5 81 0.978363944137
5 82 0.647267732378
5 83 0.899873535883
5 84 0.119665082743
5 85 0.500194476441
5 86 0.547364333019
5 87 0.248717764549
5 88 0.610453858842
5 89 0.798509782936
5 90 0.963707348985
5 91 0.305317493759
5 92 0.380607975948
5 93 0.189015035524
5 94 0.035964834133
5 95 0.756265704497
5 96 0.957007550935
5 97 0.182212896972
5 98 0.041048602348
5 99 0.297728835148
6 0 0.699483177981
6 1 0.920442629020
6 2 0.214129107008
6 3 0.901688748481
6 4 0.184500673253
6 5 0.235113299211
6 6 0.778874510531
6 7 0.633544211051
6 8 0.702048660650
6 9 0.811938333243
6 10 0.573990360537
6 11 0.127806985660
6 12 0.211638860856
6 13 0.317925371537
6 14 0.213644195426
6 15 0.089465518895
6 16 0.762392297223
6 17 0.835586040663
6 18 0.843950606762
6 19 0.905126796931
6 20 0.399783513208
6 21 0.139929878550
6 22 0.910402546479
6 23 0.023842092409
6 24 0.857917678799
6 25 0.276965732238
6 26 0.785539687870
6 27 0.982980019898
6 28 0.952993812057
6 29 0.072259047228
6 30 0.744457486727
6 31 0.748665304934
6 32 0.948217115029
6 33 0.242435983469
6 34 0.604233658718
6 35 0.583037210204
6 36 0.435514064398
6 37 0.494101038424
6 38 0.290048644226
6 39 0.222592966254
6 40 0.862250413958
6 41 0.241899557079
6 42 0.459479807552
6 43 0.277794801078
6 44 0.489328131133
6 45 0.518831629250
6 46 0.335634046852
6 47 0.264422249733
6 48 0.937207513789
6 49 0.998922089766
6 50 0.413664280093
6 51 0.038854138974
6 52 0.476785566184
6 53 0.152686134311
6 54 0.545510063200
6 55 0.507098670774
6 56 0.957812956206
6 57 0.339132422241
6 58 0.498364007656
6 59 0.425496241101
6 60 0.993282257306
6 61 0.504564982426
6 62 0.846100186558
6 63 0.810687510761
6 64 0.399761839235
6 65 0.125469823998
6 66 0.855913737178
6 67 0.926042983060
6 68 0.733244820153
6 69 0.503007304102
6 70 0.356493769944
6 71 0.925129713105
6 72 0.772162779348
6 73 0.883486199966
6 74 0.975516119357
6 75 0.313272937430
6 76 0.276192327170
6 77 0.532172068817
6 78 0.303261930584
6 79 0.890928285696
6 80 0.643385278826
6 81 0.225614877933
6 82 0.119351517506
6 83 0.134587788028
6 84 0.908544011730
6 85 0.515845660973
6 86 0.616623594579
6 87 0.305840703864
6 88 0.635619498247
6 89 0.048131248498
6 90 0.240813249793
6 91 0.729061637643
6 92 0.531109684213
6 93 0.774320548975
6 94 0.838355273509
6 95 0.418038373762
6 96 0.626136050491
6 97 0.396410701117
6 98 0.313279626408
6 99 0.754955470410
7 0 0.254346498470
7 1 0.638619593945
7 2 0.383857465770
7 3 0.135281832675
7 4 0.164982464067
7 5 0.062532210316
7 6 0.929199843712
7 7 0.920789444415
7 8 0.151089043047
7 9 0.005711483602
7 10 0.889584398521
7 11 0.855038530168
7 12 0.424277754104
7 13 0.933898466966
7 14 0.916221059456
7 15 0.222126515478
7 16 0.372545098858
7 17 0.263781078760
7 18 0.689514793441
7 19 0.728126284321
7 20 0.066292047038
7 21 0.640914147678
7 22 0.900115023015
7 23 0.356340288640
7 24 0.647979850966
7 25 0.704969121243
7 26 0.148726748808
7 27 0.686918231961
7 28 0.030003354711
7 29 0.312213069299
7 30 0.138595680647
7 31 0.603027843513
7 32 0.210823236459
7 33 0.587820203649
7 34 0.826896299130
7 35 0.055045644735
7 36 0.041794153337
7 37 0.257492435355
7 38 0.430625490598
7 39 0.371319964086
7 40 0.509298109610
7 41 0.386830338243
7 42 0.785163828231
7 43 0.415482613182
7 44 0.863559041703
7 45 0.207180564715
7 46 0.772613042790
7 47 0.922638658173
7 48 0.202266550321
7 49 0.074737948093
7 50 0.951880809255
7 51 0.839625720942
7 52 0.238015016201
7 53 0.718164156379
7 54 0.804049333663
7 55 0.783987090855
7 56 0.393946990610
7 57 0.659935056751
7 58 0.434469793711
7 59 0.395303088682
7 60 0.602180718661
7 61 0.304882261267
7 62 0.427139784747
7 63 0.160375511434
7 64 0.588658449030
7 65 0.501670527688
7 66 0.816255784433
7 67 0.217682834266
7 68 0.188233473174
7 69 0.109230327516
7 70 0.159503115917
7 71 0.186362527320
7 72 0.233692110294
7 73 0.135816833898
7 74 0.572253149673
7 75 0.981890424301
7 76 0.689133113227
7 77 0.705831854159
7 78 0.380863831531
7 79 0.734493309966
7 80 0.651239160176
7 81 0.535462340103
7 82 0.793626339873
7 83 0.539837144927
7 84 0.164956758773
7 85 0.828551433981
7 86 0.062727701774
7 87 0.023919872233
7 88 0.334784338420
7 89 0.787304884610
7 90 0.482924797470
7 91 0.655609461507
7 92 0.198370795239
7 93 0.156709845461
7 94 0.861238420923
7 95 0.356987341307
7 96 0.060972271482
7 97 0.022934927419
7 98 0.151821109916
7 99 0.936587924602
8 0 0.610628203434
8 1 0.220779173175
8 2 0.120235174001
8 3 0.836918752714
8 4 0.341254262141
8 5 0.088242141910
8 6 0.760078459220
8 7 0.195561457243
8 8 0.046343070464
8 9 0.495501816258
8 10 0.823814989295
8 11 0.653950318486
8 12 0.290958297437
8 13 0.767630351407
8 14 0.590640324233
8 15 0.689497674864
8 16 0.271341227213
8 17 0.028919860187
8 18 0.156773738604
8 19 0.373464894995
8 20 0.117095774460
8 21 0.258715755043
8 22 0.040823706696
8 23 0.437956260155
8 24 0.283830425931
8 25 0.759552487159
8 26 0.221102318430
8 27 0.460687843145
8 28 0.163544790461
8 29 0.676065496507
8 30 0.185892631950
8 31 0.868892062905
8 32 0.747375643921
8 33 0.631885603914
8 34 0.365000219313
8 35 0.946942570457
8 36 0.721196784719
8 37 0.230330724120
8 38 0.115621365853
8 39 0.234151379026
8 40 0.621471952351
8 41 0.581571721067
8 42 0.555773578599
8 43 0.726443734721
8 44 0.370943053681
8 45 0.850075237348
8 46 0.410019154105
8 47 0.972787456725
8 48 0.974450685514
8 49 0.192520491848
8 50 0.291488482812
8 51 0.406983861390
8 52 0.165297693867
8 53 0.601621154611
8 54 0.046431785095
8 55 0.876181917592
8 56 0.931683305147
8 57 0.578853270416
8 58 0.082949100012
8 59 0.293214736468
8 60 0.229553334851
8 61 0.057118387188
8 62 0.989637115592
8 63 0.885501334896
8 64 0.945321934370
8 65 0.077888819095
8 66 0.045885694636
8 67 0.653447233654
8 68 0.168301528224
8 69 0.123893164482
8 70 0.041270594196
8 71 0.170143976711
8 72 0.543827565244
8 73 0.973039275966
8 74 0.336100512327
8 75 0.110253681302
8 76 0.631770122582
8 77 0.346713287103
8 78 0.166829078445
8 79 0.679111002251
8 80 0.781754027858
8 81 0.871434951758
8 82 0.304883390007
8 83 0.396731042583
8 84 0.347018411974
8 85 0.077689805073
8 86 0.095316557783
8 87 0.252328949273
8 88 0.041801306923
8 89 0.950076260700
8 90 0.440619421845
8 91 0.280403060113
8 92 0.732201741455
8 93 0.089769664370
8 94 0.504530030894
8 95 0.214731929925
8 96 0.028945115864
8 97 0.574094029210
8 98 0.574823978129
8 99 0.239998735964
9 0 0.558787615193
9 1 0.494210289583
9 2 0.823931321253
9 3 0.273028818414
9 4 0.675502533987
9 5 0.666977345990
9 6 0.852182685088
9 7 0.180763876422
9 8 0.962159378754
9 9 0.583682861875
9 10 0.741188094151
9 11 0.308298382457
9 12 0.129632107886
9 13 0.258896786547
9 14 0.656528012706
9 15 0.210155196751
9 16 0.832253345258
9 17 0.933295566123
9 18 0.002242774846
9 19 0.533407020330
9 20 0.392913848673
9 21 0.654804215096
9 22 0.832499007906
9 23 0.881605384691
9 24 0.015643860172
9 25 0.693008588681
9 26 0.217167509130
9 27 0.114142586452
9 28 0.775849724253
9 29 0.060436818549
9 30 0.676632281169
9 31 0.745897800168
9 32 0.653810888291
9 33 0.505187387472
9 34 0.431733840952
9 35 0.332540006901
9 36 0.928908349728
9 37 0.056353314728
9 38 0.688271168242
9 39 0.659621077363
9 40 0.777220614748
9 41 0.446679554521
9 42 0.002591844945
9 43 0.266962080637
9 44 0.551913757348
9 45 0.432461554582
9 46 0.405287620192
9 47 0.586929082328
9 48 0.479459060290
9 49 0.244631253528
9 50 0.356204823850
9 51 0.846461460209
9 52 0.241606997506
9 53 0.136337037287
9 54 0.983301679831
9 55 0.462713133099
9 56 0.057668466541
9 57 0.600360187942
9 58 0.360700492512
9 59 0.353634318615
9 60 0.706756306823
9 61 0.989212718328
9 62 0.570485401685
9 63 0.378533479812
9 64 0.520462769297
9 65 0.515581135316
9 66 0.039000143819
9 67 0.729462707251
9 68 0.220580701447
9 69 0.710059994963
9 70 0.289693616552
9 71 0.095253462122
9 72 0.367614403502
9 73 0.953110635019
9 74 0.020902403091
9 75 0.433543160991
9 76 0.532814983065
9 77 0.818002725734
9 78 0.464339807754
9 79 0.682493802629
9 80 0.614597934711
9 81 0.407125136841
9 82 0.069993193922
9 83 0.561685388210
9 84 0.878679029005
9 85 0.767350755111
9 86 0.295201790625
9 87 0.409079689616
9 88 0.975105903115
9 89 0.609178953385
9 90 0.320892874395
9 91 0.545596617653
9 92 0.545268232514
9 93 0.710418943443
9 94 0.178967264894
9 95 0.566481019254
9 96 0.925457319344
9 97 0.521814214873
9 98 0.832614600485
9 99 0.600240001026
0 0 8
0 1 6
0 2 6
0 3 10
0 4 9
0 5 10
0 6 8
0 7 8
0 8 8
0 9 9
0 10 9
0 11 10
0 12 6
0 13 8
0 14 4
0 15 7
0 16 8
0 17 4
0 18 8
0 19 9
0 20 4
0 21 5
0 22 11
0 23 3
0 24 8
0 25 8
0 26 8
0 27 3
0 28 8
0 29 9
0 30 8
0 31 5
0 32 8
0 33 5
0 34 8
0 35 9
0 36 10
0 37 11
0 38 6
0 39 8
0 40 8
0 41 3
0 42 8
0 43 5
0 44 10
0 45 7
0 46 10
0 47 9
0 48 9
0 49 3
0 50 5
0 51 9
0 52 9
0 53 8
0 54 9
0 55 6
0 56 11
0 57 3
0 58 9
0 59 4
0 60 4
0 61 3
0 62 9
0 63 7
0 64 7
0 65 4
0 66 8
0 67 7
0 68 3
0 69 8
0 70 3
0 71 8
0 72 4
0 73 7
0 74 9
0 75 8
0 76 10
0 77 9
0 78 3
0 79 3
0 80 10
0 81 9
0 82 7
0 83 9
0 84 9
0 85 6
0 86 10
0 87 10
0 88 8
0 89 9
0 90 8
0 91 9
0 92 6
0 93 10
0 94 9
0 95 9
0 96 5
0 97 6
0 98 5
0 99 7
1 0 7
1 1 4
1 2 6
1 3 9
1 4 10
1 5 9
1 6 8
1 7 9
1 8 6
1 9 9
1 10 11
1 11 9
1 12 8
1 13 7
1 14 5
1 15 7
1 16 8
1 17 5
1 18 8
1 19 9
1 20 4
1 21 4
1 22 9
1 23 5
1 24 8
1 25 8
1 26 9
1 27 3
1 28 10
1 29 10
1 30 7
1 31 5
1 32 9
1 33 6
1 34 8
1 35 9
1 36 8
1 37 9
1 38 6
1 39 8
1 40 8
1 41 3
1 42 8
1 43 4
1 44 9
1 45 8
1 46 10
1 47 11
1 48 10
1 49 3
1 50 3
1 51 9
1 52 9
1 53 9
1 54 7
1 55 4
1 56 9
1 57 3
1 58 9
1 59 4
1 60 6
1 61 4
1 62 8
1 63 8
1 64 6
1 65 5
1 66 10
1 67 7
1 68 3
1 69 9
1 70 4
1 71 9
1 72 5
1 73 7
1 74 8
1 75 10
1 76 8
1 77 9
1 78 3
1 79 3
1 80 11
1 81 7
1 82 8
1 83 11
1 84 9
1 85 7
1 86 9
1 87 9
1 88 8
1 89 9
1 90 7
1 91 11
1 92 7
1 93 9
1 94 10
1 95 10
1 96 6
1 97 6
1 98 3
1 99 5
2 0 8
2 1 6
2 2 7
2 3 11
2 4 10
2 5 11
2 6 10
2 7 9
2 8 9
2 9 11
2 10 11
2 11 11
2 12 9
2 13 10
2 14 4
2 15 7
2 16 9
2 17 5
2 18 9
2 19 11
2 20 7
2 21 5
2 22 11
2 23 4
2 24 10
2 25 8
2 26 9
2 27 4
2 28 9
2 29 11
2 30 8
2 31 5
2 32 10
2 33 8
2 34 9
2 35 10
2 36 9
2 37 12
2 38 8
2 39 10
2 40 9
2 41 4
2 42 10
2 43 6
2 44 10
2 45 8
2 46 11
2 47 10
2 48 10
2 49 5
2 50 5
2 51 11
2 52 9
2 53 9
2 54 10
2 55 7
2 56 11
2 57 5
2 58 12
2 59 6
2 60 5
2 61 5
2 62 9
2 63 8
2 64 8
2 65 6
2 66 11
2 67 8
2 68 4
2 69 8
2 70 5
2 71 11
2 72 6
2 73 8
2 74 9
2 75 9
2 76 10
2 77 12
2 78 5
2 79 5
2 80 10
2 81 8
2 82 9
2 83 12
2 84 10
2 85 7
2 86 11
2 87 10
2 88 9
2 89 8
2 90 10
2 91 12
2 92 8
2 93 10
2 94 11
2 95 11
2 96 6
2 97 8
2 98 6
2 99 6
3 0 9
3 1 7
3 2 7
3 3 11
3 4 9
3 5 12
3 6 8
3 7 9
3 8 7
3 9 10
3 10 12
3 11 9
3 12 9
3 13 9
3 14 4
3 15 9
3 16 10
3 17 6
3 18 9
3 19 11
3 20 5
3 21 5
3 22 12
3 23 4
3 24 9
3 25 8
3 26 8
3 27 4
3 28 9
3 29 10
3 30 10
3 31 6
3 32 11
3 33 7
3 34 8
3 35 11
3 36 11
3 37 11
3 38 6
3 39 11
3 40 9
3 41 4
3 42 9
3 43 6
3 44 12
3 45 10
3 46 11
3 47 11
3 48 10
3 49 4
3 50 6
3 51 11
3 52 9
3 53 10
3 54 8
3 55 5
3 56 12
3 57 6
3 58 12
3 59 6
3 60 6
3 61 6
3 62 10
3 63 7
3 64 7
3 65 5
3 66 10
3 67 9
3 68 4
3 69 8
3 70 4
3 71 9
3 72 4
3 73 6
3 74 10
3 75 10
3 76 10
3 77 10
3 78 4
3 79 5
3 80 10
3 81 8
3 82 10
3 83 10
3 84 9
3 85 7
3 86 10
3 87 11
3 88 9
3 89 9
3 90 8
3 91 11
3 92 6
3 93 10
3 94 10
3 95 11
3 96 7
3 97 8
3 98 6
3 99 6
4 0 8
4 1 7
4 2 7
4 3 10
4 4 9
4 5 10
4 6 10
4 7 9
4 8 7
4 9 12
4 10 11
4 11 11
4 12 9
4 13 8
4 14 4
4 15 8
4 16 9
4 17 6
4 18 8
4 19 11
4 20 5
4 21 6
4 22 12
4 23 5
4 24 9
4 25 10
4 26 9
4 27 5
4 28 11
4 29 10
4 30 10
4 31 6
4 32 9
4 33 6
4 34 8
4 35 9
4 36 10
4 37 11
4 38 6
4 39 9
4 40 9
4 41 6
4 42 9
4 43 5
4 44 10
4 45 10
4 46 10
4 47 12
4 48 11
4 49 6
4 50 6
4 51 10
4 52 11
4 53 10
4 54 10
4 55 7
4 56 11
4 57 5
4 58 11
4 59 4
4 60 7
4 61 6
4 62 10
4 63 9
4 64 9
4 65 6
4 66 10
4 67 8
4 68 6
4 69 10
4 70 5
4 71 9
4 72 4
4 73 6
4 74 8
4 75 9
4 76 11
4 77 11
4 78 5
4 79 4
4 80 12
4 81 8
4 82 10
4 83 11
4 84 9
4 85 9
4 86 11
4 87 11
4 88 9
4 89 8
4 90 8
4 91 11
4 92 6
4 93 12
4 94 10
4 95 10
4 96 6
4 97 7
4 98 4
4 99 7
5 0 9
5 1 6
5 2 5
5 3 10
5 4 10
5 5 10
5 6 9
5 7 8
5 8 9
5 9 11
5 10 10
5 11 9
5 12 9
5 13 9
5 14 4
5 15 7
5 16 8
5 17 4
5 18 9
5 19 10
5 20 7
5 21 6
5 22 11
5 23 6
5 24 9
5 25 8
5 26 9
5 27 5
5 28 10
5 29 12
5 30 10
5 31 6
5 32 9
5 33 7
5 34 7
5 35 11
5 36 9
5 37 11
5 38 6
5 39 9
5 40 9
5 41 6
5 42 8
5 43 6
5 44 11
5 45 10
5 46 10
5 47 10
5 48 9
5 49 5
5 50 5
5 51 10
5 52 10
5 53 9
5 54 9
5 55 7
5 56 12
5 57 4
5 58 12
5 59 6
5 60 6
5 61 6
5 62 8
5 63 8
5 64 9
5 65 5
5 66 10
5 67 10
5 68 6
5 69 10
5 70 4
5 71 10
5 72 4
5 73 6
5 74 8
5 75 9
5 76 10
5 77 11
5 78 5
5 79 5
5 80 10
5 81 9
5 82 8
5 83 10
5 84 10
5 85 8
5 86 11
5 87 9
5 88 9
5 89 10
5 90 8
5 91 12
5 92 8
5 93 11
5 94 11
5 95 10
5 96 5
5 97 8
5 98 6
5 99 6
6 0 11
6 1 8
6 2 8
6 3 13
6 4 13
6 5 14
6 6 11
6 7 11
6 8 10
6 9 12
6 10 12
6 11 11
6 12 11
6 13 10
6 14 7
6 15 9
6 16 12
6 17 8
6 18 10
6 19 13
6 20 8
6 21 6
6 22 14
6 23 7
6 24 12
6 25 12
6 26 10
6 27 7
6 28 13
6 29 14
6 30 10
6 31 6
6 32 12
6 33 10
6 34 10
6 35 11
6 36 12
6 37 13
6 38 9
6 39 11
6 40 11
6 41 6
6 42 11
6 43 6
6 44 12
6 45 12
6 46 14
6 47 13
6 48 13
6 49 6
6 50 7
6 51 13
6 52 11
6 53 11
6 54 10
6 55 9
6 56 13
6 57 7
6 58 13
6 59 6
6 60 9
6 61 6
6 62 10
6 63 11
6 64 11
6 65 7
6 66 12
6 67 12
6 68 6
6 69 11
6 70 7
6 71 11
6 72 7
6 73 8
6 74 11
6 75 12
6 76 12
6 77 14
6 78 8
6 79 8
6 80 13
6 81 11
6 82 12
6 83 14
6 84 13
6 85 11
6 86 14
6 87 12
6 88 12
6 89 10
6 90 11
6 91 14
6 92 8
6 93 13
6 94 13
6 95 12
6 96 9
6 97 11
6 98 6
6 99 10
7 0 8
7 1 6
7 2 7
7 3 11
7 4 9
7 5 12
7 6 8
7 7 10
7 8 8
7 9 11
7 10 12
7 11 11
7 12 8
7 13 8
7 14 4
7 15 9
7 16 8
7 17 4
7 18 9
7 19 11
7 20 5
7 21 4
7 22 10
7 23 5
7 24 9
7 25 9
7 26 10
7 27 4
7 28 10
7 29 12
7 30 9
7 31 4
7 32 11
7 33 6
7 34 7
7 35 9
7 36 9
7 37 10
7 38 7
7 39 9
7 40 10
7 41 6
7 42 9
7 43 4
7 44 12
7 45 9
7 46 10
7 47 11
7 48 11
7 49 4
7 50 6
7 51 11
7 52 11
7 53 9
7 54 10
7 55 5
7 56 12
7 57 6
7 58 12
7 59 5
7 60 6
7 61 4
7 62 8
7 63 8
7 64 7
7 65 4
7 66 11
7 67 8
7 68 6
7 69 8
7 70 6
7 71 9
7 72 4
7 73 8
7 74 9
7 75 9
7 76 9
7 77 10
7 78 6
7 79 5
7 80 11
7 81 8
7 82 9
7 83 12
7 84 10
7 85 8
7 86 12
7 87 11
7 88 10
7 89 10
7 90 9
7 91 12
7 92 6
7 93 10
7 94 11
7 95 10
7 96 6
7 97 7
7 98 4
7 99 8
8 0 9
8 1 6
8 2 6
8 3 11
8 4 11
8 5 10
8 6 8
8 7 10
8 8 9
8 9 10
8 10 11
8 11 9
8 12 7
8 13 9
8 14 4
8 15 8
8 16 10
8 17 6
8 18 8
8 19 9
8 20 7
8 21 4
8 22 12
8 23 5
8 24 8
8 25 9
8 26 8
8 27 5
8 28 9
8 29 11
8 30 8
8 31 6
8 32 10
8 33 6
8 34 7
8 35 11
8 36 9
8 37 12
8 38 8
8 39 10
8 40 8
8 41 5
8 42 8
8 43 4
8 44 12
8 45 8
8 46 10
8 47 10
8 48 11
8 49 5
8 50 6
8 51 12
8 52 10
8 53 10
8 54 9
8 55 7
8 56 10
8 57 5
8 58 10
8 59 6
8 60 5
8 61 6
8 62 9
8 63 9
8 64 9
8 65 5
8 66 9
8 67 10
8 68 6
8 69 9
8 70 4
8 71 9
8 72 4
8 73 7
8 74 9
8 75 10
8 76 11
8 77 12
8 78 6
8 79 6
8 80 12
8 81 8
8 82 8
8 83 10
8 84 9
8 85 7
8 86 12
8 87 9
8 88 11
8 89 10
8 90 9
8 91 12
8 92 8
8 93 10
8 94 10
8 95 12
8 96 5
8 97 7
8 98 6
8 99 7
9 0 9
9 1 5
9 2 5
9 3 11
9 4 9
9 5 10
9 6 8
9 7 8
9 8 7
9 9 12
9 10 12
9 11 9
9 12 7
9 13 10
9 14 6
9 15 8
9 16 9
9 17 5
9 18 9
9 19 10
9 20 7
9 21 5
9 22 12
9 23 5
9 24 10
9 25 9
9 26 10
9 27 5
9 28 9
9 29 12
9 30 10
9 31 4
9 32 11
9 33 7
9 34 8
9 35 11
9 36 9
9 37 11
9 38 8
9 39 10
9 40 10
9 41 5
9 42 10
9 43 6
9 44 10
9 45 8
9 46 12
9 47 11
9 48 9
9 49 5
9 50 5
9 51 11
9 52 9
9 53 9
9 54 10
9 55 5
9 56 10
9 57 4
9 58 10
9 59 6
9 60 5
9 61 4
9 62 10
9 63 9
9 64 8
9 65 6
9 66 10
9 67 9
9 68 5
9 69 10
9 70 5
9 71 9
9 72 5
9 73 8
9 74 10
9 75 10
9 76 11
9 77 11
9 78 6
9 79 6
9 80 10
9 81 8
9 82 10
9 83 10
9 84 10
9 85 7
9 86 11
9 87 11
9 88 11
9 89 8
9 90 8
9 91 12
9 92 7
9 93 10
9 94 10
9 95 12
9 96 6
9 97 9
9 98 4
9 99 8
