10 100 10 7 10.0 3.0 1.0 95
3 54 9
2 27 7
4 150 8
0 5 7
9 105 6
3 48 5
6 190 8
0 92 7
1 56 6
9 75 3
2 131 3
1 72 8
8 152 8
8 210 7
9 178 8
1 37 3
1 36 8
4 58 8
7 124 5
5 139 7
0 99 7
6 196 5
6 116 8
4 155 3
9 235 8
7 24 9
2 44 8
3 88 7
5 150 7
8 110 3
9 100 3
0 83 6
4 122 3
5 136 5
1 86 7
6 132 5
1 61 9
8 12 4
4 160 8
7 56 5
5 103 3
0 77 7
4 148 5
5 86 4
3 27 7
2 87 6
5 99 9
6 176 8
6 8 9
7 195 3
6 190 3
1 37 6
7 212 8
9 90 7
0 65 3
0 11 3
6 148 8
4 88 9
4 78 9
1 1 3
3 117 3
9 218 5
8 42 5
2 127 9
8 124 3
8 124 8
2 124 3
3 51 8
8 112 8
8 30 9
6 62 3
0 8 5
0 77 9
7 95 8
5 95 8
0 7 7
9 25 9
2 117 8
5 182 3
2 124 8
5 130 8
2 4 5
7 59 7
7 33 3
4 53 4
6 110 9
4 8 9
2 73 7
1 71 9
3 39 3
3 28 5
9 85 7
1 49 8
3 74 9
7 20 8
7 102 8
9 25 7
5 127 7
8 26 9
3 148 9
0 0 0.344551784776
0 1 0.826101226904
0 2 0.672639173371
0 3 0.533737823725
0 4 0.589977701987
0 5 0.862604194904
0 6 0.050311669642
0 7 0.545344360710
0 8 0.443917577916
0 9 0.191965965564
0 10 0.885325629653
0 11 0.176667372977
0 12 0.486178357157
0 13 0.680504916748
0 14 0.497976218505
0 15 0.038728080423
0 16 0.609814615090
0 17 0.394567594577
0 18 0.024174466932
0 19 0.576125709420
0 20 0.652933691333
0 21 0.714216247963
0 22 0.966449258680
0 23 0.689276452485
0 24 0.450231590923
0 25 0.884403669563
0 26 0.008197566549
0 27 0.456407952168
0 28 0.442136972507
0 29 0.376176584133
0 30 0.377151748350
0 31 0.347176752607
0 32 0.345593345015
0 33 0.942948113716
0 34 0.357120008540
0 35 0.900177016305
0 36 0.916693151003
0 37 0.769781096478
0 38 0.060189431992
0 39 0.259820669902
0 40 0.907450733081
0 41 0.257516392611
0 42 0.967806594403
0 43 0.648464308164
0 44 0.280599695698
0 45 0.810351414483
0 46 0.045121602873
0 47 0.079007220931
0 48 0.073471395884
0 49 0.203080115493
0 50 0.891881271340
0 51 0.699367841777
0 52 0.506573024206
0 53 0.340275076264
0 54 0.965976667809
0 55 0.042477473743
0 56 0.657187792775
0 57 0.234394750412
0 58 0.000474133367
0 59 0.115519649513
0 60 0.437072267736
0 61 0.363054791973
0 62 0.497729952442
0 63 0.025258024381
0 64 0.523396194556
0 65 0.184324725946
0 66 0.510809291500
0 67 0.922433537480
0 68 0.224359183079
0 69 0.870597124686
0 70 0.241565239461
0 71 0.550277962210
0 72 0.831052285574
0 73 0.447015196086
0 74 0.985970474694
0 75 0.252292271697
0 76 0.287138144444
0 77 0.009603923226
0 78 0.846242574495
0 79 0.249411666495
0 80 0.760004878647
0 81 0.625736171236
0 82 0.291560274021
0 83 0.953597814455
0 84 0.137644002475
0 85 0.137890992543
0 86 0.606658187059
0 87 0.504566375293
0 88 0.221815267920
0 89 0.883984482706
0 90 0.091872694814
0 91 0.039447286137
0 92 0.691654568413
0 93 0.143277672146
0 94 0.494854790272
0 95 0.706113337224
0 96 0.583379898283
0 97 0.490366131922
0 98 0.111772198820
0 99 0.482099624602
1 0 0.429316330616
1 1 0.744057632841
1 2 0.990008016159
1 3 0.641605688340
1 4 0.140436373110
1 5 0.184779387471
1 6 0.841815007524
1 7 0.103232536806
1 8 0.210965634215
1 9 0.904194617190
1 10 0.494346144641
1 11 0.289870921397
1 12 0.520155227085
1 13 0.190046507063
1 14 0.323630536579
1 15 0.629924392609
1 16 0.037268342834
1 17 0.185135180085
1 18 0.612446602973
1 19 0.249595566647
1 20 0.622375358951
1 21 0.203307550062
1 22 0.757291819937
1 23 0.342820438374
1 24 0.369760109431
1 25 0.734193936940
1 26 0.064612459154
1 27 0.455696602096
1 28 0.531248558074
1 29 0.328591271982
1 30 0.562034351466
1 31 0.101328829108
1 32 0.229786418241
1 33 0.736073073221
1 34 0.853971450356
1 35 0.256587057269
1 36 0.938720667024
1 37 0.111596074302
1 38 0.103815259678
1 39 0.353977382872
1 40 0.499886706703
1 41 0.668857530025
1 42 0.591205764198
1 43 0.969592240378
1 44 0.337324573394
1 45 0.597514715372
1 46 0.558530773452
1 47 0.334603511939
1 48 0.070854862689
1 49 0.051268462982
1 50 0.315003823082
1 51 0.104092255124
1 52 0.420289255265
1 53 0.276246518972
1 54 0.988858760893
1 55 0.392967749272
1 56 0.289327588822
1 57 0.490507924630
1 58 0.624346268336
1 59 0.312432292603
1 60 0.992407969374
1 61 0.108256948908
1 62 0.645243319986
1 63 0.541884703587
1 64 0.839924803464
1 65 0.530480228421
1 66 0.500958920398
1 67 0.678114528096
1 68 0.215368101523
1 69 0.611638759444
1 70 0.266282042793
1 71 0.304772634490
1 72 0.161770681124
1 73 0.857615449889
1 74 0.686772595463
1 75 0.577044750967
1 76 0.472056528445
1 77 0.783666103646
1 78 0.368309702176
1 79 0.949471804381
1 80 0.149114925386
1 81 0.298570437109
1 82 0.926429487298
1 83 0.858677406193
1 84 0.245188105686
1 85 0.516059975480
1 86 0.449554701979
1 87 0.161455811484
1 88 0.156763674588
1 89 0.004398192538
1 90 0.420348383661
1 91 0.117785785207
1 92 0.229293378541
1 93 0.815896908714
1 94 0.823548907118
1 95 0.831856002345
1 96 0.485471269021
1 97 0.948248807941
1 98 0.266491899488
1 99 0.946973950787
2 0 0.443489332372
2 1 0.086301593771
2 2 0.921527116907
2 3 0.805531120318
2 4 0.690720849791
2 5 0.787170858464
2 6 0.565596850251
2 7 0.605728181400
2 8 0.219162201028
2 9 0.027122121392
2 10 0.999829041111
2 11 0.360982519401
2 12 0.249732535591
2 13 0.997969535183
2 14 0.286020139829
2 15 0.823775342102
2 16 0.573472429016
2 17 0.422564470499
2 18 0.147483401681
2 19 0.967370247745
2 20 0.937786758089
2 21 0.914932581204
2 22 0.571912733328
2 23 0.738339964338
2 24 0.235413362972
2 25 0.092407987988
2 26 0.049104885788
2 27 0.133474713966
2 28 0.630674650065
2 29 0.662826403527
2 30 0.439333345370
2 31 0.467797352436
2 32 0.967178142209
2 33 0.196025438699
2 34 0.970285355715
2 35 0.756254817321
2 36 0.048384282734
2 37 0.600378263259
2 38 0.505617533122
2 39 0.000945458037
2 40 0.769796429754
2 41 0.915297664542
2 42 0.855957335633
2 43 0.230777105958
2 44 0.264973408851
2 45 0.563283459891
2 46 0.386163385637
2 47 0.076007503019
2 48 0.225963279265
2 49 0.664928653463
2 50 0.428141138860
2 51 0.186840666654
2 52 0.102585924423
2 53 0.983994814062
2 54 0.370031972274
2 55 0.094753623733
2 56 0.941842368138
2 57 0.925491688254
2 58 0.253703174727
2 59 0.626198577296
2 60 0.477708887088
2 61 0.668112497867
2 62 0.891693030572
2 63 0.806253920410
2 64 0.993207820219
2 65 0.146554083955
2 66 0.089727877096
2 67 0.996206400650
2 68 0.269354067260
2 69 0.064492916470
2 70 0.715101752796
2 71 0.228778447150
2 72 0.814543794948
2 73 0.539424291971
2 74 0.181008609429
2 75 0.762642658086
2 76 0.161019126188
2 77 0.868457854546
2 78 0.456668654087
2 79 0.666602399227
2 80 0.848076507001
2 81 0.761104151164
2 82 0.132253362319
2 83 0.878665812461
2 84 0.326493487785
2 85 0.887904848048
2 86 0.026584217613
2 87 0.758138522634
2 88 0.056155773589
2 89 0.826968939888
2 90 0.992717693222
2 91 0.001148112989
2 92 0.915341272206
2 93 0.005055156292
2 94 0.277675327153
2 95 0.023864373342
2 96 0.790251304256
2 97 0.548260900929
2 98 0.360519744290
2 99 0.652617823906
3 0 0.210095275091
3 1 0.038554889747
3 2 0.211831183445
3 3 0.174666923388
3 4 0.606525314161
3 5 0.210231484091
3 6 0.750785378469
3 7 0.101754068665
3 8 0.364062098633
3 9 0.746057763945
3 10 0.918741925726
3 11 0.864678995224
3 12 0.130204759945
3 13 0.481369509140
3 14 0.990266553123
3 15 0.837812796118
3 16 0.735378156083
3 17 0.586781900278
3 18 0.228764760290
3 19 0.661565031696
3 20 0.735605866315
3 21 0.786729648239
3 22 0.121586277055
3 23 0.107408578095
3 24 0.758339358883
3 25 0.030087105423
3 26 0.602299158138
3 27 0.331455893672
3 28 0.818423493501
3 29 0.706009636171
3 30 0.612483606036
3 31 0.966795514279
3 32 0.765003447435
3 33 0.483575890227
3 34 0.352746203776
3 35 0.022549192655
3 36 0.260018659803
3 37 0.300420591317
3 38 0.027124647083
3 39 0.953665509617
3 40 0.557480030396
3 41 0.278089761843
3 42 0.021654677744
3 43 0.957805397104
3 44 0.990564082172
3 45 0.440651751401
3 46 0.213495096475
3 47 0.478684469159
3 48 0.372972403081
3 49 0.332519846738
3 50 0.424726699310
3 51 0.152801897514
3 52 0.842832691167
3 53 0.419735012896
3 54 0.859587953698
3 55 0.549317927204
3 56 0.954864166575
3 57 0.878391960280
3 58 0.182676729856
3 59 0.206500647191
3 60 0.927835882314
3 61 0.144629726069
3 62 0.911908736302
3 63 0.018089193064
3 64 0.526489101511
3 65 0.222543145569
3 66 0.849031612387
3 67 0.643914315489
3 68 0.826227244300
3 69 0.380724966214
3 70 0.462059385524
3 71 0.275608883343
3 72 0.810012160348
3 73 0.898439421334
3 74 0.638364883972
3 75 0.131857503737
3 76 0.504105415351
3 77 0.324041321811
3 78 0.291569853996
3 79 0.224796580382
3 80 0.698581356293
3 81 0.748050336199
3 82 0.836555351275
3 83 0.251203413840
3 84 0.731507705909
3 85 0.093350557478
3 86 0.040412476563
3 87 0.749570886693
3 88 0.779475888753
3 89 0.742487191302
3 90 0.097942971517
3 91 0.789753349854
3 92 0.819662615257
3 93 0.236312798553
3 94 0.896932798940
3 95 0.198533539651
3 96 0.543068580034
3 97 0.817571790401
3 98 0.761404416227
3 99 0.664059859334
4 0 0.606474608164
4 1 0.763274745891
4 2 0.018324645232
4 3 0.465141855533
4 4 0.462823475393
4 5 0.441847916505
4 6 0.020648038074
4 7 0.552185358803
4 8 0.534162951172
4 9 0.563217236839
4 10 0.230364297022
4 11 0.608948148982
4 12 0.482015963839
4 13 0.494951119065
4 14 0.107170283153
4 15 0.280980242745
4 16 0.338533847428
4 17 0.276808616222
4 18 0.348029486232
4 19 0.601202429696
4 20 0.581040650309
4 21 0.701086145796
4 22 0.330426963647
4 23 0.375318803417
4 24 0.058882869600
4 25 0.818424184650
4 26 0.750920821862
4 27 0.459005477027
4 28 0.673325912422
4 29 0.644936192508
4 30 0.026438182094
4 31 0.732560379259
4 32 0.612052593716
4 33 0.480630932626
4 34 0.872343768481
4 35 0.370709152434
4 36 0.860912457755
4 37 0.932360789220
4 38 0.631939927162
4 39 0.643741634534
4 40 0.405533870392
4 41 0.242606811902
4 42 0.013928576924
4 43 0.446671667062
4 44 0.256923429007
4 45 0.491667237658
4 46 0.349185829455
4 47 0.581985904455
4 48 0.718440715597
4 49 0.893057389245
4 50 0.733199194647
4 51 0.352782913831
4 52 0.944910787401
4 53 0.933018288090
4 54 0.706412530621
4 55 0.330434638673
4 56 0.050882057297
4 57 0.973456582671
4 58 0.472418572009
4 59 0.079652039806
4 60 0.899435188658
4 61 0.469700478460
4 62 0.600025199012
4 63 0.184875104579
4 64 0.410165176044
4 65 0.294420303202
4 66 0.106855807906
4 67 0.839193349138
4 68 0.155371132555
4 69 0.883194116024
4 70 0.733430247187
4 71 0.701006873225
4 72 0.352565930979
4 73 0.440568594367
4 74 0.285851160635
4 75 0.988400129172
4 76 0.338424296613
4 77 0.342874757033
4 78 0.118990321728
4 79 0.744482658433
4 80 0.662817295135
4 81 0.100124778653
4 82 0.804619688192
4 83 0.444054554026
4 84 0.418334865501
4 85 0.069561791392
4 86 0.687495381663
4 87 0.668705839455
4 88 0.988797166155
4 89 0.724182345996
4 90 0.978435463603
4 91 0.641830691790
4 92 0.893251197406
4 93 0.067446066862
4 94 0.387469511698
4 95 0.020046734470
4 96 0.814081025162
4 97 0.791553884952
4 98 0.568666220432
4 99 0.268858775270
5 0 0.043922321564
5 1 0.223504058117
5 2 0.617326990259
5 3 0.073625257179
5 4 0.477926964635
5 5 0.412444182791
5 6 0.225068782658
5 7 0.336462324418
5 8 0.162267580848
5 9 0.322097455448
5 10 0.441002756376
5 11 0.356369945194
5 12 0.574702902459
5 13 0.341105310467
5 14 0.332729529220
5 15 0.620494201518
5 16 0.936631998592
5 17 0.461206108150
5 18 0.264398251062
5 19 0.755851896443
5 20 0.884028586179
5 21 0.710220053129
5 22 0.781242246028
5 23 0.627685738111
5 24 0.052129463037
5 25 0.428344395617
5 26 0.641856499277
5 27 0.064197747969
5 28 0.633231299403
5 29 0.455839242241
5 30 0.111101807909
5 31 0.123165288879
5 32 0.038748122277
5 33 0.159756450191
5 34 0.032486316040
5 35 0.152075086139
5 36 0.552991394026
5 37 0.305718879277
5 38 0.473473307804
5 39 0.487097270753
5 40 0.777180307936
5 41 0.668506402367
5 42 0.663147031016
5 43 0.370927164976
5 44 0.278409675461
5 45 0.692283752519
5 46 0.690453127372
5 47 0.456962107171
5 48 0.641048045641
5 49 0.077498771381
5 50 0.150107950555
5 51 0.659204178229
5 52 0.461766560151
5 53 0.927006784708
5 54 0.949093394979
5 55 0.365538122865
5 56 0.569914768981
5 57 0.027373271040
5 58 0.442265454572
5 59 0.751867094588
5 60 0.344400110077
5 61 0.917308488732
5 62 0.380209360657
5 63 0.196752776154
5 64 0.117483542457
5 65 0.367525001451
5 66 0.281808143000
5 67 0.630648335859
5 68 0.512328072608
5 69 0.929781792029
5 70 0.358208851769
5 71 0.843705879648
5 72 0.364518753137
5 73 0.209729248296
5 74 0.710605481626
5 75 0.162934118110
5 76 0.312810785236
5 77 0.010800678999
5 78 0.861128798081
5 79 0.702534369287
5 80 0.451915036628
5 81 0.263563336904
5 82 0.537060005401
5 83 0.782638333368
5 84 0.427399285861
5 85 0.744792162654
5 86 0.312205735161
5 87 0.632057865651
5 88 0.800052528982
5 89 0.527513496644
5 90 0.770016614120
5 91 0.146290537893
5 92 0.066306825393
5 93 0.978364871158
5 94 0.055302986736
5 95 0.018557089949
5 96 0.595255328198
5 97 0.142304824680
5 98 0.340571701394
5 99 0.023831224663
6 0 0.557101328296
6 1 0.701200154891
6 2 0.024062535157
6 3 0.590528664882
6 4 0.004223776533
6 5 0.366097008451
6 6 0.834960194978
6 7 0.979684556650
6 8 0.137858409732
6 9 0.806267659024
6 10 0.103681558512
6 11 0.605671792570
6 12 0.767137338184
6 13 0.264603587904
6 14 0.031960105481
6 15 0.948155319985
6 16 0.773824411481
6 17 0.361749085527
6 18 0.242785596301
6 19 0.334061109617
6 20 0.031435730721
6 21 0.792772317567
6 22 0.566893581756
6 23 0.690763928509
6 24 0.638944759048
6 25 0.750693792871
6 26 0.983849953103
6 27 0.136788226543
6 28 0.471075291161
6 29 0.123950205884
6 30 0.318282364196
6 31 0.346140794643
6 32 0.977869786754
6 33 0.343999462665
6 34 0.615783695905
6 35 0.995252111453
6 36 0.788553441729
6 37 0.044131919709
6 38 0.204412917304
6 39 0.681335225689
6 40 0.483942633275
6 41 0.586361097869
6 42 0.764269990172
6 43 0.752198050600
6 44 0.160666381478
6 45 0.622710181922
6 46 0.004507169122
6 47 0.268871295539
6 48 0.130982301462
6 49 0.963051750473
6 50 0.638797745182
6 51 0.401000150362
6 52 0.118810042058
6 53 0.533455118393
6 54 0.160001823989
6 55 0.526291932073
6 56 0.788929033180
6 57 0.341140314747
6 58 0.228978804988
6 59 0.135622936879
6 60 0.845317487455
6 61 0.448890929587
6 62 0.737851071778
6 63 0.173711073839
6 64 0.597980960319
6 65 0.475730180070
6 66 0.355142285560
6 67 0.166512426518
6 68 0.126761621702
6 69 0.239755498280
6 70 0.507217293973
6 71 0.673731333166
6 72 0.486484713059
6 73 0.845553754761
6 74 0.686959629817
6 75 0.847535904186
6 76 0.679911925151
6 77 0.246717646278
6 78 0.601764289597
6 79 0.655180150065
6 80 0.501869364846
6 81 0.274458091960
6 82 0.248658817131
6 83 0.374379928993
6 84 0.786912779279
6 85 0.489459356449
6 86 0.637141069514
6 87 0.507527859680
6 88 0.622712356170
6 89 0.724414914356
6 90 0.506578604494
6 91 0.943724404948
6 92 0.354932773607
6 93 0.471243226189
6 94 0.513526467659
6 95 0.837529374412
6 96 0.597125444728
6 97 0.352994141585
6 98 0.576944953893
6 99 0.737600336038
7 0 0.335591248194
7 1 0.771832497189
7 2 0.078859348391
7 3 0.810341914876
7 4 0.117305736045
7 5 0.252213045765
7 6 0.562906024223
7 7 0.683251882702
7 8 0.661770166457
7 9 0.382575469516
7 10 0.580614023741
7 11 0.910680644203
7 12 0.290666401452
7 13 0.910056623376
7 14 0.746297368133
7 15 0.798535861798
7 16 0.752935961969
7 17 0.850014637049
7 18 0.323284853142
7 19 0.492825416293
7 20 0.516628168784
7 21 0.572813706013
7 22 0.854821721737
7 23 0.313771556743
7 24 0.941346623156
7 25 0.162151974449
7 26 0.707020412632
7 27 0.296666971476
7 28 0.044063632029
7 29 0.735027009774
7 30 0.100841988433
7 31 0.355062780627
7 32 0.503818473848
7 33 0.229207226226
7 34 0.283606496516
7 35 0.639868798208
7 36 0.808451243863
7 37 0.436021332855
7 38 0.348737942096
7 39 0.103473742144
7 40 0.972936601290
7 41 0.041885424114
7 42 0.709771508113
7 43 0.851182925305
7 44 0.764159990518
7 45 0.158661252147
7 46 0.978748074081
7 47 0.948417001275
7 48 0.787013614883
7 49 0.080596189110
7 50 0.690083747145
7 51 0.275136728928
7 52 0.117878266970
7 53 0.393502400605
7 54 0.087687493805
7 55 0.819468171523
7 56 0.190626306967
7 57 0.714653359676
7 58 0.764084266413
7 59 0.679567903483
7 60 0.163866964671
7 61 0.889036668413
7 62 0.639813411398
7 63 0.908265633718
7 64 0.409641720859
7 65 0.972841199521
7 66 0.367776729953
7 67 0.380282996725
7 68 0.983953259195
7 69 0.381752162661
7 70 0.668276095328
7 71 0.676560977468
7 72 0.896180671871
7 73 0.609133973327
7 74 0.775735308884
7 75 0.743960005460
7 76 0.101877355189
7 77 0.829342515420
7 78 0.314022454630
7 79 0.861772415058
7 80 0.596721544342
7 81 0.752181886579
7 82 0.357910539545
7 83 0.684753644452
7 84 0.504289657170
7 85 0.877119115802
7 86 0.275407670291
7 87 0.965693897982
7 88 0.864629174744
7 89 0.028310955184
7 90 0.898363056755
7 91 0.107868251632
7 92 0.059987437975
7 93 0.311135437589
7 94 0.870682141051
7 95 0.672479293032
7 96 0.374699166078
7 97 0.968013869048
7 98 0.667531204532
7 99 0.936332700003
8 0 0.668258546798
8 1 0.406578804612
8 2 0.253795115661
8 3 0.302087731945
8 4 0.997615616475
8 5 0.906075533755
8 6 0.886970237068
8 7 0.919112460437
8 8 0.094387774834
8 9 0.209815535599
8 10 0.706945696100
8 11 0.122582040896
8 12 0.798333771531
8 13 0.852438218876
8 14 0.547053290309
8 15 0.982428090189
8 16 0.425772027311
8 17 0.270202171070
8 18 0.452348969399
8 19 0.995987033422
8 20 0.363524056689
8 21 0.725636214471
8 22 0.111282518620
8 23 0.801989153650
8 24 0.378197982422
8 25 0.949460813861
8 26 0.637574359341
8 27 0.476803090260
8 28 0.543804509211
8 29 0.722394257393
8 30 0.293985348684
8 31 0.279192610784
8 32 0.796723960285
8 33 0.025340109726
8 34 0.414486577066
8 35 0.358471487838
8 36 0.256075662124
8 37 0.362532424594
8 38 0.815186589934
8 39 0.109833420485
8 40 0.567121561420
8 41 0.420220791733
8 42 0.695598047268
8 43 0.660471680602
8 44 0.461815994877
8 45 0.154757568348
8 46 0.054337002652
8 47 0.971349530680
8 48 0.103540367238
8 49 0.090429064633
8 50 0.732368635389
8 51 0.144310719574
8 52 0.351575417828
8 53 0.248841114228
8 54 0.328282762783
8 55 0.847174204224
8 56 0.775257196167
8 57 0.530474960692
8 58 0.632044069251
8 59 0.690579086848
8 60 0.544494459576
8 61 0.403235037146
8 62 0.089283216685
8 63 0.020414951275
8 64 0.281771492774
8 65 0.150298708867
8 66 0.654391187948
8 67 0.660323538647
8 68 0.347248944140
8 69 0.928703505119
8 70 0.747655927880
8 71 0.196688866555
8 72 0.878451619326
8 73 0.721305835381
8 74 0.836937861243
8 75 0.009575716838
8 76 0.477835027235
8 77 0.708461303688
8 78 0.480250011090
8 79 0.875626566771
8 80 0.191318314220
8 81 0.020777486360
8 82 0.252003145262
8 83 0.024002900157
8 84 0.885305346324
8 85 0.668129190130
8 86 0.698049817642
8 87 0.763360124316
8 88 0.757731627225
8 89 0.416200413755
8 90 0.319775461113
8 91 0.072547613023
8 92 0.129943103005
8 93 0.898364592088
8 94 0.402788180605
8 95 0.071867188692
8 96 0.309446451273
8 97 0.750958649477
8 98 0.845989984916
8 99 0.397531745728
9 0 0.502656479046
9 1 0.354648665747
9 2 0.718887205004
9 3 0.581268598573
9 4 0.298381268544
9 5 0.662011662302
9 6 0.910484446308
9 7 0.789076505747
9 8 0.777465682461
9 9 0.007755912893
9 10 0.083728145823
9 11 0.750674343327
9 12 0.380153782333
9 13 0.466000278004
9 14 0.629392360551
9 15 0.864603828641
9 16 0.376500361382
9 17 0.051773346346
9 18 0.775744044624
9 19 0.175774644148
9 20 0.013647286872
9 21 0.544548772059
9 22 0.058218137358
9 23 0.582463247431
9 24 0.007954369019
9 25 0.795793793876
9 26 0.821011656754
9 27 0.995932940492
9 28 0.862705609166
9 29 0.158639873839
9 30 0.929886711108
9 31 0.500897204541
9 32 0.025270465034
9 33 0.937227668862
9 34 0.996058126837
9 35 0.292481198126
9 36 0.490808843614
9 37 0.684614391452
9 38 0.090255989051
9 39 0.288450677842
9 40 0.934751787702
9 41 0.727210343903
9 42 0.555848428766
9 43 0.834833215388
9 44 0.935235825024
9 45 0.390870768309
9 46 0.516535487261
9 47 0.054713688680
9 48 0.637257914081
9 49 0.777437856068
9 50 0.231661537187
9 51 0.416285914277
9 52 0.307180869436
9 53 0.063317934695
9 54 0.278387348827
9 55 0.553856812331
9 56 0.926532392770
9 57 0.561059036307
9 58 0.283370066491
9 59 0.041281197279
9 60 0.507309067095
9 61 0.865537077559
9 62 0.763810119702
9 63 0.164422330196
9 64 0.862068375986
9 65 0.938863895491
9 66 0.519771973203
9 67 0.974207265065
9 68 0.608505857640
9 69 0.388297705258
9 70 0.142695280401
9 71 0.971904380095
9 72 0.688157375089
9 73 0.895294229356
9 74 0.296250755486
9 75 0.069046278336
9 76 0.517767369482
9 77 0.780747320532
9 78 0.003248178526
9 79 0.022738550727
9 80 0.011026847692
9 81 0.495337714949
9 82 0.118345958947
9 83 0.649379737078
9 84 0.694395470845
9 85 0.717297435936
9 86 0.988169684974
9 87 0.717992307781
9 88 0.032717913443
9 89 0.665774420660
9 90 0.901359252348
9 91 0.303680049057
9 92 0.086947462706
9 93 0.001270770699
9 94 0.930281266886
9 95 0.788233721446
9 96 0.708169930369
9 97 0.831914254851
9 98 0.888400094702
9 99 0.669541028431
0 0 12
0 1 9
0 2 11
0 3 8
0 4 8
0 5 8
0 6 10
0 7 9
0 8 7
0 9 4
0 10 4
0 11 9
0 12 9
0 13 10
0 14 11
0 15 4
0 16 11
0 17 9
0 18 8
0 19 9
0 20 8
0 21 7
0 22 9
0 23 6
0 24 9
0 25 12
0 26 9
0 27 9
0 28 8
0 29 6
0 30 4
0 31 7
0 32 5
0 33 8
0 34 10
0 35 8
0 36 11
0 37 6
0 38 10
0 39 7
0 40 6
0 41 9
0 42 8
0 43 6
0 44 9
0 45 7
0 46 10
0 47 9
0 48 11
0 49 5
0 50 5
0 51 9
0 52 10
0 53 10
0 54 6
0 55 6
0 56 11
0 57 12
0 58 10
0 59 5
0 60 6
0 61 7
0 62 8
0 63 11
0 64 4
0 65 10
0 66 4
0 67 11
0 68 10
0 69 12
0 70 4
0 71 8
0 72 11
0 73 11
0 74 10
0 75 9
0 76 12
0 77 9
0 78 4
0 79 11
0 80 10
0 81 7
0 82 9
0 83 4
0 84 5
0 85 10
0 86 12
0 87 9
0 88 10
0 89 5
0 90 8
0 91 10
0 92 9
0 93 10
0 94 11
0 95 10
0 96 9
0 97 9
0 98 10
0 99 11
1 0 12
1 1 8
1 2 10
1 3 10
1 4 8
1 5 6
1 6 9
1 7 9
1 8 9
1 9 4
1 10 6
1 11 9
1 12 9
1 13 10
1 14 9
1 15 6
1 16 10
1 17 9
1 18 6
1 19 9
1 20 8
1 21 7
1 22 9
1 23 4
1 24 11
1 25 12
1 26 11
1 27 10
1 28 8
1 29 4
1 30 6
1 31 7
1 32 4
1 33 6
1 34 8
1 35 6
1 36 12
1 37 7
1 38 9
1 39 8
1 40 4
1 41 9
1 42 8
1 43 6
1 44 8
1 45 7
1 46 12
1 47 9
1 48 10
1 49 4
1 50 6
1 51 9
1 52 10
1 53 8
1 54 5
1 55 4
1 56 9
1 57 10
1 58 12
1 59 4
1 60 4
1 61 7
1 62 8
1 63 11
1 64 6
1 65 10
1 66 5
1 67 10
1 68 11
1 69 10
1 70 6
1 71 7
1 72 11
1 73 11
1 74 10
1 75 8
1 76 11
1 77 11
1 78 6
1 79 9
1 80 11
1 81 8
1 82 8
1 83 6
1 84 7
1 85 10
1 86 12
1 87 8
1 88 11
1 89 4
1 90 7
1 91 10
1 92 10
1 93 10
1 94 11
1 95 11
1 96 8
1 97 8
1 98 11
1 99 10
2 0 10
2 1 8
2 2 10
2 3 8
2 4 7
2 5 6
2 6 9
2 7 8
2 8 8
2 9 5
2 10 5
2 11 11
2 12 9
2 13 9
2 14 9
2 15 4
2 16 11
2 17 11
2 18 7
2 19 8
2 20 9
2 21 6
2 22 10
2 23 6
2 24 9
2 25 12
2 26 11
2 27 10
2 28 10
2 29 4
2 30 5
2 31 7
2 32 4
2 33 7
2 34 9
2 35 6
2 36 10
2 37 7
2 38 9
2 39 6
2 40 4
2 41 10
2 42 7
2 43 5
2 44 8
2 45 8
2 46 12
2 47 9
2 48 10
2 49 6
2 50 4
2 51 7
2 52 11
2 53 9
2 54 6
2 55 5
2 56 10
2 57 10
2 58 10
2 59 5
2 60 5
2 61 7
2 62 7
2 63 10
2 64 5
2 65 11
2 66 5
2 67 10
2 68 10
2 69 12
2 70 5
2 71 8
2 72 12
2 73 10
2 74 10
2 75 10
2 76 12
2 77 10
2 78 5
2 79 10
2 80 11
2 81 6
2 82 9
2 83 4
2 84 7
2 85 10
2 86 12
2 87 8
2 88 10
2 89 6
2 90 8
2 91 8
2 92 10
2 93 12
2 94 11
2 95 9
2 96 10
2 97 10
2 98 10
2 99 11
3 0 10
3 1 7
3 2 10
3 3 8
3 4 6
3 5 7
3 6 10
3 7 7
3 8 7
3 9 4
3 10 4
3 11 9
3 12 9
3 13 9
3 14 8
3 15 3
3 16 8
3 17 9
3 18 5
3 19 9
3 20 8
3 21 6
3 22 9
3 23 3
3 24 8
3 25 10
3 26 8
3 27 8
3 28 7
3 29 4
3 30 4
3 31 8
3 32 5
3 33 7
3 34 7
3 35 7
3 36 11
3 37 6
3 38 8
3 39 7
3 40 5
3 41 8
3 42 6
3 43 5
3 44 9
3 45 6
3 46 11
3 47 9
3 48 9
3 49 3
3 50 3
3 51 6
3 52 10
3 53 9
3 54 3
3 55 3
3 56 10
3 57 9
3 58 10
3 59 3
3 60 3
3 61 6
3 62 6
3 63 11
3 64 5
3 65 8
3 66 3
3 67 9
3 68 8
3 69 10
3 70 4
3 71 7
3 72 11
3 73 10
3 74 10
3 75 8
3 76 10
3 77 8
3 78 4
3 79 8
3 80 10
3 81 7
3 82 8
3 83 3
3 84 5
3 85 9
3 86 9
3 87 9
3 88 9
3 89 3
3 90 7
3 91 8
3 92 8
3 93 11
3 94 10
3 95 10
3 96 8
3 97 8
3 98 10
3 99 10
4 0 9
4 1 8
4 2 10
4 3 8
4 4 6
4 5 5
4 6 10
4 7 7
4 8 8
4 9 4
4 10 4
4 11 8
4 12 9
4 13 7
4 14 9
4 15 5
4 16 10
4 17 8
4 18 6
4 19 9
4 20 9
4 21 7
4 22 9
4 23 5
4 24 8
4 25 11
4 26 10
4 27 7
4 28 9
4 29 4
4 30 3
4 31 6
4 32 5
4 33 7
4 34 8
4 35 5
4 36 9
4 37 4
4 38 8
4 39 7
4 40 3
4 41 8
4 42 5
4 43 5
4 44 7
4 45 6
4 46 11
4 47 10
4 48 9
4 49 3
4 50 5
4 51 6
4 52 10
4 53 8
4 54 4
4 55 4
4 56 8
4 57 10
4 58 9
4 59 5
4 60 5
4 61 6
4 62 5
4 63 11
4 64 5
4 65 9
4 66 4
4 67 10
4 68 10
4 69 11
4 70 4
4 71 6
4 72 11
4 73 9
4 74 9
4 75 9
4 76 11
4 77 8
4 78 3
4 79 10
4 80 8
4 81 5
4 82 8
4 83 5
4 84 5
4 85 9
4 86 10
4 87 8
4 88 11
4 89 5
4 90 6
4 91 9
4 92 10
4 93 9
4 94 10
4 95 8
4 96 8
4 97 9
4 98 11
4 99 9
5 0 13
5 1 11
5 2 10
5 3 10
5 4 8
5 5 7
5 6 10
5 7 10
5 8 8
5 9 7
5 10 7
5 11 12
5 12 10
5 13 9
5 14 12
5 15 5
5 16 10
5 17 12
5 18 7
5 19 9
5 20 10
5 21 7
5 22 11
5 23 6
5 24 11
5 25 12
5 26 10
5 27 11
5 28 11
5 29 7
5 30 5
5 31 10
5 32 7
5 33 7
5 34 10
5 35 9
5 36 11
5 37 8
5 38 11
5 39 7
5 40 5
5 41 10
5 42 9
5 43 7
5 44 10
5 45 10
5 46 13
5 47 11
5 48 11
5 49 7
5 50 7
5 51 10
5 52 10
5 53 9
5 54 7
5 55 7
5 56 10
5 57 12
5 58 12
5 59 5
5 60 7
5 61 7
5 62 7
5 63 13
5 64 7
5 65 10
5 66 7
5 67 12
5 68 10
5 69 12
5 70 7
5 71 8
5 72 13
5 73 10
5 74 11
5 75 9
5 76 12
5 77 11
5 78 5
5 79 11
5 80 11
5 81 8
5 82 9
5 83 5
5 84 7
5 85 12
5 86 12
5 87 9
5 88 11
5 89 6
5 90 7
5 91 11
5 92 11
5 93 12
5 94 12
5 95 12
5 96 9
5 97 9
5 98 12
5 99 12
6 0 13
6 1 10
6 2 11
6 3 10
6 4 10
6 5 9
6 6 11
6 7 10
6 8 9
6 9 7
6 10 7
6 11 10
6 12 12
6 13 9
6 14 10
6 15 6
6 16 12
6 17 12
6 18 7
6 19 10
6 20 9
6 21 9
6 22 12
6 23 5
6 24 10
6 25 12
6 26 11
6 27 9
6 28 9
6 29 6
6 30 5
6 31 8
6 32 6
6 33 7
6 34 11
6 35 8
6 36 12
6 37 7
6 38 10
6 39 7
6 40 7
6 41 11
6 42 8
6 43 8
6 44 11
6 45 8
6 46 12
6 47 11
6 48 11
6 49 5
6 50 5
6 51 8
6 52 10
6 53 10
6 54 7
6 55 7
6 56 11
6 57 11
6 58 11
6 59 7
6 60 6
6 61 8
6 62 8
6 63 13
6 64 7
6 65 11
6 66 6
6 67 10
6 68 12
6 69 11
6 70 7
6 71 8
6 72 13
6 73 12
6 74 10
6 75 10
6 76 12
6 77 10
6 78 5
6 79 10
6 80 12
6 81 7
6 82 11
6 83 6
6 84 7
6 85 13
6 86 11
6 87 9
6 88 12
6 89 6
6 90 7
6 91 11
6 92 10
6 93 13
6 94 11
6 95 12
6 96 10
6 97 9
6 98 13
6 99 11
7 0 9
7 1 9
7 2 8
7 3 9
7 4 8
7 5 6
7 6 10
7 7 9
7 8 8
7 9 4
7 10 5
7 11 10
7 12 9
7 13 8
7 14 8
7 15 3
7 16 9
7 17 9
7 18 5
7 19 7
7 20 8
7 21 7
7 22 8
7 23 3
7 24 8
7 25 10
7 26 8
7 27 9
7 28 8
7 29 5
7 30 4
7 31 7
7 32 3
7 33 7
7 34 8
7 35 6
7 36 11
7 37 5
7 38 9
7 39 6
7 40 4
7 41 8
7 42 5
7 43 6
7 44 8
7 45 8
7 46 10
7 47 9
7 48 10
7 49 3
7 50 4
7 51 8
7 52 10
7 53 9
7 54 3
7 55 3
7 56 10
7 57 11
7 58 9
7 59 4
7 60 5
7 61 5
7 62 7
7 63 11
7 64 3
7 65 8
7 66 4
7 67 10
7 68 10
7 69 11
7 70 3
7 71 5
7 72 10
7 73 9
7 74 10
7 75 9
7 76 11
7 77 10
7 78 3
7 79 9
7 80 9
7 81 6
7 82 7
7 83 3
7 84 4
7 85 10
7 86 11
7 87 7
7 88 11
7 89 4
7 90 5
7 91 9
7 92 8
7 93 9
7 94 10
7 95 9
7 96 8
7 97 7
7 98 10
7 99 9
8 0 10
8 1 8
8 2 8
8 3 7
8 4 6
8 5 7
8 6 10
8 7 8
8 8 6
8 9 5
8 10 5
8 11 9
8 12 10
8 13 9
8 14 10
8 15 4
8 16 9
8 17 8
8 18 7
8 19 9
8 20 9
8 21 7
8 22 10
8 23 3
8 24 8
8 25 11
8 26 9
8 27 7
8 28 9
8 29 3
8 30 4
8 31 6
8 32 3
8 33 5
8 34 9
8 35 6
8 36 11
8 37 4
8 38 9
8 39 5
8 40 4
8 41 7
8 42 5
8 43 4
8 44 8
8 45 6
8 46 11
8 47 9
8 48 9
8 49 3
8 50 3
8 51 8
8 52 8
8 53 7
8 54 3
8 55 3
8 56 8
8 57 11
8 58 11
8 59 5
8 60 5
8 61 6
8 62 5
8 63 10
8 64 5
8 65 8
8 66 4
8 67 8
8 68 9
8 69 9
8 70 3
8 71 5
8 72 11
8 73 9
8 74 10
8 75 7
8 76 9
8 77 10
8 78 5
8 79 8
8 80 10
8 81 6
8 82 9
8 83 5
8 84 6
8 85 9
8 86 10
8 87 7
8 88 10
8 89 5
8 90 5
8 91 9
8 92 10
8 93 10
8 94 10
8 95 8
8 96 7
8 97 8
8 98 9
8 99 9
9 0 10
9 1 10
9 2 11
9 3 9
9 4 7
9 5 8
9 6 9
9 7 8
9 8 7
9 9 5
9 10 5
9 11 11
9 12 11
9 13 8
9 14 9
9 15 4
9 16 9
9 17 10
9 18 8
9 19 10
9 20 10
9 21 8
9 22 11
9 23 4
9 24 9
9 25 12
9 26 11
9 27 10
9 28 9
9 29 5
9 30 4
9 31 7
9 32 5
9 33 8
9 34 8
9 35 7
9 36 12
9 37 5
9 38 11
9 39 6
9 40 5
9 41 8
9 42 8
9 43 7
9 44 9
9 45 9
9 46 12
9 47 11
9 48 12
9 49 5
9 50 6
9 51 8
9 52 10
9 53 9
9 54 5
9 55 6
9 56 9
9 57 11
9 58 12
9 59 6
9 60 6
9 61 8
9 62 7
9 63 10
9 64 5
9 65 10
9 66 4
9 67 11
9 68 9
9 69 10
9 70 4
9 71 7
9 72 11
9 73 11
9 74 9
9 75 10
9 76 11
9 77 10
9 78 4
9 79 9
9 80 10
9 81 8
9 82 10
9 83 4
9 84 7
9 85 12
9 86 12
9 87 9
9 88 11
9 89 6
9 90 8
9 91 9
9 92 10
9 93 11
9 94 10
9 95 9
9 96 8
9 97 9
9 98 12
9 99 10
