10 100 10 7 10.0 3.0 1.0 95
4 93 8
5 2 8
7 173 3
8 124 9
2 56 8
6 98 3
1 103 7
7 28 8
7 143 4
5 92 9
0 56 3
5 42 4
4 110 3
6 54 3
6 146 8
8 47 7
5 9 3
3 60 9
3 38 8
4 112 5
3 72 4
3 48 7
1 62 9
8 30 9
6 84 7
6 196 7
2 13 5
0 22 9
7 28 8
2 19 3
3 120 3
6 46 9
8 84 9
1 7 3
8 210 3
3 112 7
1 46 6
9 18 7
6 62 7
4 103 7
0 44 9
9 28 3
0 11 5
1 10 8
2 132 5
5 125 9
3 141 9
1 116 3
9 215 7
9 125 7
4 63 8
7 197 3
7 176 4
6 196 6
6 140 5
1 111 8
9 220 9
1 12 6
2 3 3
0 58 7
2 17 7
3 135 4
0 67 5
9 92 6
0 93 9
4 148 3
9 108 9
0 18 3
4 140 7
9 155 3
7 4 9
5 152 3
2 71 8
2 27 8
5 86 4
8 198 9
6 172 9
8 194 4
7 160 9
5 169 8
3 48 8
0 57 8
1 75 9
2 40 7
3 111 3
8 105 3
7 210 7
8 114 7
4 150 7
1 37 7
8 54 6
5 82 8
9 210 9
0 76 9
2 21 9
7 119 8
4 115 6
4 153 7
5 46 9
9 70 5
0 0 0.589205663055
0 1 0.249384827940
0 2 0.269575874222
0 3 0.561838343755
0 4 0.619391513154
0 5 0.141077938604
0 6 0.958189212867
0 7 0.921157687062
0 8 0.370173764957
0 9 0.124535425028
0 10 0.024045523801
0 11 0.717996305826
0 12 0.781061944816
0 13 0.854154959082
0 14 0.405891689483
0 15 0.247523856862
0 16 0.263491405319
0 17 0.711433116667
0 18 0.869228956090
0 19 0.443473713074
0 20 0.744677076191
0 21 0.130495580751
0 22 0.451219228173
0 23 0.596415280626
0 24 0.978958314888
0 25 0.798792240667
0 26 0.366864237476
0 27 0.395135949357
0 28 0.793169409072
0 29 0.234517721553
0 30 0.539201357008
0 31 0.019580242201
0 32 0.463687119098
0 33 0.859892454528
0 34 0.257413657958
0 35 0.014375960190
0 36 0.807911890919
0 37 0.079876643594
0 38 0.393528707712
0 39 0.826183793313
0 40 0.499834362331
0 41 0.926295928600
0 42 0.417029520410
0 43 0.035830554677
0 44 0.615612255191
0 45 0.584176870266
0 46 0.951456826621
0 47 0.775004405252
0 48 0.656621136470
0 49 0.536018749750
0 50 0.064417964667
0 51 0.550613802568
0 52 0.605095942785
0 53 0.823341545651
0 54 0.377109128523
0 55 0.407464197651
0 56 0.564385670605
0 57 0.567354396295
0 58 0.947641374251
0 59 0.363924951925
0 60 0.131700911371
0 61 0.621269234657
0 62 0.852098490465
0 63 0.468061588961
0 64 0.486808576041
0 65 0.929308712489
0 66 0.076267708021
0 67 0.758209589164
0 68 0.720332166143
0 69 0.428732235715
0 70 0.090668754409
0 71 0.739553905681
0 72 0.192812408772
0 73 0.661881554411
0 74 0.327466302196
0 75 0.963500483787
0 76 0.900311314459
0 77 0.239112673362
0 78 0.351645745049
0 79 0.771493179395
0 80 0.825944520785
0 81 0.796174094170
0 82 0.960178066760
0 83 0.142284065178
0 84 0.615678197535
0 85 0.794186593257
0 86 0.974584877592
0 87 0.292862629595
0 88 0.330036963274
0 89 0.528271652904
0 90 0.475775834731
0 91 0.991359382664
0 92 0.147077043630
0 93 0.301559517369
0 94 0.502871456550
0 95 0.758897305686
0 96 0.455694253060
0 97 0.270451606613
0 98 0.704753058133
0 99 0.143960189547
1 0 0.284541180669
1 1 0.792901061437
1 2 0.788454194113
1 3 0.071827438262
1 4 0.492555836679
1 5 0.371248523000
1 6 0.835101231216
1 7 0.639153681345
1 8 0.316425517248
1 9 0.491824843823
1 10 0.592793838827
1 11 0.357509014894
1 12 0.843180677509
1 13 0.434544613015
1 14 0.935098879517
1 15 0.434019647082
1 16 0.602058030152
1 17 0.823615277901
1 18 0.854077837238
1 19 0.598512014692
1 20 0.478717064317
1 21 0.994394923204
1 22 0.412587697456
1 23 0.987523894784
1 24 0.112546547702
1 25 0.716019362136
1 26 0.885476973632
1 27 0.903180413375
1 28 0.710371881832
1 29 0.045310022862
1 30 0.436654929495
1 31 0.712054902254
1 32 0.648057014514
1 33 0.952920155958
1 34 0.289448016454
1 35 0.370691191183
1 36 0.643534102784
1 37 0.021226916239
1 38 0.577703887354
1 39 0.786325455489
1 40 0.846152414240
1 41 0.312774742966
1 42 0.759735019523
1 43 0.574845738888
1 44 0.131400548181
1 45 0.591384500400
1 46 0.089547760162
1 47 0.090849620486
1 48 0.923466746315
1 49 0.143131036630
1 50 0.956233216693
1 51 0.829999719432
1 52 0.798907425547
1 53 0.262042387023
1 54 0.670460649814
1 55 0.387503611793
1 56 0.467672925142
1 57 0.106185373832
1 58 0.361122065564
1 59 0.676915172015
1 60 0.786939589136
1 61 0.243856239973
1 62 0.887480380718
1 63 0.254149039192
1 64 0.659358871644
1 65 0.692515531702
1 66 0.312336514809
1 67 0.581595406357
1 68 0.113256462477
1 69 0.941935398286
1 70 0.540564993503
1 71 0.696905384957
1 72 0.775598146027
1 73 0.440935520549
1 74 0.637275756822
1 75 0.551950362343
1 76 0.865876193857
1 77 0.726074475290
1 78 0.378834543554
1 79 0.175975368825
1 80 0.312224634049
1 81 0.594754425707
1 82 0.820369694550
1 83 0.212236227398
1 84 0.265008703126
1 85 0.234301011305
1 86 0.719261658467
1 87 0.105833259388
1 88 0.928005103993
1 89 0.637381046591
1 90 0.597522581365
1 91 0.865548271631
1 92 0.776900849741
1 93 0.169402477399
1 94 0.330399542390
1 95 0.864486806907
1 96 0.014843625326
1 97 0.796931349015
1 98 0.785439844133
1 99 0.917828995914
2 0 0.382311765177
2 1 0.847220498419
2 2 0.463088195855
2 3 0.511654752318
2 4 0.056443219983
2 5 0.964818092437
2 6 0.777972234468
2 7 0.709192004413
2 8 0.994436300398
2 9 0.916609046735
2 10 0.410395783736
2 11 0.981243963089
2 12 0.040595010565
2 13 0.713908868108
2 14 0.923118757903
2 15 0.352043571249
2 16 0.361063243848
2 17 0.067331986159
2 18 0.165028383191
2 19 0.573139193413
2 20 0.121534549571
2 21 0.081466202754
2 22 0.720209839368
2 23 0.804343150895
2 24 0.691421148148
2 25 0.617313360690
2 26 0.747726941742
2 27 0.278420577692
2 28 0.785205803183
2 29 0.033272560223
2 30 0.191903365356
2 31 0.589314956459
2 32 0.407552945600
2 33 0.225538867500
2 34 0.982487662709
2 35 0.451884858391
2 36 0.505038700770
2 37 0.565625953259
2 38 0.524533391550
2 39 0.436971389131
2 40 0.427981797930
2 41 0.534137705650
2 42 0.169920088611
2 43 0.937556727152
2 44 0.402367326659
2 45 0.948849181196
2 46 0.751897507492
2 47 0.560517991211
2 48 0.719179779885
2 49 0.125756220877
2 50 0.904986844567
2 51 0.579662711741
2 52 0.601148637958
2 53 0.731603032698
2 54 0.349223669027
2 55 0.620021373020
2 56 0.128540830479
2 57 0.803820886343
2 58 0.682068181378
2 59 0.152312773308
2 60 0.440814273564
2 61 0.862015416676
2 62 0.986384053775
2 63 0.883026218605
2 64 0.601605247481
2 65 0.118531565598
2 66 0.699861900487
2 67 0.433257270212
2 68 0.630643010154
2 69 0.273097583054
2 70 0.156752013052
2 71 0.899062454038
2 72 0.428219699416
2 73 0.903031449988
2 74 0.757363006848
2 75 0.937222244337
2 76 0.539532351105
2 77 0.770967474776
2 78 0.509412564553
2 79 0.593171727389
2 80 0.477263793537
2 81 0.230099570525
2 82 0.523360806448
2 83 0.140766753830
2 84 0.435465195482
2 85 0.341235026369
2 86 0.782367238288
2 87 0.364725834878
2 88 0.043965503408
2 89 0.074467560030
2 90 0.161582583263
2 91 0.441335211762
2 92 0.674817937570
2 93 0.280297311233
2 94 0.511596624292
2 95 0.517558518850
2 96 0.530734903416
2 97 0.622014718490
2 98 0.021892742721
2 99 0.030137888337
3 0 0.163497664872
3 1 0.091196799623
3 2 0.664763479447
3 3 0.711541471459
3 4 0.582094582574
3 5 0.111123383597
3 6 0.899932066485
3 7 0.548200664358
3 8 0.480439179633
3 9 0.886705545848
3 10 0.406774769691
3 11 0.766843876258
3 12 0.870835698722
3 13 0.141491549655
3 14 0.007734660224
3 15 0.052285609035
3 16 0.922866248547
3 17 0.923114436390
3 18 0.106529169771
3 19 0.410891513804
3 20 0.605660505355
3 21 0.223464868506
3 22 0.273962870236
3 23 0.323782041607
3 24 0.657010665991
3 25 0.741936236210
3 26 0.111561332220
3 27 0.134159184118
3 28 0.485409036444
3 29 0.221240051525
3 30 0.295123220265
3 31 0.697173517618
3 32 0.034017772578
3 33 0.652645130318
3 34 0.068483112226
3 35 0.781338013703
3 36 0.653301743292
3 37 0.688355402538
3 38 0.134596188619
3 39 0.925947119877
3 40 0.389910671900
3 41 0.016853541200
3 42 0.557034146311
3 43 0.280563758273
3 44 0.720847367862
3 45 0.732888367891
3 46 0.692003600204
3 47 0.926087820372
3 48 0.844935601849
3 49 0.750913667822
3 50 0.515355886801
3 51 0.600463257792
3 52 0.354739136911
3 53 0.585471985560
3 54 0.547634977473
3 55 0.926921996813
3 56 0.138610804975
3 57 0.943172754714
3 58 0.688101246543
3 59 0.811198080912
3 60 0.233640521869
3 61 0.815840047090
3 62 0.158950398360
3 63 0.697788427538
3 64 0.325500471635
3 65 0.969981757656
3 66 0.010910680596
3 67 0.094884532008
3 68 0.744009510437
3 69 0.006328761233
3 70 0.068545283982
3 71 0.020759724454
3 72 0.058725736696
3 73 0.398153601374
3 74 0.926431822031
3 75 0.884971376223
3 76 0.637703831222
3 77 0.451124571644
3 78 0.509439039875
3 79 0.026920103517
3 80 0.057951396445
3 81 0.538991074799
3 82 0.560801552039
3 83 0.179418728305
3 84 0.263266133821
3 85 0.860321690834
3 86 0.605094803571
3 87 0.161686640354
3 88 0.560880819101
3 89 0.380029618225
3 90 0.524463639502
3 91 0.098122190816
3 92 0.140422182538
3 93 0.449048911938
3 94 0.525911272754
3 95 0.479144532790
3 96 0.060237644338
3 97 0.594469137072
3 98 0.128299844764
3 99 0.101907477965
4 0 0.096014064159
4 1 0.966468537498
4 2 0.816514788310
4 3 0.304293315796
4 4 0.373611784662
4 5 0.811565222835
4 6 0.011373519886
4 7 0.161977731161
4 8 0.901961753693
4 9 0.564974779884
4 10 0.440719725191
4 11 0.209053964690
4 12 0.644638459966
4 13 0.141015891147
4 14 0.041610414340
4 15 0.488122691103
4 16 0.356753084517
4 17 0.992409328466
4 18 0.085155501316
4 19 0.102138512423
4 20 0.459175361911
4 21 0.946920350328
4 22 0.713494093208
4 23 0.239927658637
4 24 0.792828901866
4 25 0.686308074486
4 26 0.404869123162
4 27 0.699364204404
4 28 0.397622094747
4 29 0.049068329581
4 30 0.204668154006
4 31 0.663531407263
4 32 0.172701554604
4 33 0.298282632792
4 34 0.009278868544
4 35 0.047554235168
4 36 0.385097898733
4 37 0.636784977539
4 38 0.963193040253
4 39 0.309034190256
4 40 0.995190831339
4 41 0.058177672783
4 42 0.495118172660
4 43 0.654608148530
4 44 0.683364292750
4 45 0.526738868452
4 46 0.893984093623
4 47 0.265114215837
4 48 0.235015076627
4 49 0.600660378875
4 50 0.818132024346
4 51 0.946042540126
4 52 0.802337301725
4 53 0.720479070115
4 54 0.159672812250
4 55 0.408994777612
4 56 0.835749100078
4 57 0.551855460127
4 58 0.249212829194
4 59 0.868054782842
4 60 0.648195336931
4 61 0.870319379182
4 62 0.665429480606
4 63 0.068609523649
4 64 0.521752990282
4 65 0.277997285567
4 66 0.851217508603
4 67 0.330551171475
4 68 0.825508824955
4 69 0.754974347630
4 70 0.445149425759
4 71 0.416860598803
4 72 0.516961276747
4 73 0.469733842105
4 74 0.248603228021
4 75 0.440858444526
4 76 0.722857711314
4 77 0.035360345363
4 78 0.836563346198
4 79 0.097633082686
4 80 0.082010704670
4 81 0.982343637803
4 82 0.372204720910
4 83 0.092150057926
4 84 0.491714365823
4 85 0.982992874999
4 86 0.554274338790
4 87 0.627439674716
4 88 0.465296667651
4 89 0.945452422443
4 90 0.184806591716
4 91 0.565004253951
4 92 0.307349817426
4 93 0.959331886176
4 94 0.458290168288
4 95 0.538470743456
4 96 0.091786751585
4 97 0.173376537511
4 98 0.754386302765
4 99 0.422697394732
5 0 0.909222302066
5 1 0.554232091631
5 2 0.241329631837
5 3 0.944352528028
5 4 0.780534226107
5 5 0.212545201396
5 6 0.592394493229
5 7 0.254550989147
5 8 0.290748846646
5 9 0.803987793893
5 10 0.362020420760
5 11 0.294668595671
5 12 0.999750415526
5 13 0.790705278245
5 14 0.427250566254
5 15 0.954018935716
5 16 0.160663524655
5 17 0.930649666427
5 18 0.978981291510
5 19 0.704860995579
5 20 0.774900612547
5 21 0.265238422449
5 22 0.762723783361
5 23 0.297884924864
5 24 0.384959467189
5 25 0.495793591337
5 26 0.737299200829
5 27 0.196580187994
5 28 0.392554378724
5 29 0.265106186827
5 30 0.973292594259
5 31 0.320572386143
5 32 0.178518221590
5 33 0.751412379955
5 34 0.685820982997
5 35 0.316031637494
5 36 0.064907971455
5 37 0.070156752839
5 38 0.275442887829
5 39 0.595622417181
5 40 0.636040441989
5 41 0.898097632134
5 42 0.084709672395
5 43 0.345426039671
5 44 0.922485932746
5 45 0.893806679484
5 46 0.043500724208
5 47 0.183679124922
5 48 0.144735066346
5 49 0.892306816112
5 50 0.073893666047
5 51 0.319302143150
5 52 0.321532346043
5 53 0.773477850925
5 54 0.238065978520
5 55 0.089512869647
5 56 0.496790154168
5 57 0.689017233760
5 58 0.958800586768
5 59 0.502518219390
5 60 0.306065450441
5 61 0.875162574775
5 62 0.194408750514
5 63 0.501425815688
5 64 0.347447950622
5 65 0.255242040808
5 66 0.193210750154
5 67 0.774567495018
5 68 0.403745793488
5 69 0.488412206881
5 70 0.578000234385
5 71 0.888590101203
5 72 0.126826562089
5 73 0.705473453630
5 74 0.624718770475
5 75 0.839239326117
5 76 0.730169794418
5 77 0.550090986175
5 78 0.918388279230
5 79 0.522685000689
5 80 0.081796275645
5 81 0.358679077606
5 82 0.875287994489
5 83 0.412288360623
5 84 0.443976237379
5 85 0.077612925229
5 86 0.383564396976
5 87 0.679299011176
5 88 0.752037685976
5 89 0.972902351304
5 90 0.188217922555
5 91 0.896916418256
5 92 0.469717591506
5 93 0.157902275680
5 94 0.748607592948
5 95 0.378867893050
5 96 0.205103734001
5 97 0.504499385718
5 98 0.210418801066
5 99 0.246037562168
6 0 0.351995252016
6 1 0.434610868615
6 2 0.276030667388
6 3 0.574324554206
6 4 0.591769385939
6 5 0.566148936787
6 6 0.353944501066
6 7 0.148375903726
6 8 0.039037900200
6 9 0.300692344109
6 10 0.253468791224
6 11 0.489161893483
6 12 0.239457325793
6 13 0.953169913383
6 14 0.385485587579
6 15 0.982740375000
6 16 0.560265480525
6 17 0.161067521209
6 18 0.722020934107
6 19 0.778889211714
6 20 0.833604179259
6 21 0.858425027014
6 22 0.692630365461
6 23 0.574948479095
6 24 0.669121538305
6 25 0.477589957120
6 26 0.178625407558
6 27 0.574534894923
6 28 0.389900672403
6 29 0.466744323591
6 30 0.901298970477
6 31 0.578527609411
6 32 0.773747084204
6 33 0.197075005304
6 34 0.420665235236
6 35 0.934760939314
6 36 0.759376837982
6 37 0.754059204187
6 38 0.955282210241
6 39 0.673295664049
6 40 0.346492409857
6 41 0.063992558096
6 42 0.967942106815
6 43 0.535769088450
6 44 0.976973084643
6 45 0.736852711258
6 46 0.370261309850
6 47 0.125367064552
6 48 0.278878767408
6 49 0.542845852575
6 50 0.375699842233
6 51 0.884883984721
6 52 0.056336754928
6 53 0.198458273994
6 54 0.806550003907
6 55 0.713136289708
6 56 0.168156841832
6 57 0.448819867703
6 58 0.840366299867
6 59 0.232890285333
6 60 0.550755543174
6 61 0.148058029304
6 62 0.033418732215
6 63 0.199959672055
6 64 0.431731022144
6 65 0.271755240986
6 66 0.762218309549
6 67 0.735340207616
6 68 0.394781272501
6 69 0.434060471025
6 70 0.802898758760
6 71 0.475666462155
6 72 0.594719644774
6 73 0.357810669934
6 74 0.077057615738
6 75 0.506604582217
6 76 0.072301305063
6 77 0.977896988428
6 78 0.146704745522
6 79 0.530704591185
6 80 0.556506367140
6 81 0.566860799747
6 82 0.900799938626
6 83 0.363719318522
6 84 0.864876894167
6 85 0.440242157949
6 86 0.416655161341
6 87 0.760325166037
6 88 0.606948590393
6 89 0.602483927848
6 90 0.094628306630
6 91 0.441589444778
6 92 0.166723046776
6 93 0.335283727158
6 94 0.035064383364
6 95 0.295732469761
6 96 0.454553096628
6 97 0.743665077382
6 98 0.689251110408
6 99 0.149005569968
7 0 0.421312538088
7 1 0.278236701523
7 2 0.446080038994
7 3 0.049349217518
7 4 0.435158229084
7 5 0.667609281711
7 6 0.183694556414
7 7 0.999494620823
7 8 0.562233020116
7 9 0.008472662310
7 10 0.700951680309
7 11 0.490891158267
7 12 0.160822382693
7 13 0.401433945788
7 14 0.950869247988
7 15 0.827651650242
7 16 0.485841402657
7 17 0.942709229453
7 18 0.288896760095
7 19 0.611613188765
7 20 0.748013280293
7 21 0.541839609814
7 22 0.378327314652
7 23 0.288834679650
7 24 0.600533725980
7 25 0.762786787510
7 26 0.039605244749
7 27 0.105544249865
7 28 0.205617565637
7 29 0.437909175831
7 30 0.007331637631
7 31 0.842169460148
7 32 0.606587129834
7 33 0.869928803684
7 34 0.778357728874
7 35 0.735935922010
7 36 0.011164580018
7 37 0.803509052594
7 38 0.715316869834
7 39 0.872313412705
7 40 0.128343239651
7 41 0.192125864660
7 42 0.450447490294
7 43 0.125322642658
7 44 0.529042632181
7 45 0.793384088630
7 46 0.535527062446
7 47 0.463389068362
7 48 0.457515096585
7 49 0.455908789852
7 50 0.184783659727
7 51 0.722175132286
7 52 0.473173711414
7 53 0.740588813686
7 54 0.987419741400
7 55 0.289574224759
7 56 0.212952733399
7 57 0.001491197124
7 58 0.331806479958
7 59 0.632826033417
7 60 0.331562098015
7 61 0.134076663333
7 62 0.732260063754
7 63 0.503188460025
7 64 0.102208303088
7 65 0.432435943046
7 66 0.710123704257
7 67 0.343003928633
7 68 0.580209727569
7 69 0.274643759848
7 70 0.391080360410
7 71 0.870431990632
7 72 0.968180013920
7 73 0.964044721581
7 74 0.521247578519
7 75 0.307426511295
7 76 0.309122899207
7 77 0.143582530510
7 78 0.837367941589
7 79 0.896379239363
7 80 0.093491082058
7 81 0.587276549845
7 82 0.673808183428
7 83 0.053444852418
7 84 0.867288283794
7 85 0.841768128178
7 86 0.144176151255
7 87 0.616348997462
7 88 0.532823530656
7 89 0.757475562179
7 90 0.628225294854
7 91 0.194443870284
7 92 0.307038805633
7 93 0.632110632664
7 94 0.066930237053
7 95 0.931179195629
7 96 0.279477544619
7 97 0.582218183941
7 98 0.689673375307
7 99 0.772301501653
8 0 0.654482079618
8 1 0.587908448783
8 2 0.758325564988
8 3 0.056936492419
8 4 0.909432276634
8 5 0.440712129620
8 6 0.191316714447
8 7 0.754080558196
8 8 0.248169441936
8 9 0.415820840020
8 10 0.389951602561
8 11 0.518307714212
8 12 0.876097038282
8 13 0.367039940444
8 14 0.839622501129
8 15 0.801524456029
8 16 0.242452751276
8 17 0.651088631978
8 18 0.537097836685
8 19 0.086574248171
8 20 0.490968367141
8 21 0.086335947600
8 22 0.817034325055
8 23 0.149594644811
8 24 0.551050628997
8 25 0.576390360115
8 26 0.533580086808
8 27 0.861536112612
8 28 0.285672571274
8 29 0.294450024197
8 30 0.117779095295
8 31 0.332556365200
8 32 0.163130065968
8 33 0.782374802455
8 34 0.749998634213
8 35 0.777324815762
8 36 0.604583664016
8 37 0.462879858813
8 38 0.082205027116
8 39 0.893830332241
8 40 0.427690460850
8 41 0.376365301737
8 42 0.721061607654
8 43 0.049445574630
8 44 0.424190751199
8 45 0.643392333650
8 46 0.138820965646
8 47 0.366769382154
8 48 0.500817871677
8 49 0.965295159596
8 50 0.683125100250
8 51 0.604051127216
8 52 0.752790641739
8 53 0.172464613314
8 54 0.105687760885
8 55 0.084342880818
8 56 0.978757999147
8 57 0.242743845667
8 58 0.180106805394
8 59 0.430312351479
8 60 0.568964059945
8 61 0.733509751317
8 62 0.977650213693
8 63 0.534359046687
8 64 0.242495987616
8 65 0.412867965384
8 66 0.456419885192
8 67 0.144602134040
8 68 0.676967522928
8 69 0.406145158964
8 70 0.606576783247
8 71 0.672583877107
8 72 0.290389927925
8 73 0.082122685569
8 74 0.188483458027
8 75 0.401595293133
8 76 0.680835379509
8 77 0.008011494879
8 78 0.254186866407
8 79 0.949844974448
8 80 0.784562460454
8 81 0.443849757154
8 82 0.695764627031
8 83 0.585097172859
8 84 0.305516257931
8 85 0.647759329263
8 86 0.111641793488
8 87 0.864633214258
8 88 0.105444890643
8 89 0.196973618572
8 90 0.000417518606
8 91 0.012337215590
8 92 0.583629981782
8 93 0.439282935209
8 94 0.238245340477
8 95 0.734950172151
8 96 0.714606390237
8 97 0.068413705301
8 98 0.021295864192
8 99 0.871714498218
9 0 0.783009839701
9 1 0.350690776955
9 2 0.709212116027
9 3 0.272717689347
9 4 0.132390561267
9 5 0.962538346755
9 6 0.610650194933
9 7 0.599292788183
9 8 0.500380926202
9 9 0.064664162399
9 10 0.122021382565
9 11 0.818289409753
9 12 0.037783569395
9 13 0.668413968719
9 14 0.519373320911
9 15 0.163448200637
9 16 0.230807287704
9 17 0.297368049190
9 18 0.140266328829
9 19 0.324537390615
9 20 0.044155445351
9 21 0.012978200714
9 22 0.639772597401
9 23 0.330261335766
9 24 0.413175673345
9 25 0.749303808924
9 26 0.393861756937
9 27 0.380537120293
9 28 0.358622433493
9 29 0.298784611898
9 30 0.195477280861
9 31 0.287014953830
9 32 0.882303359355
9 33 0.002223469052
9 34 0.140052407074
9 35 0.623159467268
9 36 0.452975892166
9 37 0.564285921272
9 38 0.314456929303
9 39 0.613712068244
9 40 0.593198250081
9 41 0.435783683131
9 42 0.272840404467
9 43 0.123959234653
9 44 0.007999936207
9 45 0.379038877966
9 46 0.893101935325
9 47 0.193150554469
9 48 0.772279502966
9 49 0.959778585114
9 50 0.519575785470
9 51 0.017952398299
9 52 0.726204625099
9 53 0.812624550771
9 54 0.516084344960
9 55 0.519982030381
9 56 0.003253195364
9 57 0.678689603661
9 58 0.428463479852
9 59 0.481326202802
9 60 0.184763140488
9 61 0.355702599130
9 62 0.705760377956
9 63 0.397620821458
9 64 0.207743020053
9 65 0.323771344930
9 66 0.284053241105
9 67 0.916783669984
9 68 0.156401979504
9 69 0.319654607143
9 70 0.822436454747
9 71 0.678125171759
9 72 0.205292724163
9 73 0.998343465985
9 74 0.418258457414
9 75 0.167282292788
9 76 0.858060589617
9 77 0.146469192592
9 78 0.657575022316
9 79 0.251520144106
9 80 0.124665210462
9 81 0.912504410694
9 82 0.023664751159
9 83 0.795083310295
9 84 0.029650183720
9 85 0.445792229224
9 86 0.168197597790
9 87 0.447152854685
9 88 0.164140652579
9 89 0.170321918720
9 90 0.488930711291
9 91 0.347002698020
9 92 0.257974441382
9 93 0.477840065399
9 94 0.906439105935
9 95 0.438617932704
9 96 0.403176879690
9 97 0.916285106696
9 98 0.168133864247
9 99 0.079035238012
0 0 9
0 1 8
0 2 5
0 3 11
0 4 10
0 5 3
0 6 8
0 7 10
0 8 5
0 9 9
0 10 4
0 11 6
0 12 3
0 13 5
0 14 10
0 15 7
0 16 4
0 17 9
0 18 8
0 19 6
0 20 5
0 21 7
0 22 10
0 23 9
0 24 9
0 25 9
0 26 5
0 27 9
0 28 8
0 29 4
0 30 5
0 31 11
0 32 9
0 33 4
0 34 3
0 35 7
0 36 6
0 37 7
0 38 8
0 39 9
0 40 10
0 41 4
0 42 5
0 43 9
0 44 7
0 45 11
0 46 9
0 47 5
0 48 7
0 49 7
0 50 10
0 51 4
0 52 4
0 53 6
0 54 5
0 55 8
0 56 10
0 57 6
0 58 4
0 59 8
0 60 9
0 61 5
0 62 7
0 63 6
0 64 9
0 65 4
0 66 11
0 67 4
0 68 7
0 69 4
0 70 9
0 71 3
0 72 10
0 73 8
0 74 5
0 75 9
0 76 9
0 77 4
0 78 10
0 79 9
0 80 8
0 81 10
0 82 10
0 83 9
0 84 3
0 85 3
0 86 7
0 87 7
0 88 8
0 89 9
0 90 8
0 91 8
0 92 9
0 93 9
0 94 10
0 95 10
0 96 6
0 97 8
0 98 10
0 99 6
1 0 8
1 1 9
1 2 5
1 3 10
1 4 10
1 5 3
1 6 7
1 7 8
1 8 6
1 9 11
1 10 5
1 11 6
1 12 3
1 13 5
1 14 9
1 15 9
1 16 3
1 17 10
1 18 8
1 19 7
1 20 5
1 21 8
1 22 11
1 23 10
1 24 8
1 25 8
1 26 7
1 27 10
1 28 9
1 29 4
1 30 4
1 31 10
1 32 11
1 33 4
1 34 3
1 35 9
1 36 7
1 37 8
1 38 7
1 39 7
1 40 11
1 41 4
1 42 6
1 43 9
1 44 6
1 45 11
1 46 10
1 47 4
1 48 8
1 49 8
1 50 10
1 51 5
1 52 5
1 53 6
1 54 6
1 55 9
1 56 11
1 57 6
1 58 4
1 59 8
1 60 7
1 61 5
1 62 5
1 63 8
1 64 9
1 65 5
1 66 9
1 67 3
1 68 9
1 69 3
1 70 11
1 71 3
1 72 10
1 73 8
1 74 6
1 75 11
1 76 10
1 77 6
1 78 9
1 79 8
1 80 8
1 81 9
1 82 10
1 83 7
1 84 3
1 85 4
1 86 9
1 87 7
1 88 9
1 89 7
1 90 8
1 91 9
1 92 9
1 93 10
1 94 9
1 95 9
1 96 7
1 97 7
1 98 10
1 99 7
2 0 8
2 1 10
2 2 5
2 3 11
2 4 10
2 5 4
2 6 7
2 7 9
2 8 5
2 9 9
2 10 3
2 11 4
2 12 4
2 13 5
2 14 9
2 15 9
2 16 5
2 17 9
2 18 10
2 19 5
2 20 4
2 21 7
2 22 10
2 23 9
2 24 7
2 25 7
2 26 5
2 27 10
2 28 8
2 29 5
2 30 4
2 31 10
2 32 9
2 33 4
2 34 3
2 35 7
2 36 6
2 37 7
2 38 9
2 39 7
2 40 9
2 41 3
2 42 7
2 43 9
2 44 7
2 45 9
2 46 10
2 47 4
2 48 8
2 49 9
2 50 8
2 51 3
2 52 4
2 53 7
2 54 6
2 55 8
2 56 9
2 57 8
2 58 4
2 59 7
2 60 9
2 61 6
2 62 6
2 63 7
2 64 11
2 65 3
2 66 10
2 67 4
2 68 8
2 69 4
2 70 10
2 71 4
2 72 9
2 73 8
2 74 5
2 75 10
2 76 11
2 77 6
2 78 9
2 79 8
2 80 10
2 81 9
2 82 10
2 83 8
2 84 4
2 85 4
2 86 7
2 87 9
2 88 7
2 89 7
2 90 8
2 91 9
2 92 10
2 93 11
2 94 11
2 95 8
2 96 6
2 97 7
2 98 10
2 99 5
3 0 12
3 1 10
3 2 7
3 3 11
3 4 12
3 5 5
3 6 9
3 7 11
3 8 6
3 9 13
3 10 6
3 11 6
3 12 7
3 13 6
3 14 11
3 15 10
3 16 7
3 17 11
3 18 10
3 19 9
3 20 7
3 21 10
3 22 11
3 23 13
3 24 11
3 25 11
3 26 7
3 27 12
3 28 12
3 29 7
3 30 6
3 31 12
3 32 13
3 33 6
3 34 5
3 35 10
3 36 10
3 37 10
3 38 9
3 39 11
3 40 11
3 41 7
3 42 7
3 43 12
3 44 7
3 45 11
3 46 12
3 47 7
3 48 9
3 49 9
3 50 10
3 51 5
3 52 8
3 53 8
3 54 8
3 55 12
3 56 12
3 57 8
3 58 5
3 59 9
3 60 9
3 61 8
3 62 7
3 63 10
3 64 12
3 65 6
3 66 11
3 67 7
3 68 9
3 69 5
3 70 13
3 71 7
3 72 12
3 73 12
3 74 6
3 75 13
3 76 13
3 77 7
3 78 12
3 79 10
3 80 11
3 81 10
3 82 11
3 83 9
3 84 6
3 85 7
3 86 11
3 87 10
3 88 10
3 89 10
3 90 10
3 91 10
3 92 11
3 93 11
3 94 13
3 95 10
3 96 10
3 97 11
3 98 11
3 99 9
4 0 11
4 1 9
4 2 5
4 3 12
4 4 10
4 5 5
4 6 8
4 7 10
4 8 6
4 9 10
4 10 6
4 11 6
4 12 6
4 13 6
4 14 11
4 15 8
4 16 6
4 17 12
4 18 10
4 19 7
4 20 6
4 21 10
4 22 10
4 23 10
4 24 9
4 25 9
4 26 6
4 27 11
4 28 10
4 29 6
4 30 6
4 31 10
4 32 12
4 33 6
4 34 4
4 35 8
4 36 8
4 37 8
4 38 10
4 39 9
4 40 10
4 41 6
4 42 7
4 43 11
4 44 6
4 45 12
4 46 10
4 47 6
4 48 10
4 49 9
4 50 9
4 51 4
4 52 7
4 53 8
4 54 8
4 55 10
4 56 12
4 57 7
4 58 5
4 59 8
4 60 9
4 61 5
4 62 6
4 63 8
4 64 12
4 65 6
4 66 12
4 67 4
4 68 8
4 69 4
4 70 10
4 71 6
4 72 9
4 73 9
4 74 6
4 75 10
4 76 11
4 77 5
4 78 10
4 79 11
4 80 11
4 81 9
4 82 11
4 83 8
4 84 5
4 85 6
4 86 8
4 87 8
4 88 9
4 89 9
4 90 9
4 91 10
4 92 12
4 93 12
4 94 12
4 95 10
4 96 7
4 97 10
4 98 10
4 99 7
5 0 12
5 1 11
5 2 8
5 3 13
5 4 11
5 5 7
5 6 12
5 7 12
5 8 8
5 9 14
5 10 7
5 11 9
5 12 7
5 13 7
5 14 13
5 15 12
5 16 8
5 17 13
5 18 12
5 19 10
5 20 8
5 21 11
5 22 13
5 23 14
5 24 12
5 25 10
5 26 9
5 27 14
5 28 11
5 29 6
5 30 6
5 31 14
5 32 12
5 33 6
5 34 7
5 35 11
5 36 10
5 37 11
5 38 12
5 39 12
5 40 13
5 41 8
5 42 9
5 43 13
5 44 9
5 45 13
5 46 12
5 47 8
5 48 12
5 49 12
5 50 11
5 51 8
5 52 9
5 53 10
5 54 10
5 55 13
5 56 13
5 57 10
5 58 7
5 59 12
5 60 11
5 61 7
5 62 10
5 63 10
5 64 14
5 65 8
5 66 13
5 67 7
5 68 12
5 69 8
5 70 13
5 71 6
5 72 13
5 73 13
5 74 7
5 75 14
5 76 13
5 77 9
5 78 13
5 79 13
5 80 11
5 81 11
5 82 12
5 83 10
5 84 6
5 85 8
5 86 11
5 87 11
5 88 10
5 89 10
5 90 10
5 91 12
5 92 14
5 93 14
5 94 14
5 95 11
5 96 10
5 97 10
5 98 14
5 99 10
6 0 12
6 1 11
6 2 7
6 3 12
6 4 11
6 5 6
6 6 11
6 7 11
6 8 6
6 9 11
6 10 6
6 11 7
6 12 6
6 13 7
6 14 11
6 15 10
6 16 7
6 17 13
6 18 10
6 19 7
6 20 8
6 21 11
6 22 12
6 23 13
6 24 11
6 25 10
6 26 7
6 27 12
6 28 10
6 29 7
6 30 7
6 31 11
6 32 13
6 33 6
6 34 6
6 35 11
6 36 8
6 37 10
6 38 10
6 39 9
6 40 11
6 41 7
6 42 8
6 43 11
6 44 9
6 45 11
6 46 12
6 47 5
6 48 10
6 49 10
6 50 12
6 51 6
6 52 6
6 53 10
6 54 7
6 55 10
6 56 13
6 57 9
6 58 7
6 59 10
6 60 9
6 61 7
6 62 7
6 63 8
6 64 13
6 65 5
6 66 12
6 67 7
6 68 11
6 69 6
6 70 13
6 71 6
6 72 10
6 73 10
6 74 7
6 75 13
6 76 13
6 77 6
6 78 11
6 79 11
6 80 10
6 81 12
6 82 11
6 83 10
6 84 5
6 85 6
6 86 10
6 87 11
6 88 10
6 89 9
6 90 8
6 91 11
6 92 11
6 93 12
6 94 11
6 95 10
6 96 10
6 97 10
6 98 12
6 99 7
7 0 9
7 1 11
7 2 4
7 3 11
7 4 10
7 5 4
7 6 8
7 7 10
7 8 7
7 9 12
7 10 4
7 11 7
7 12 4
7 13 6
7 14 10
7 15 9
7 16 5
7 17 10
7 18 9
7 19 7
7 20 6
7 21 9
7 22 12
7 23 11
7 24 10
7 25 9
7 26 7
7 27 11
7 28 9
7 29 5
7 30 6
7 31 12
7 32 12
7 33 6
7 34 4
7 35 10
7 36 7
7 37 10
7 38 9
7 39 9
7 40 10
7 41 5
7 42 8
7 43 11
7 44 8
7 45 10
7 46 12
7 47 6
7 48 10
7 49 9
7 50 9
7 51 5
7 52 7
7 53 8
7 54 6
7 55 10
7 56 10
7 57 9
7 58 5
7 59 9
7 60 9
7 61 5
7 62 8
7 63 7
7 64 11
7 65 4
7 66 10
7 67 4
7 68 8
7 69 6
7 70 10
7 71 4
7 72 9
7 73 11
7 74 6
7 75 12
7 76 12
7 77 6
7 78 11
7 79 11
7 80 9
7 81 9
7 82 11
7 83 10
7 84 5
7 85 4
7 86 8
7 87 10
7 88 8
7 89 8
7 90 7
7 91 9
7 92 11
7 93 10
7 94 12
7 95 9
7 96 7
7 97 10
7 98 10
7 99 6
8 0 9
8 1 11
8 2 4
8 3 10
8 4 11
8 5 5
8 6 9
8 7 9
8 8 5
8 9 12
8 10 4
8 11 6
8 12 5
8 13 6
8 14 9
8 15 8
8 16 4
8 17 10
8 18 9
8 19 8
8 20 7
8 21 8
8 22 12
8 23 11
8 24 8
8 25 9
8 26 6
8 27 11
8 28 11
8 29 5
8 30 5
8 31 12
8 32 10
8 33 6
8 34 6
8 35 10
8 36 7
8 37 10
8 38 8
8 39 10
8 40 10
8 41 5
8 42 8
8 43 10
8 44 7
8 45 12
8 46 12
8 47 5
8 48 10
8 49 8
8 50 10
8 51 6
8 52 6
8 53 9
8 54 8
8 55 9
8 56 12
8 57 8
8 58 4
8 59 10
8 60 9
8 61 7
8 62 6
8 63 8
8 64 11
8 65 5
8 66 10
8 67 5
8 68 10
8 69 5
8 70 11
8 71 6
8 72 11
8 73 11
8 74 5
8 75 11
8 76 10
8 77 7
8 78 10
8 79 10
8 80 10
8 81 10
8 82 12
8 83 9
8 84 4
8 85 4
8 86 10
8 87 10
8 88 10
8 89 9
8 90 7
8 91 9
8 92 10
8 93 11
8 94 10
8 95 11
8 96 9
8 97 9
8 98 12
8 99 7
9 0 12
9 1 12
9 2 7
9 3 11
9 4 12
9 5 5
9 6 11
9 7 10
9 8 7
9 9 11
9 10 7
9 11 7
9 12 5
9 13 6
9 14 12
9 15 9
9 16 6
9 17 12
9 18 12
9 19 7
9 20 7
9 21 11
9 22 13
9 23 11
9 24 11
9 25 10
9 26 9
9 27 12
9 28 12
9 29 6
9 30 5
9 31 12
9 32 13
9 33 7
9 34 5
9 35 10
9 36 10
9 37 10
9 38 9
9 39 9
9 40 12
9 41 6
9 42 8
9 43 10
9 44 7
9 45 13
9 46 13
9 47 6
9 48 10
9 49 9
9 50 12
9 51 6
9 52 7
9 53 10
9 54 7
9 55 11
9 56 11
9 57 10
9 58 5
9 59 11
9 60 9
9 61 8
9 62 9
9 63 10
9 64 13
9 65 7
9 66 11
9 67 7
9 68 10
9 69 6
9 70 13
9 71 6
9 72 11
9 73 11
9 74 7
9 75 11
9 76 12
9 77 8
9 78 12
9 79 12
9 80 12
9 81 11
9 82 11
9 83 10
9 84 7
9 85 7
9 86 11
9 87 11
9 88 9
9 89 10
9 90 9
9 91 12
9 92 12
9 93 12
9 94 11
9 95 12
9 96 10
9 97 9
9 98 11
9 99 8
