10 100 10 7 10.0 3.0 1.0 95
8 21 7
2 99 5
7 78 3
4 62 9
1 61 8
9 75 9
0 15 8
7 35 6
2 5 8
7 195 6
2 16 7
9 30 5
4 112 5
5 128 3
2 39 3
0 81 8
8 70 7
5 15 8
1 92 3
8 173 9
7 165 3
6 62 7
3 129 8
9 212 7
4 48 3
9 8 9
8 100 4
0 78 3
5 44 5
1 76 7
2 53 8
2 131 3
8 173 4
5 117 3
9 212 3
0 51 8
0 40 7
5 9 9
3 10 7
3 15 6
5 128 5
3 100 7
0 65 4
9 205 9
6 166 7
4 53 7
5 158 8
4 157 8
0 54 8
7 143 9
0 6 3
7 91 9
1 104 8
2 61 9
7 204 8
8 182 3
6 170 6
2 101 9
9 112 4
7 50 8
4 3 8
2 15 7
1 36 7
5 154 8
3 111 3
6 110 3
6 148 7
4 35 3
6 146 8
1 18 4
3 9 7
4 143 7
7 100 7
6 90 7
4 30 7
3 21 6
8 215 3
8 23 7
1 4 9
6 46 8
3 86 3
1 107 3
9 5 3
8 79 7
3 142 7
5 2 8
0 81 8
1 23 6
1 13 7
0 49 5
9 70 8
2 44 5
6 98 3
4 17 6
7 212 8
6 170 5
9 65 9
8 203 7
5 182 8
3 134 7
0 0 0.337632406926
0 1 0.029017388867
0 2 0.778764063795
0 3 0.861071893432
0 4 0.412531220268
0 5 0.030310498433
0 6 0.861353660311
0 7 0.288929073373
0 8 0.272315989654
0 9 0.826146536464
0 10 0.089119601328
0 11 0.889770760287
0 12 0.534532972366
0 13 0.384621480737
0 14 0.690781016325
0 15 0.090859391147
0 16 0.464274382186
0 17 0.952854850904
0 18 0.851002431848
0 19 0.217569010140
0 20 0.252794874626
0 21 0.320079716157
0 22 0.066374389098
0 23 0.749666112747
0 24 0.223468809363
0 25 0.052072425712
0 26 0.966462203055
0 27 0.747337736778
0 28 0.462725028964
0 29 0.169793743406
0 30 0.797684441921
0 31 0.003226394385
0 32 0.407365121801
0 33 0.511410853279
0 34 0.421127943084
0 35 0.615510139463
0 36 0.657981013468
0 37 0.833210773672
0 38 0.676206234652
0 39 0.630624680809
0 40 0.429014541026
0 41 0.739614911784
0 42 0.944021475399
0 43 0.500432748164
0 44 0.245565175032
0 45 0.775742308973
0 46 0.585562944213
0 47 0.283334394420
0 48 0.948341404740
0 49 0.543416575356
0 50 0.174461894278
0 51 0.197497030275
0 52 0.743398217458
0 53 0.254078718310
0 54 0.682930834499
0 55 0.529237258288
0 56 0.393927182216
0 57 0.266836271893
0 58 0.218281975172
0 59 0.798420667722
0 60 0.701823284899
0 61 0.498103089881
0 62 0.929660117358
0 63 0.303567948558
0 64 0.834685101332
0 65 0.066828187983
0 66 0.612941338593
0 67 0.377214868449
0 68 0.022113525944
0 69 0.688195643829
0 70 0.710858086396
0 71 0.413164302565
0 72 0.228797452468
0 73 0.142133500334
0 74 0.459507517617
0 75 0.201806704370
0 76 0.527976768190
0 77 0.315792840703
0 78 0.373685025701
0 79 0.161978065459
0 80 0.035308001454
0 81 0.111750155741
0 82 0.449971816694
0 83 0.120476962954
0 84 0.734959804214
0 85 0.456228750409
0 86 0.663090614793
0 87 0.424897771862
0 88 0.952070639353
0 89 0.798683440478
0 90 0.037574657308
0 91 0.027925749353
0 92 0.520693240873
0 93 0.178409081427
0 94 0.502887458358
0 95 0.859594307863
0 96 0.630675068131
0 97 0.818170191628
0 98 0.218944932739
0 99 0.189710904333
1 0 0.374758724720
1 1 0.249996128309
1 2 0.094794764656
1 3 0.256288289616
1 4 0.137078469773
1 5 0.058656445384
1 6 0.173172216585
1 7 0.245447460744
1 8 0.899940029215
1 9 0.569630629103
1 10 0.630507463207
1 11 0.940091390972
1 12 0.926695048535
1 13 0.582725102413
1 14 0.165622157045
1 15 0.454081511553
1 16 0.383654244760
1 17 0.403905596806
1 18 0.085535816967
1 19 0.083049594104
1 20 0.683938933741
1 21 0.548404832688
1 22 0.545864838767
1 23 0.890546691593
1 24 0.985619840689
1 25 0.651618857093
1 26 0.689059623143
1 27 0.282066474729
1 28 0.970772799752
1 29 0.214399874947
1 30 0.042253501900
1 31 0.726362407851
1 32 0.284299453559
1 33 0.485255186261
1 34 0.539771965514
1 35 0.502724619586
1 36 0.370774625666
1 37 0.549470479770
1 38 0.451215416172
1 39 0.080557878430
1 40 0.199988463267
1 41 0.704274806909
1 42 0.052672736611
1 43 0.629507531185
1 44 0.464428809358
1 45 0.690784761474
1 46 0.435449042644
1 47 0.564165480657
1 48 0.000831733889
1 49 0.344065810123
1 50 0.853517930095
1 51 0.695661343797
1 52 0.197703896983
1 53 0.966164341331
1 54 0.530759555629
1 55 0.489450746239
1 56 0.436723197452
1 57 0.917819315357
1 58 0.628353829138
1 59 0.873270105867
1 60 0.206929702707
1 61 0.606844700755
1 62 0.945105609826
1 63 0.752086622805
1 64 0.112118119935
1 65 0.599768407341
1 66 0.116512132356
1 67 0.248296274472
1 68 0.793454366670
1 69 0.695299554713
1 70 0.190278742853
1 71 0.732876825850
1 72 0.204664114993
1 73 0.884089645483
1 74 0.846200091260
1 75 0.713455994580
1 76 0.322757956157
1 77 0.177463520122
1 78 0.337971014339
1 79 0.536931949820
1 80 0.314296459482
1 81 0.539063237914
1 82 0.644130301451
1 83 0.085353491416
1 84 0.026636653179
1 85 0.791924506144
1 86 0.275902502027
1 87 0.509786352323
1 88 0.533164766297
1 89 0.092832157264
1 90 0.927946024461
1 91 0.815142049344
1 92 0.185135416225
1 93 0.351186606856
1 94 0.768773379820
1 95 0.456523516312
1 96 0.061407213345
1 97 0.338621448835
1 98 0.774589390478
1 99 0.379063871481
2 0 0.972122045760
2 1 0.981518365022
2 2 0.701200347470
2 3 0.932452244493
2 4 0.397823290141
2 5 0.641577820673
2 6 0.049771545280
2 7 0.311895421019
2 8 0.959276557205
2 9 0.427719864243
2 10 0.351217638173
2 11 0.406367374658
2 12 0.926749311621
2 13 0.610920773271
2 14 0.019568397049
2 15 0.748797286257
2 16 0.110424353783
2 17 0.293288088507
2 18 0.984726948451
2 19 0.445253754421
2 20 0.872229854265
2 21 0.670624072577
2 22 0.360231292472
2 23 0.090870079769
2 24 0.824693396503
2 25 0.434397516664
2 26 0.453504488372
2 27 0.345278356674
2 28 0.541434855433
2 29 0.544499012892
2 30 0.088501805516
2 31 0.597553560543
2 32 0.343953623395
2 33 0.305257641050
2 34 0.571427600621
2 35 0.251626947148
2 36 0.537619425141
2 37 0.231964101649
2 38 0.127344965808
2 39 0.287487643118
2 40 0.732138632075
2 41 0.379739707721
2 42 0.377307373691
2 43 0.889909028116
2 44 0.215869074912
2 45 0.990523696969
2 46 0.219180721756
2 47 0.269930616006
2 48 0.364423405546
2 49 0.025579820503
2 50 0.580929347401
2 51 0.557621783115
2 52 0.722151639186
2 53 0.057856522315
2 54 0.063265440741
2 55 0.845807648955
2 56 0.747526404918
2 57 0.593600642320
2 58 0.211724792041
2 59 0.374594715183
2 60 0.579966998798
2 61 0.550144489385
2 62 0.501106455121
2 63 0.252326955962
2 64 0.987159112799
2 65 0.375714637510
2 66 0.682971050159
2 67 0.979914908905
2 68 0.117479332816
2 69 0.526821063988
2 70 0.002339578962
2 71 0.242218726796
2 72 0.686728042139
2 73 0.551940046112
2 74 0.205272277299
2 75 0.435061179825
2 76 0.202780783707
2 77 0.939471874664
2 78 0.967625618297
2 79 0.207691103389
2 80 0.658780531699
2 81 0.963306399527
2 82 0.953511606395
2 83 0.314455452321
2 84 0.922763544661
2 85 0.503254480376
2 86 0.420068998223
2 87 0.912906069722
2 88 0.824493912926
2 89 0.367299734004
2 90 0.778027321489
2 91 0.347476074363
2 92 0.341517130844
2 93 0.104403154289
2 94 0.654542767517
2 95 0.259103480431
2 96 0.859086992290
2 97 0.683990434798
2 98 0.161611352677
2 99 0.878816875992
3 0 0.510188358342
3 1 0.299680601974
3 2 0.343031787479
3 3 0.530483800572
3 4 0.708778622292
3 5 0.079698281946
3 6 0.103227688085
3 7 0.858925942239
3 8 0.927912084812
3 9 0.748724036556
3 10 0.183387906041
3 11 0.781647668137
3 12 0.109946361118
3 13 0.235121920385
3 14 0.048712368322
3 15 0.171626736527
3 16 0.467016763890
3 17 0.222635945833
3 18 0.989239372794
3 19 0.468356625057
3 20 0.697165051187
3 21 0.570316935939
3 22 0.383070774674
3 23 0.255047485684
3 24 0.703699255170
3 25 0.307930965916
3 26 0.869025493857
3 27 0.791397349209
3 28 0.976142408275
3 29 0.653043148310
3 30 0.853039640869
3 31 0.151074805635
3 32 0.253166966101
3 33 0.697053309700
3 34 0.072597684357
3 35 0.468775977392
3 36 0.617474661820
3 37 0.498356950934
3 38 0.410133070554
3 39 0.045216509247
3 40 0.918457886378
3 41 0.357755440227
3 42 0.052078662559
3 43 0.350146306534
3 44 0.647429412568
3 45 0.098621485539
3 46 0.888482600723
3 47 0.357860358040
3 48 0.195779844800
3 49 0.836698430693
3 50 0.249021898415
3 51 0.565290012549
3 52 0.303277218755
3 53 0.422688180333
3 54 0.651757759554
3 55 0.457533779201
3 56 0.144011655263
3 57 0.793728491549
3 58 0.386086775956
3 59 0.991675082906
3 60 0.852326086560
3 61 0.608963685053
3 62 0.992681899507
3 63 0.265299321508
3 64 0.950715896947
3 65 0.536993228829
3 66 0.367962574744
3 67 0.306984934914
3 68 0.885324593437
3 69 0.429680473726
3 70 0.470596832351
3 71 0.850426780769
3 72 0.723722753884
3 73 0.522509757306
3 74 0.456331643769
3 75 0.382100554402
3 76 0.354176815046
3 77 0.992353753136
3 78 0.397468022497
3 79 0.360734292959
3 80 0.948865640613
3 81 0.043292192474
3 82 0.570832364813
3 83 0.240169317333
3 84 0.981380575967
3 85 0.040311919007
3 86 0.742444812461
3 87 0.753263315658
3 88 0.302931024273
3 89 0.652474787652
3 90 0.761778883345
3 91 0.995210509963
3 92 0.416250788508
3 93 0.754253358576
3 94 0.926524843491
3 95 0.636967096227
3 96 0.191920276364
3 97 0.782321407972
3 98 0.837782496129
3 99 0.918561334485
4 0 0.899084793088
4 1 0.277462069965
4 2 0.124578715316
4 3 0.062143272777
4 4 0.043323501544
4 5 0.286374177515
4 6 0.624789352952
4 7 0.142224051174
4 8 0.629441129656
4 9 0.058786433270
4 10 0.142046108688
4 11 0.252421968453
4 12 0.368064665163
4 13 0.870531491440
4 14 0.575895702901
4 15 0.528175423715
4 16 0.986730865576
4 17 0.218524186371
4 18 0.978023217966
4 19 0.511564131228
4 20 0.239108771921
4 21 0.221377973064
4 22 0.330925094544
4 23 0.290985904461
4 24 0.856774482354
4 25 0.220458725070
4 26 0.176614968811
4 27 0.519625980230
4 28 0.348726240637
4 29 0.893362247148
4 30 0.225762180694
4 31 0.657099634993
4 32 0.783090251441
4 33 0.207148429148
4 34 0.643237720245
4 35 0.838985964202
4 36 0.207897658608
4 37 0.042704649777
4 38 0.637801890501
4 39 0.270623393460
4 40 0.418923120195
4 41 0.022891596531
4 42 0.329445459231
4 43 0.341919198899
4 44 0.739960713216
4 45 0.061779633726
4 46 0.071910948719
4 47 0.954607409149
4 48 0.520692677626
4 49 0.217905839953
4 50 0.216930639199
4 51 0.001065251518
4 52 0.384744797313
4 53 0.708054804897
4 54 0.526242542593
4 55 0.869614097282
4 56 0.149974519036
4 57 0.890552875528
4 58 0.685906952772
4 59 0.132863505611
4 60 0.079333814138
4 61 0.102129730845
4 62 0.697814226234
4 63 0.565188058439
4 64 0.329259378221
4 65 0.289446668663
4 66 0.808808431643
4 67 0.903007096897
4 68 0.194009580535
4 69 0.908314869080
4 70 0.674364471230
4 71 0.264113829569
4 72 0.846305788677
4 73 0.546018320579
4 74 0.606886401864
4 75 0.809208096949
4 76 0.683722094815
4 77 0.190372138905
4 78 0.388677996470
4 79 0.021331916265
4 80 0.960182530075
4 81 0.117442853547
4 82 0.060129767404
4 83 0.156592315427
4 84 0.460578907217
4 85 0.767605467883
4 86 0.635457485077
4 87 0.889205336244
4 88 0.627801243793
4 89 0.691092175010
4 90 0.580372672349
4 91 0.254493235341
4 92 0.692056987812
4 93 0.053453868620
4 94 0.233368100036
4 95 0.490251495809
4 96 0.999210963797
4 97 0.339507525611
4 98 0.236580527642
4 99 0.403215080839
5 0 0.658446196398
5 1 0.630854713474
5 2 0.825626886191
5 3 0.315971073472
5 4 0.780716181953
5 5 0.318377443617
5 6 0.832138848672
5 7 0.542392510252
5 8 0.029848316395
5 9 0.744000151770
5 10 0.646638085984
5 11 0.324452970167
5 12 0.964877033180
5 13 0.989286835435
5 14 0.060252907592
5 15 0.544636147804
5 16 0.815762727963
5 17 0.525460296048
5 18 0.901481009901
5 19 0.062556814286
5 20 0.141892734756
5 21 0.362451387306
5 22 0.296162095432
5 23 0.641950228989
5 24 0.637948500888
5 25 0.313000820508
5 26 0.715542984139
5 27 0.925404635454
5 28 0.799168956838
5 29 0.581845734515
5 30 0.043313867768
5 31 0.339183167582
5 32 0.624283767961
5 33 0.667260704596
5 34 0.942013537453
5 35 0.609772941668
5 36 0.000184590388
5 37 0.791648367849
5 38 0.417344601614
5 39 0.401164083110
5 40 0.015471247057
5 41 0.337817236005
5 42 0.448452682304
5 43 0.614814444989
5 44 0.637022591526
5 45 0.310711675529
5 46 0.094825254202
5 47 0.954128883579
5 48 0.629253998323
5 49 0.245161034432
5 50 0.539415465347
5 51 0.137660674367
5 52 0.218573047539
5 53 0.419009944999
5 54 0.196901075958
5 55 0.315659635535
5 56 0.855762195403
5 57 0.146172705994
5 58 0.977702358185
5 59 0.179009540713
5 60 0.949114189093
5 61 0.931379024195
5 62 0.804045437238
5 63 0.666747557704
5 64 0.965614465576
5 65 0.128783973382
5 66 0.932143996277
5 67 0.202075349573
5 68 0.318844355217
5 69 0.589084326760
5 70 0.326116638882
5 71 0.754489972701
5 72 0.841890968006
5 73 0.691339523101
5 74 0.011246040701
5 75 0.792961865215
5 76 0.717620662564
5 77 0.276222673294
5 78 0.565505662512
5 79 0.331132871183
5 80 0.978212443728
5 81 0.029550716226
5 82 0.617237904284
5 83 0.125485171830
5 84 0.015454832649
5 85 0.706999187007
5 86 0.499506666723
5 87 0.972817194717
5 88 0.916764573094
5 89 0.042825012105
5 90 0.629797066683
5 91 0.438947055973
5 92 0.069789976064
5 93 0.708298077514
5 94 0.312898986884
5 95 0.412502037351
5 96 0.750648172733
5 97 0.337749186053
5 98 0.108082684308
5 99 0.239197894745
6 0 0.540112780771
6 1 0.443028325286
6 2 0.380282533305
6 3 0.572879734010
6 4 0.660697107133
6 5 0.401330746825
6 6 0.106520858281
6 7 0.370137680384
6 8 0.677538420293
6 9 0.711002376145
6 10 0.198163129375
6 11 0.993353448847
6 12 0.461736957821
6 13 0.286129530351
6 14 0.090672914032
6 15 0.339253179027
6 16 0.982848972263
6 17 0.018393626328
6 18 0.983558246649
6 19 0.275935944021
6 20 0.521157633964
6 21 0.491889036439
6 22 0.836674250965
6 23 0.284711176803
6 24 0.577537815483
6 25 0.154241129998
6 26 0.880149035056
6 27 0.093659683442
6 28 0.028029464940
6 29 0.901467865545
6 30 0.175067875883
6 31 0.927517115983
6 32 0.119902614866
6 33 0.530339895585
6 34 0.785791725068
6 35 0.850480095836
6 36 0.835613226375
6 37 0.060620190933
6 38 0.200056120194
6 39 0.508565293331
6 40 0.769058056114
6 41 0.533102623400
6 42 0.163105210875
6 43 0.636103524930
6 44 0.211050379202
6 45 0.856865500528
6 46 0.929503676870
6 47 0.373177726743
6 48 0.221444282995
6 49 0.695455858243
6 50 0.835367266986
6 51 0.461680246144
6 52 0.790929919145
6 53 0.657544967286
6 54 0.257403061047
6 55 0.219223647273
6 56 0.696058892812
6 57 0.415841576698
6 58 0.140273524536
6 59 0.728038168341
6 60 0.872923166938
6 61 0.572683604763
6 62 0.152665855404
6 63 0.380980380247
6 64 0.120502424523
6 65 0.701002067067
6 66 0.629108989728
6 67 0.761003403573
6 68 0.453126788621
6 69 0.884143428560
6 70 0.794706017624
6 71 0.730117002654
6 72 0.731518045736
6 73 0.724217633786
6 74 0.311754402944
6 75 0.347261815955
6 76 0.633992925571
6 77 0.329550825238
6 78 0.305918071093
6 79 0.127711113404
6 80 0.699679488817
6 81 0.649941044274
6 82 0.425930313699
6 83 0.787675004059
6 84 0.567729320575
6 85 0.191911806843
6 86 0.712145362759
6 87 0.549291446152
6 88 0.886696838136
6 89 0.866566093947
6 90 0.723392657534
6 91 0.652413777712
6 92 0.663747459780
6 93 0.053018649725
6 94 0.998220656722
6 95 0.587832203070
6 96 0.314135839485
6 97 0.337673762738
6 98 0.873369846598
6 99 0.194798796843
7 0 0.267380591269
7 1 0.108475697448
7 2 0.048793054977
7 3 0.010761606748
7 4 0.293690745718
7 5 0.744907716587
7 6 0.203295480509
7 7 0.946884219912
7 8 0.294417895681
7 9 0.518498247182
7 10 0.861825835580
7 11 0.935599590471
7 12 0.366121625001
7 13 0.034248193491
7 14 0.818798838504
7 15 0.845810301055
7 16 0.146335706908
7 17 0.426020328133
7 18 0.391773461658
7 19 0.649347395054
7 20 0.726666358913
7 21 0.001840090452
7 22 0.378954263587
7 23 0.003259224694
7 24 0.766372054781
7 25 0.385545676087
7 26 0.170719489161
7 27 0.309777493738
7 28 0.201744052612
7 29 0.377797819406
7 30 0.956702140590
7 31 0.326503068657
7 32 0.840735661568
7 33 0.883561609004
7 34 0.847750340219
7 35 0.682871368103
7 36 0.929004048694
7 37 0.109135132990
7 38 0.697571539816
7 39 0.203155106427
7 40 0.887648387465
7 41 0.857453373777
7 42 0.505283049933
7 43 0.535452993038
7 44 0.632379662791
7 45 0.992450903869
7 46 0.597349418359
7 47 0.740734510912
7 48 0.511395064521
7 49 0.842790414947
7 50 0.908228821955
7 51 0.819470525671
7 52 0.049399839526
7 53 0.902232425935
7 54 0.352827497783
7 55 0.048220115476
7 56 0.980287246745
7 57 0.750512147975
7 58 0.986797057839
7 59 0.926648796135
7 60 0.167338840341
7 61 0.225369631374
7 62 0.493608040146
7 63 0.490864462407
7 64 0.870876381019
7 65 0.107467531610
7 66 0.921200007838
7 67 0.954006017760
7 68 0.272711317073
7 69 0.834353478781
7 70 0.331892926774
7 71 0.230052441525
7 72 0.854983517110
7 73 0.036909400421
7 74 0.241832148831
7 75 0.111706168856
7 76 0.857927783814
7 77 0.594626862060
7 78 0.104533533829
7 79 0.237173842899
7 80 0.013945182629
7 81 0.711251588671
7 82 0.507006135309
7 83 0.268519008727
7 84 0.001732882906
7 85 0.916488852347
7 86 0.789073197823
7 87 0.017083665743
7 88 0.750041037967
7 89 0.799108755717
7 90 0.239387808135
7 91 0.258663383093
7 92 0.330140957315
7 93 0.209085704522
7 94 0.932997036521
7 95 0.223971553567
7 96 0.747628812667
7 97 0.963548748593
7 98 0.551468707351
7 99 0.886317536436
8 0 0.697823271138
8 1 0.285242110694
8 2 0.148904308203
8 3 0.162722315324
8 4 0.174533226299
8 5 0.571212646368
8 6 0.995419798066
8 7 0.753937503853
8 8 0.935269167387
8 9 0.803657379767
8 10 0.934148280474
8 11 0.029582931989
8 12 0.011508023932
8 13 0.323604749594
8 14 0.472967689882
8 15 0.981024535553
8 16 0.896938133843
8 17 0.501849016064
8 18 0.506425467665
8 19 0.577487835430
8 20 0.505822189518
8 21 0.506233274114
8 22 0.406778208212
8 23 0.739417305779
8 24 0.953613792006
8 25 0.092057892804
8 26 0.737442622343
8 27 0.010858303430
8 28 0.468513644648
8 29 0.224402215876
8 30 0.687665236160
8 31 0.638797684966
8 32 0.855777529254
8 33 0.386901611814
8 34 0.174471428364
8 35 0.035963758256
8 36 0.865140776832
8 37 0.578550312383
8 38 0.549039337908
8 39 0.804804148801
8 40 0.547342374873
8 41 0.098125359767
8 42 0.014500824823
8 43 0.147962286008
8 44 0.820645284637
8 45 0.167347931680
8 46 0.182480455780
8 47 0.308597377658
8 48 0.393089750592
8 49 0.692884331814
8 50 0.071307639242
8 51 0.847251383348
8 52 0.274369571209
8 53 0.317879524349
8 54 0.925799097883
8 55 0.259013809847
8 56 0.128242101474
8 57 0.571226594609
8 58 0.458678975149
8 59 0.413280300809
8 60 0.437775170810
8 61 0.467835368700
8 62 0.587097938055
8 63 0.548973168021
8 64 0.273297605500
8 65 0.834599538355
8 66 0.254028127627
8 67 0.622245557233
8 68 0.707944793271
8 69 0.462226397520
8 70 0.234078356929
8 71 0.661400168537
8 72 0.059228600187
8 73 0.591842358566
8 74 0.385650201346
8 75 0.777511933945
8 76 0.313070461332
8 77 0.808235666951
8 78 0.067816139176
8 79 0.612343206592
8 80 0.310071481872
8 81 0.940105092458
8 82 0.024530611729
8 83 0.643777903078
8 84 0.360181889058
8 85 0.424702673407
8 86 0.920016911429
8 87 0.143543642549
8 88 0.721945492375
8 89 0.036107221269
8 90 0.465250005770
8 91 0.254452507645
8 92 0.237383314293
8 93 0.467396858257
8 94 0.395755624181
8 95 0.990590529424
8 96 0.442738147741
8 97 0.285289608363
8 98 0.471967798837
8 99 0.690584316151
9 0 0.815964262395
9 1 0.429170131794
9 2 0.193096418597
9 3 0.787569472321
9 4 0.271090281140
9 5 0.896122158295
9 6 0.068605560374
9 7 0.835685429096
9 8 0.099505459499
9 9 0.146600094958
9 10 0.206320683412
9 11 0.200086406236
9 12 0.323051418699
9 13 0.495691994670
9 14 0.209584083453
9 15 0.231788397394
9 16 0.012831973755
9 17 0.773149840095
9 18 0.239785779195
9 19 0.158862787318
9 20 0.459668174800
9 21 0.137098676769
9 22 0.338990891751
9 23 0.374458673351
9 24 0.768112939100
9 25 0.117261853881
9 26 0.923792537290
9 27 0.498459906240
9 28 0.877432895480
9 29 0.349615707703
9 30 0.325135268648
9 31 0.308034891503
9 32 0.169525064396
9 33 0.864267591567
9 34 0.975383410137
9 35 0.686413435390
9 36 0.874696207840
9 37 0.329406261613
9 38 0.863662410869
9 39 0.487525859952
9 40 0.383136621685
9 41 0.773263355632
9 42 0.335051264885
9 43 0.732323260793
9 44 0.993790421374
9 45 0.758987290141
9 46 0.508154109039
9 47 0.598571339573
9 48 0.715143151153
9 49 0.427017508172
9 50 0.488751288580
9 51 0.428610154797
9 52 0.995426568724
9 53 0.343185407112
9 54 0.324948235924
9 55 0.727279855722
9 56 0.953130793499
9 57 0.262648750924
9 58 0.273618761644
9 59 0.081421721810
9 60 0.742972401847
9 61 0.482883562515
9 62 0.226052625435
9 63 0.113958400225
9 64 0.931637865378
9 65 0.328404010816
9 66 0.371223538174
9 67 0.124621918445
9 68 0.096357544968
9 69 0.956980295590
9 70 0.500717227716
9 71 0.046010115885
9 72 0.933848395893
9 73 0.059546337524
9 74 0.096366435779
9 75 0.195119901047
9 76 0.044139040537
9 77 0.076455018500
9 78 0.791641056801
9 79 0.696607399298
9 80 0.941189644388
9 81 0.776167938522
9 82 0.130338554259
9 83 0.487790997343
9 84 0.396129968268
9 85 0.168371737134
9 86 0.257925209302
9 87 0.506631580881
9 88 0.139065747664
9 89 0.218059726970
9 90 0.465123936380
9 91 0.731469787506
9 92 0.481973673752
9 93 0.796391732932
9 94 0.447188601228
9 95 0.441361326249
9 96 0.559142954911
9 97 0.541300438154
9 98 0.548107151375
9 99 0.674809381718
0 0 10
0 1 8
0 2 8
0 3 13
0 4 12
0 5 13
0 6 11
0 7 10
0 8 12
0 9 9
0 10 11
0 11 8
0 12 8
0 13 8
0 14 8
0 15 11
0 16 11
0 17 11
0 18 8
0 19 13
0 20 8
0 21 12
0 22 11
0 23 11
0 24 6
0 25 12
0 26 8
0 27 6
0 28 8
0 29 10
0 30 13
0 31 6
0 32 7
0 33 6
0 34 7
0 35 12
0 36 10
0 37 14
0 38 11
0 39 11
0 40 8
0 41 11
0 42 9
0 43 12
0 44 12
0 45 11
0 46 13
0 47 13
0 48 11
0 49 14
0 50 7
0 51 14
0 52 12
0 53 12
0 54 12
0 55 8
0 56 10
0 57 14
0 58 8
0 59 11
0 60 13
0 61 10
0 62 11
0 63 12
0 64 8
0 65 8
0 66 11
0 67 6
0 68 11
0 69 7
0 70 12
0 71 10
0 72 12
0 73 10
0 74 10
0 75 10
0 76 6
0 77 11
0 78 12
0 79 12
0 80 7
0 81 6
0 82 6
0 83 10
0 84 11
0 85 11
0 86 12
0 87 11
0 88 11
0 89 8
0 90 12
0 91 8
0 92 7
0 93 10
0 94 11
0 95 10
0 96 14
0 97 11
0 98 12
0 99 10
1 0 10
1 1 7
1 2 6
1 3 13
1 4 12
1 5 13
1 6 12
1 7 9
1 8 11
1 9 8
1 10 10
1 11 9
1 12 9
1 13 6
1 14 5
1 15 12
1 16 11
1 17 12
1 18 7
1 19 12
1 20 6
1 21 10
1 22 11
1 23 11
1 24 5
1 25 13
1 26 8
1 27 5
1 28 7
1 29 10
1 30 12
1 31 7
1 32 8
1 33 5
1 34 5
1 35 11
1 36 9
1 37 13
1 38 10
1 39 8
1 40 9
1 41 9
1 42 8
1 43 12
1 44 10
1 45 11
1 46 10
1 47 10
1 48 12
1 49 13
1 50 7
1 51 13
1 52 11
1 53 12
1 54 10
1 55 6
1 56 9
1 57 13
1 58 6
1 59 10
1 60 12
1 61 10
1 62 11
1 63 10
1 64 6
1 65 6
1 66 10
1 67 5
1 68 10
1 69 8
1 70 9
1 71 10
1 72 10
1 73 9
1 74 11
1 75 10
1 76 6
1 77 11
1 78 11
1 79 12
1 80 6
1 81 7
1 82 5
1 83 10
1 84 9
1 85 10
1 86 12
1 87 9
1 88 9
1 89 8
1 90 11
1 91 9
1 92 7
1 93 9
1 94 10
1 95 8
1 96 13
1 97 10
1 98 12
1 99 10
2 0 7
2 1 7
2 2 4
2 3 11
2 4 8
2 5 9
2 6 10
2 7 6
2 8 9
2 9 7
2 10 7
2 11 7
2 12 6
2 13 4
2 14 4
2 15 10
2 16 9
2 17 9
2 18 5
2 19 11
2 20 3
2 21 7
2 22 9
2 23 8
2 24 5
2 25 11
2 26 5
2 27 4
2 28 7
2 29 9
2 30 10
2 31 5
2 32 5
2 33 5
2 34 4
2 35 8
2 36 7
2 37 9
2 38 7
2 39 6
2 40 7
2 41 9
2 42 4
2 43 10
2 44 7
2 45 8
2 46 8
2 47 9
2 48 10
2 49 10
2 50 3
2 51 9
2 52 9
2 53 10
2 54 9
2 55 4
2 56 8
2 57 11
2 58 4
2 59 10
2 60 9
2 61 8
2 62 8
2 63 10
2 64 4
2 65 4
2 66 9
2 67 5
2 68 8
2 69 6
2 70 7
2 71 8
2 72 9
2 73 7
2 74 7
2 75 8
2 76 5
2 77 9
2 78 11
2 79 9
2 80 4
2 81 5
2 82 4
2 83 8
2 84 9
2 85 10
2 86 10
2 87 8
2 88 7
2 89 5
2 90 9
2 91 5
2 92 4
2 93 6
2 94 10
2 95 6
2 96 9
2 97 8
2 98 9
2 99 8
3 0 10
3 1 7
3 2 7
3 3 13
3 4 10
3 5 11
3 6 12
3 7 9
3 8 11
3 9 9
3 10 11
3 11 7
3 12 7
3 13 7
3 14 6
3 15 10
3 16 11
3 17 10
3 18 7
3 19 13
3 20 7
3 21 11
3 22 11
3 23 9
3 24 6
3 25 12
3 26 6
3 27 5
3 28 8
3 29 9
3 30 12
3 31 5
3 32 6
3 33 6
3 34 6
3 35 11
3 36 9
3 37 12
3 38 11
3 39 9
3 40 9
3 41 9
3 42 6
3 43 13
3 44 10
3 45 9
3 46 12
3 47 11
3 48 12
3 49 11
3 50 5
3 51 11
3 52 12
3 53 11
3 54 12
3 55 6
3 56 9
3 57 11
3 58 8
3 59 12
3 60 11
3 61 9
3 62 10
3 63 12
3 64 7
3 65 7
3 66 9
3 67 5
3 68 10
3 69 6
3 70 11
3 71 11
3 72 10
3 73 9
3 74 11
3 75 8
3 76 7
3 77 11
3 78 12
3 79 11
3 80 6
3 81 7
3 82 7
3 83 9
3 84 10
3 85 11
3 86 10
3 87 10
3 88 10
3 89 9
3 90 12
3 91 9
3 92 5
3 93 9
3 94 12
3 95 9
3 96 12
3 97 10
3 98 10
3 99 11
4 0 9
4 1 5
4 2 4
4 3 10
4 4 9
4 5 10
4 6 10
4 7 7
4 8 9
4 9 8
4 10 9
4 11 6
4 12 5
4 13 3
4 14 3
4 15 9
4 16 7
4 17 8
4 18 4
4 19 10
4 20 3
4 21 8
4 22 8
4 23 9
4 24 3
4 25 11
4 26 5
4 27 5
4 28 5
4 29 7
4 30 10
4 31 4
4 32 4
4 33 3
4 34 4
4 35 10
4 36 8
4 37 11
4 38 7
4 39 6
4 40 5
4 41 7
4 42 4
4 43 10
4 44 9
4 45 7
4 46 10
4 47 8
4 48 8
4 49 11
4 50 5
4 51 11
4 52 10
4 53 9
4 54 8
4 55 3
4 56 6
4 57 11
4 58 6
4 59 8
4 60 9
4 61 7
4 62 8
4 63 9
4 64 5
4 65 3
4 66 7
4 67 3
4 68 10
4 69 6
4 70 7
4 71 8
4 72 7
4 73 7
4 74 8
4 75 6
4 76 4
4 77 8
4 78 10
4 79 8
4 80 5
4 81 4
4 82 4
4 83 7
4 84 9
4 85 10
4 86 10
4 87 6
4 88 9
4 89 7
4 90 9
4 91 5
4 92 3
4 93 6
4 94 9
4 95 6
4 96 11
4 97 9
4 98 9
4 99 7
5 0 10
5 1 7
5 2 6
5 3 13
5 4 12
5 5 12
5 6 10
5 7 10
5 8 12
5 9 10
5 10 9
5 11 9
5 12 8
5 13 5
5 14 7
5 15 11
5 16 9
5 17 11
5 18 5
5 19 13
5 20 7
5 21 9
5 22 10
5 23 9
5 24 5
5 25 11
5 26 7
5 27 5
5 28 8
5 29 10
5 30 12
5 31 6
5 32 8
5 33 5
5 34 5
5 35 10
5 36 11
5 37 13
5 38 11
5 39 10
5 40 7
5 41 9
5 42 8
5 43 12
5 44 11
5 45 9
5 46 10
5 47 12
5 48 12
5 49 12
5 50 7
5 51 11
5 52 10
5 53 11
5 54 12
5 55 7
5 56 9
5 57 11
5 58 6
5 59 11
5 60 11
5 61 11
5 62 9
5 63 10
5 64 6
5 65 5
5 66 9
5 67 5
5 68 10
5 69 8
5 70 10
5 71 10
5 72 10
5 73 9
5 74 11
5 75 9
5 76 6
5 77 9
5 78 13
5 79 12
5 80 7
5 81 6
5 82 7
5 83 9
5 84 9
5 85 12
5 86 10
5 87 8
5 88 10
5 89 9
5 90 12
5 91 7
5 92 5
5 93 8
5 94 12
5 95 7
5 96 12
5 97 11
5 98 12
5 99 11
6 0 10
6 1 7
6 2 5
6 3 11
6 4 11
6 5 10
6 6 11
6 7 7
6 8 11
6 9 9
6 10 10
6 11 7
6 12 6
6 13 6
6 14 5
6 15 10
6 16 10
6 17 11
6 18 5
6 19 11
6 20 5
6 21 9
6 22 9
6 23 9
6 24 4
6 25 11
6 26 5
6 27 5
6 28 6
6 29 8
6 30 11
6 31 5
6 32 5
6 33 4
6 34 4
6 35 10
6 36 9
6 37 11
6 38 8
6 39 8
6 40 6
6 41 10
6 42 6
6 43 12
6 44 8
6 45 9
6 46 10
6 47 10
6 48 11
6 49 11
6 50 6
6 51 11
6 52 9
6 53 11
6 54 10
6 55 4
6 56 8
6 57 11
6 58 6
6 59 10
6 60 11
6 61 9
6 62 9
6 63 10
6 64 6
6 65 4
6 66 9
6 67 4
6 68 10
6 69 5
6 70 8
6 71 10
6 72 8
6 73 9
6 74 9
6 75 7
6 76 6
6 77 10
6 78 11
6 79 9
6 80 6
6 81 4
6 82 6
6 83 8
6 84 9
6 85 10
6 86 9
6 87 8
6 88 9
6 89 6
6 90 10
6 91 8
6 92 6
6 93 7
6 94 10
6 95 8
6 96 10
6 97 8
6 98 10
6 99 9
7 0 9
7 1 7
7 2 5
7 3 11
7 4 10
7 5 12
7 6 12
7 7 8
7 8 12
7 9 8
7 10 11
7 11 9
7 12 8
7 13 7
7 14 6
7 15 10
7 16 11
7 17 11
7 18 7
7 19 12
7 20 6
7 21 11
7 22 11
7 23 10
7 24 6
7 25 11
7 26 7
7 27 5
7 28 7
7 29 11
7 30 12
7 31 6
7 32 6
7 33 7
7 34 6
7 35 11
7 36 10
7 37 11
7 38 11
7 39 8
7 40 7
7 41 9
7 42 8
7 43 11
7 44 11
7 45 11
7 46 10
7 47 12
7 48 12
7 49 13
7 50 5
7 51 12
7 52 10
7 53 12
7 54 11
7 55 5
7 56 9
7 57 11
7 58 7
7 59 11
7 60 12
7 61 11
7 62 9
7 63 12
7 64 5
7 65 6
7 66 11
7 67 5
7 68 11
7 69 6
7 70 11
7 71 10
7 72 10
7 73 9
7 74 11
7 75 10
7 76 7
7 77 10
7 78 13
7 79 12
7 80 6
7 81 5
7 82 7
7 83 10
7 84 11
7 85 10
7 86 11
7 87 10
7 88 9
7 89 7
7 90 10
7 91 9
7 92 6
7 93 10
7 94 10
7 95 7
7 96 11
7 97 11
7 98 10
7 99 9
8 0 10
8 1 10
8 2 7
8 3 14
8 4 12
8 5 13
8 6 12
8 7 9
8 8 11
8 9 9
8 10 12
8 11 9
8 12 10
8 13 8
8 14 8
8 15 13
8 16 10
8 17 12
8 18 6
8 19 12
8 20 7
8 21 12
8 22 11
8 23 11
8 24 7
8 25 12
8 26 8
8 27 8
8 28 9
8 29 11
8 30 12
8 31 8
8 32 9
8 33 8
8 34 7
8 35 12
8 36 10
8 37 14
8 38 12
8 39 9
8 40 10
8 41 11
8 42 7
8 43 12
8 44 10
8 45 10
8 46 11
8 47 11
8 48 13
8 49 13
8 50 7
8 51 12
8 52 13
8 53 13
8 54 12
8 55 8
8 56 9
8 57 13
8 58 8
8 59 12
8 60 11
8 61 10
8 62 10
8 63 13
8 64 7
8 65 7
8 66 10
8 67 7
8 68 11
8 69 9
8 70 10
8 71 11
8 72 12
8 73 10
8 74 11
8 75 11
8 76 8
8 77 10
8 78 12
8 79 13
8 80 7
8 81 8
8 82 6
8 83 12
8 84 10
8 85 13
8 86 11
8 87 9
8 88 11
8 89 10
8 90 13
8 91 9
8 92 6
8 93 10
8 94 12
8 95 9
8 96 12
8 97 10
8 98 11
8 99 11
9 0 9
9 1 7
9 2 4
9 3 9
9 4 10
9 5 11
9 6 10
9 7 8
9 8 9
9 9 7
9 10 8
9 11 5
9 12 6
9 13 3
9 14 4
9 15 9
9 16 8
9 17 10
9 18 4
9 19 11
9 20 5
9 21 7
9 22 9
9 23 7
9 24 3
9 25 9
9 26 4
9 27 3
9 28 7
9 29 7
9 30 10
9 31 5
9 32 5
9 33 3
9 34 5
9 35 9
9 36 8
9 37 11
9 38 9
9 39 8
9 40 7
9 41 8
9 42 5
9 43 9
9 44 9
9 45 9
9 46 9
9 47 10
9 48 9
9 49 11
9 50 4
9 51 10
9 52 8
9 53 10
9 54 8
9 55 3
9 56 8
9 57 11
9 58 6
9 59 9
9 60 8
9 61 8
9 62 8
9 63 8
9 64 5
9 65 3
9 66 7
9 67 4
9 68 9
9 69 5
9 70 9
9 71 8
9 72 7
9 73 8
9 74 7
9 75 8
9 76 4
9 77 9
9 78 9
9 79 8
9 80 4
9 81 5
9 82 5
9 83 8
9 84 9
9 85 10
9 86 8
9 87 6
9 88 8
9 89 6
9 90 8
9 91 7
9 92 3
9 93 8
9 94 9
9 95 6
9 96 11
9 97 7
9 98 9
9 99 9
