10 100 10 7 10.0 3.0 1.0 95
6 146 7
9 178 7
5 106 9
8 119 4
2 33 8
9 190 5
9 70 3
0 30 9
2 96 7
4 67 7
9 238 8
9 228 3
7 210 3
7 186 8
4 25 3
6 2 8
9 118 7
8 203 5
7 28 3
0 63 7
1 12 7
8 208 9
9 58 4
8 182 7
3 134 9
7 119 8
7 121 9
5 117 6
4 23 4
0 30 3
8 173 3
0 8 3
7 41 7
1 66 9
2 48 3
3 102 5
7 28 6
1 1 8
8 37 8
0 11 8
1 43 3
4 38 3
3 39 7
1 60 7
4 10 5
2 61 3
2 109 8
3 24 3
5 24 7
7 141 7
7 80 7
5 15 7
5 174 9
9 90 7
1 75 5
3 82 7
6 108 9
9 110 8
1 108 3
6 100 3
8 21 9
6 50 7
2 37 7
7 89 4
1 86 6
2 115 7
5 154 3
0 77 5
5 53 9
6 154 3
2 71 6
4 60 9
4 72 8
0 90 9
3 112 9
4 50 7
1 106 9
8 212 7
3 140 4
8 89 3
0 1 6
2 97 6
6 86 9
4 150 9
0 62 7
5 88 7
2 88 7
5 20 3
6 2 4
4 53 9
0 34 8
5 42 4
8 28 7
3 38 8
6 76 4
6 20 7
1 98 7
3 96 9
3 60 3
9 188 9
0 0 0.828120163377
0 1 0.910839897063
0 2 0.884439354884
0 3 0.170125055539
0 4 0.096723287883
0 5 0.619901101475
0 6 0.905703035739
0 7 0.877724224253
0 8 0.331445645621
0 9 0.961381359781
0 10 0.737637002026
0 11 0.769890075665
0 12 0.590438952436
0 13 0.718113834864
0 14 0.304308442548
0 15 0.055456962061
0 16 0.464363022404
0 17 0.043206025904
0 18 0.519123654902
0 19 0.965549980498
0 20 0.076635983390
0 21 0.650793056767
0 22 0.514990628074
0 23 0.829088244144
0 24 0.747950276081
0 25 0.268781108163
0 26 0.018543234058
0 27 0.579359354224
0 28 0.367010184555
0 29 0.445748065986
0 30 0.417955591037
0 31 0.032101334012
0 32 0.259577466179
0 33 0.670751724026
0 34 0.251502271727
0 35 0.039673892727
0 36 0.303739146038
0 37 0.588860859992
0 38 0.901212564822
0 39 0.322068888985
0 40 0.509553105277
0 41 0.767792118751
0 42 0.860111761422
0 43 0.024844145627
0 44 0.809531111895
0 45 0.561244633730
0 46 0.967084309768
0 47 0.733480759917
0 48 0.378629803154
0 49 0.273394759739
0 50 0.125691065253
0 51 0.520623509895
0 52 0.366416755588
0 53 0.494502377634
0 54 0.387307447071
0 55 0.495565402712
0 56 0.579951012793
0 57 0.545215074838
0 58 0.163973385022
0 59 0.173690800998
0 60 0.735790332640
0 61 0.954481027163
0 62 0.225043398933
0 63 0.239639911390
0 64 0.421766968061
0 65 0.583103200931
0 66 0.822825534447
0 67 0.410228041282
0 68 0.081562885699
0 69 0.610645451611
0 70 0.440194417122
0 71 0.877170981507
0 72 0.005408849288
0 73 0.183017469820
0 74 0.486851613118
0 75 0.790623802765
0 76 0.185199640871
0 77 0.887231168133
0 78 0.414584839021
0 79 0.847382204554
0 80 0.462449715508
0 81 0.003598921409
0 82 0.855292363143
0 83 0.083573156754
0 84 0.159768326315
0 85 0.178360676855
0 86 0.731102009801
0 87 0.945652731064
0 88 0.196096261960
0 89 0.799568145937
0 90 0.143253965102
0 91 0.671459559910
0 92 0.570894471740
0 93 0.535881757643
0 94 0.257607561659
0 95 0.769280362110
0 96 0.851268230162
0 97 0.793717100188
0 98 0.569014140281
0 99 0.873673313610
1 0 0.311486604435
1 1 0.419695104619
1 2 0.256900912213
1 3 0.016940310477
1 4 0.659427228969
1 5 0.734842536001
1 6 0.566372196924
1 7 0.893903934944
1 8 0.116584930493
1 9 0.520194399360
1 10 0.378480270525
1 11 0.149473472632
1 12 0.789388761836
1 13 0.159016959725
1 14 0.788323248483
1 15 0.795615470042
1 16 0.172231912764
1 17 0.939016165110
1 18 0.970404278892
1 19 0.769710208339
1 20 0.027232781666
1 21 0.243431319069
1 22 0.403540709795
1 23 0.104055315590
1 24 0.705276987818
1 25 0.611528271537
1 26 0.465493032044
1 27 0.777926223671
1 28 0.584216534528
1 29 0.280134173064
1 30 0.667691638622
1 31 0.838329311676
1 32 0.040191813217
1 33 0.008333747650
1 34 0.704344110161
1 35 0.875377409528
1 36 0.897162151097
1 37 0.613682507103
1 38 0.146604039297
1 39 0.087264806254
1 40 0.558035181501
1 41 0.808536955660
1 42 0.928637197654
1 43 0.598316678968
1 44 0.239026760689
1 45 0.496464922522
1 46 0.650098029970
1 47 0.737091205470
1 48 0.007082753893
1 49 0.036511781748
1 50 0.767010998777
1 51 0.745069988972
1 52 0.535610585389
1 53 0.158377377631
1 54 0.646143947800
1 55 0.785628151370
1 56 0.016903329803
1 57 0.008698920456
1 58 0.898224885088
1 59 0.816536080501
1 60 0.158951708775
1 61 0.136443841688
1 62 0.606501000906
1 63 0.956750374561
1 64 0.427684149991
1 65 0.487057757445
1 66 0.307773426858
1 67 0.823434854991
1 68 0.507427579152
1 69 0.750592714514
1 70 0.002732061201
1 71 0.523175930375
1 72 0.725946846149
1 73 0.698314357193
1 74 0.227918785608
1 75 0.576694118457
1 76 0.127058336583
1 77 0.041020053615
1 78 0.342458935295
1 79 0.482053095170
1 80 0.893290942639
1 81 0.731384214843
1 82 0.877912200554
1 83 0.227873272251
1 84 0.806374726958
1 85 0.371942567955
1 86 0.410874513259
1 87 0.106030790680
1 88 0.287996202261
1 89 0.879647638463
1 90 0.542953828444
1 91 0.560143746456
1 92 0.991798441260
1 93 0.866336208638
1 94 0.748814394896
1 95 0.537982983289
1 96 0.233715643014
1 97 0.166003623594
1 98 0.260663093670
1 99 0.596368719479
2 0 0.902024939583
2 1 0.614178768525
2 2 0.173608824507
2 3 0.766404647499
2 4 0.058035914979
2 5 0.830293052028
2 6 0.703930660371
2 7 0.652902639533
2 8 0.947118258240
2 9 0.193400638264
2 10 0.536367197308
2 11 0.840315420165
2 12 0.351496529315
2 13 0.810479092159
2 14 0.591270977351
2 15 0.277648192489
2 16 0.480002810646
2 17 0.085982467069
2 18 0.681875206367
2 19 0.397313328280
2 20 0.896195690673
2 21 0.679739854391
2 22 0.077869693121
2 23 0.431394504053
2 24 0.883052070859
2 25 0.716746617066
2 26 0.489844995416
2 27 0.274113307597
2 28 0.877266406250
2 29 0.206332662514
2 30 0.026204369082
2 31 0.412831786704
2 32 0.312734198933
2 33 0.436796582613
2 34 0.725839434282
2 35 0.429465300539
2 36 0.904398321658
2 37 0.091675255145
2 38 0.628477150420
2 39 0.751349438874
2 40 0.978196685647
2 41 0.888318875515
2 42 0.476128596505
2 43 0.623006602983
2 44 0.775943141683
2 45 0.092381555634
2 46 0.855520045410
2 47 0.138640255379
2 48 0.015348221399
2 49 0.718074854245
2 50 0.448017698930
2 51 0.800157268171
2 52 0.683380551499
2 53 0.841109884841
2 54 0.907326098725
2 55 0.246096715713
2 56 0.130426489758
2 57 0.002221507885
2 58 0.166529782398
2 59 0.127208260613
2 60 0.624519660092
2 61 0.204902205719
2 62 0.154387605204
2 63 0.861334290408
2 64 0.138663526331
2 65 0.289180824563
2 66 0.952509257674
2 67 0.208922946394
2 68 0.172792305412
2 69 0.457285344864
2 70 0.015165176318
2 71 0.579084308922
2 72 0.745327623190
2 73 0.295733123206
2 74 0.521396649175
2 75 0.608312453520
2 76 0.158402688838
2 77 0.540857847717
2 78 0.302127621823
2 79 0.906356541808
2 80 0.637297769835
2 81 0.748577923988
2 82 0.335270695088
2 83 0.104615102782
2 84 0.412416596874
2 85 0.916410887207
2 86 0.126342495989
2 87 0.031858587554
2 88 0.135645714620
2 89 0.295592262753
2 90 0.990245917510
2 91 0.811356110866
2 92 0.292701051940
2 93 0.239938473126
2 94 0.547583569067
2 95 0.498730699782
2 96 0.148767745248
2 97 0.305315492712
2 98 0.208870492682
2 99 0.552134349764
3 0 0.555483487444
3 1 0.038625028751
3 2 0.529880371334
3 3 0.159877275491
3 4 0.758827560390
3 5 0.922242246897
3 6 0.954728120481
3 7 0.103434790086
3 8 0.739488546788
3 9 0.018598560075
3 10 0.336681289760
3 11 0.171951557547
3 12 0.313632295077
3 13 0.032595963630
3 14 0.439471255068
3 15 0.090595151991
3 16 0.348985577922
3 17 0.245672470318
3 18 0.273778041342
3 19 0.582426996475
3 20 0.824552326187
3 21 0.274670849967
3 22 0.152469974736
3 23 0.343153397195
3 24 0.027631179103
3 25 0.418645018598
3 26 0.330080818145
3 27 0.447126810795
3 28 0.406237280617
3 29 0.984803976850
3 30 0.912145783657
3 31 0.555733682323
3 32 0.297238640643
3 33 0.795359970566
3 34 0.232328097762
3 35 0.544495599314
3 36 0.321230877232
3 37 0.967249447165
3 38 0.012714515472
3 39 0.819846102696
3 40 0.794644959598
3 41 0.373314663451
3 42 0.501046024281
3 43 0.779427056129
3 44 0.849099356396
3 45 0.645339653844
3 46 0.274136741480
3 47 0.120979260702
3 48 0.816898414767
3 49 0.300414663346
3 50 0.150620062872
3 51 0.295270122347
3 52 0.513578210218
3 53 0.995415779217
3 54 0.407595505830
3 55 0.099544506924
3 56 0.484027914669
3 57 0.111640739791
3 58 0.104534496022
3 59 0.476592821576
3 60 0.621060797134
3 61 0.419765807647
3 62 0.079310241449
3 63 0.544271579872
3 64 0.946934821931
3 65 0.648204018029
3 66 0.576414581994
3 67 0.619512728042
3 68 0.150412257101
3 69 0.704748986967
3 70 0.120481398912
3 71 0.136642543268
3 72 0.120298364054
3 73 0.865786092587
3 74 0.128263480837
3 75 0.465866475069
3 76 0.090487948095
3 77 0.015195274101
3 78 0.476574609135
3 79 0.260584612489
3 80 0.375317838929
3 81 0.992891288411
3 82 0.769088897141
3 83 0.216707135706
3 84 0.040295492518
3 85 0.434196284183
3 86 0.837873617654
3 87 0.360345293190
3 88 0.199381482816
3 89 0.606745303644
3 90 0.605588037930
3 91 0.786475564962
3 92 0.128742146922
3 93 0.977120814258
3 94 0.884652235442
3 95 0.265933286532
3 96 0.826066539973
3 97 0.477595878262
3 98 0.960393411558
3 99 0.753868937569
4 0 0.239278039725
4 1 0.171757122317
4 2 0.227221129344
4 3 0.871057312472
4 4 0.002018218982
4 5 0.529840390452
4 6 0.304170768740
4 7 0.135973934504
4 8 0.630254796555
4 9 0.706798511056
4 10 0.448738730432
4 11 0.957044367491
4 12 0.676485515143
4 13 0.883395535505
4 14 0.684994570997
4 15 0.179833197843
4 16 0.937224520858
4 17 0.389507161881
4 18 0.982087631004
4 19 0.978672484437
4 20 0.965899077293
4 21 0.234224990780
4 22 0.890496024005
4 23 0.039902291453
4 24 0.183505839650
4 25 0.728057522102
4 26 0.398430124111
4 27 0.946763758799
4 28 0.544933433544
4 29 0.170443032953
4 30 0.064152212004
4 31 0.110428111555
4 32 0.680847380168
4 33 0.762721147280
4 34 0.771341384703
4 35 0.872995456839
4 36 0.314247539741
4 37 0.900470837036
4 38 0.794358626057
4 39 0.912470932792
4 40 0.449819837158
4 41 0.645647650384
4 42 0.194370955418
4 43 0.112542473196
4 44 0.289487823770
4 45 0.811153743943
4 46 0.251275080781
4 47 0.328653617580
4 48 0.851385373135
4 49 0.070555921850
4 50 0.145320335804
4 51 0.467783619092
4 52 0.437035309611
4 53 0.921807474456
4 54 0.621288108579
4 55 0.344606853988
4 56 0.594851047400
4 57 0.796575057989
4 58 0.877330470080
4 59 0.916262792540
4 60 0.577473207638
4 61 0.223819836583
4 62 0.933184931983
4 63 0.979713969201
4 64 0.329623749653
4 65 0.628716635285
4 66 0.767580312455
4 67 0.280903484103
4 68 0.106245215955
4 69 0.023511541669
4 70 0.717306055086
4 71 0.326869921622
4 72 0.891713627431
4 73 0.370010852397
4 74 0.872142634523
4 75 0.113690146087
4 76 0.599965437699
4 77 0.284943934537
4 78 0.321340062844
4 79 0.300574150401
4 80 0.321728455146
4 81 0.796702598504
4 82 0.258355634403
4 83 0.302597915890
4 84 0.766674192761
4 85 0.133528614159
4 86 0.372495689851
4 87 0.017904819702
4 88 0.252092314219
4 89 0.902682721317
4 90 0.903589322737
4 91 0.895036165617
4 92 0.907744549070
4 93 0.290143789123
4 94 0.746005675246
4 95 0.083964680623
4 96 0.976674099860
4 97 0.105937360924
4 98 0.551290316946
4 99 0.811068701338
5 0 0.753630161849
5 1 0.028353398452
5 2 0.457944103023
5 3 0.190184805862
5 4 0.123276793548
5 5 0.797404924658
5 6 0.651171649189
5 7 0.954725550501
5 8 0.567423334725
5 9 0.845839721404
5 10 0.220194441098
5 11 0.984323464017
5 12 0.460126340122
5 13 0.491610509263
5 14 0.896365734401
5 15 0.498014596437
5 16 0.327689824907
5 17 0.868852883460
5 18 0.810744650687
5 19 0.292962312983
5 20 0.100505368991
5 21 0.917777063133
5 22 0.701643435488
5 23 0.716147695322
5 24 0.432869881180
5 25 0.380035557482
5 26 0.492776161899
5 27 0.652978670739
5 28 0.424794226490
5 29 0.386251623509
5 30 0.093238942975
5 31 0.446706514635
5 32 0.310440595539
5 33 0.624663056354
5 34 0.964103231012
5 35 0.707502995759
5 36 0.557462107310
5 37 0.281477614818
5 38 0.430643164835
5 39 0.242985122298
5 40 0.880699393715
5 41 0.358626680210
5 42 0.093091984262
5 43 0.429393305852
5 44 0.247833133541
5 45 0.130280604841
5 46 0.683558992983
5 47 0.382086760079
5 48 0.220848605669
5 49 0.732147998653
5 50 0.974396929022
5 51 0.329934741451
5 52 0.174300423279
5 53 0.371678091982
5 54 0.662064900181
5 55 0.764933115429
5 56 0.728232754745
5 57 0.143880478007
5 58 0.407058949223
5 59 0.721341511380
5 60 0.998288344121
5 61 0.931504722513
5 62 0.377131057913
5 63 0.552533556512
5 64 0.468323197323
5 65 0.059331108107
5 66 0.117742963090
5 67 0.070209173869
5 68 0.574682574597
5 69 0.628261323286
5 70 0.570644504700
5 71 0.993380411907
5 72 0.331224951214
5 73 0.716203890563
5 74 0.892236973315
5 75 0.391111849987
5 76 0.237144418319
5 77 0.945493996482
5 78 0.343063080618
5 79 0.278731487558
5 80 0.170912528443
5 81 0.515419856375
5 82 0.773447960179
5 83 0.720573185868
5 84 0.497400013569
5 85 0.777394908153
5 86 0.360985486407
5 87 0.028227575472
5 88 0.608051594678
5 89 0.367638997729
5 90 0.377968364249
5 91 0.162013142231
5 92 0.880653779964
5 93 0.258103647764
5 94 0.742640132621
5 95 0.516655255034
5 96 0.100209393499
5 97 0.250503259869
5 98 0.082937914032
5 99 0.168101291644
6 0 0.249880663228
6 1 0.803196831092
6 2 0.841512237061
6 3 0.467623672997
6 4 0.102637543772
6 5 0.164329445650
6 6 0.835433852184
6 7 0.055038383895
6 8 0.266737628833
6 9 0.925013005425
6 10 0.206153681170
6 11 0.534338416714
6 12 0.119668776183
6 13 0.488279978767
6 14 0.647786471390
6 15 0.740306463889
6 16 0.475831842343
6 17 0.250422233990
6 18 0.598082747144
6 19 0.781522800431
6 20 0.608531645844
6 21 0.318322987996
6 22 0.891475315110
6 23 0.152822070789
6 24 0.667870336362
6 25 0.764534839081
6 26 0.141149888640
6 27 0.972401482039
6 28 0.446799277882
6 29 0.547796017645
6 30 0.155923666607
6 31 0.009858029080
6 32 0.577043061148
6 33 0.083426275389
6 34 0.026061107937
6 35 0.532944855082
6 36 0.782559005737
6 37 0.119799550819
6 38 0.307115138618
6 39 0.270375508345
6 40 0.148117656511
6 41 0.557571342007
6 42 0.220641767198
6 43 0.095576369546
6 44 0.759228528121
6 45 0.452683611823
6 46 0.151470513989
6 47 0.570269956782
6 48 0.130170975353
6 49 0.920364376635
6 50 0.540768822535
6 51 0.180628332458
6 52 0.018707450192
6 53 0.954088306897
6 54 0.306674236884
6 55 0.286412837484
6 56 0.453053688802
6 57 0.552714873656
6 58 0.495945000549
6 59 0.410777913098
6 60 0.658615145781
6 61 0.820476147708
6 62 0.860328326598
6 63 0.146491777846
6 64 0.573744621351
6 65 0.228849949107
6 66 0.863524924031
6 67 0.628916238926
6 68 0.653470913806
6 69 0.185052830331
6 70 0.062608074332
6 71 0.904195091042
6 72 0.706941085794
6 73 0.078359741786
6 74 0.860172428421
6 75 0.392248171588
6 76 0.978137974576
6 77 0.307293682731
6 78 0.275858529485
6 79 0.969871105670
6 80 0.089751456255
6 81 0.317493648503
6 82 0.684535035308
6 83 0.694957451119
6 84 0.745598876895
6 85 0.246478399261
6 86 0.488325348495
6 87 0.649054602607
6 88 0.041659003588
6 89 0.650357132497
6 90 0.395926388895
6 91 0.461789829441
6 92 0.180873536862
6 93 0.611807239019
6 94 0.772712650269
6 95 0.724582943730
6 96 0.040017793332
6 97 0.746059085530
6 98 0.844037742168
6 99 0.139157434588
7 0 0.573492394289
7 1 0.393605231204
7 2 0.121997450033
7 3 0.429293189467
7 4 0.587246644607
7 5 0.264853096775
7 6 0.323169367798
7 7 0.900876036124
7 8 0.444115147762
7 9 0.803207720689
7 10 0.239370426920
7 11 0.805840182917
7 12 0.996852718387
7 13 0.572212742191
7 14 0.615706057997
7 15 0.795648449921
7 16 0.737816896151
7 17 0.686039691422
7 18 0.287486703395
7 19 0.138034254787
7 20 0.289293962472
7 21 0.676154456456
7 22 0.737323477828
7 23 0.076995595245
7 24 0.748640003704
7 25 0.891291557182
7 26 0.399298456812
7 27 0.705051927764
7 28 0.799697649221
7 29 0.570226478750
7 30 0.092288944589
7 31 0.792041256662
7 32 0.584369086081
7 33 0.533500986004
7 34 0.385268621431
7 35 0.244449831820
7 36 0.573457297932
7 37 0.746781624321
7 38 0.865224926672
7 39 0.063839880435
7 40 0.052863807899
7 41 0.663958379453
7 42 0.611724136002
7 43 0.904864058005
7 44 0.659818527009
7 45 0.994222048321
7 46 0.434402039719
7 47 0.956314125156
7 48 0.986587028291
7 49 0.241298935479
7 50 0.745291891214
7 51 0.543606561290
7 52 0.924166471335
7 53 0.872323996488
7 54 0.935930003833
7 55 0.154459597262
7 56 0.669113027949
7 57 0.148207732727
7 58 0.248037427591
7 59 0.373167238231
7 60 0.489288156129
7 61 0.097629363077
7 62 0.399173598365
7 63 0.696453554584
7 64 0.315436411427
7 65 0.850743278810
7 66 0.323918530506
7 67 0.757819188289
7 68 0.438673025569
7 69 0.802190569481
7 70 0.621552764393
7 71 0.483539772968
7 72 0.687007092586
7 73 0.443154590485
7 74 0.649671759757
7 75 0.501814903885
7 76 0.026932857797
7 77 0.286885968354
7 78 0.934198117349
7 79 0.753596833218
7 80 0.339278978667
7 81 0.546619754515
7 82 0.210387932196
7 83 0.097418460958
7 84 0.870440968895
7 85 0.821784452683
7 86 0.325813166966
7 87 0.991200175572
7 88 0.364872454113
7 89 0.635247210762
7 90 0.846948335041
7 91 0.682421833824
7 92 0.442216851773
7 93 0.207224848687
7 94 0.591697290253
7 95 0.152438175457
7 96 0.736749161594
7 97 0.138485650444
7 98 0.216877105028
7 99 0.169715255177
8 0 0.569107833039
8 1 0.046370099712
8 2 0.362195003369
8 3 0.597694916654
8 4 0.834095516452
8 5 0.056203234676
8 6 0.032108057806
8 7 0.078399158468
8 8 0.938658924713
8 9 0.114919885407
8 10 0.056228374362
8 11 0.303130095475
8 12 0.607488874503
8 13 0.601602367339
8 14 0.171013774910
8 15 0.908088630230
8 16 0.916847060740
8 17 0.659791429434
8 18 0.034530835555
8 19 0.278004723567
8 20 0.343954131589
8 21 0.350830157083
8 22 0.026056450056
8 23 0.971928034232
8 24 0.357181694592
8 25 0.090638773837
8 26 0.989309795084
8 27 0.464034914969
8 28 0.351655271261
8 29 0.511728138803
8 30 0.955994753585
8 31 0.368043664853
8 32 0.968287303792
8 33 0.078787197082
8 34 0.197339987893
8 35 0.067087852365
8 36 0.440958407342
8 37 0.735620176521
8 38 0.788100829447
8 39 0.674369660854
8 40 0.165463942543
8 41 0.806380097475
8 42 0.748247417094
8 43 0.253079241119
8 44 0.121101562335
8 45 0.518289140589
8 46 0.003003187068
8 47 0.291364682092
8 48 0.727855025798
8 49 0.177572641737
8 50 0.810106840549
8 51 0.229599282204
8 52 0.759329446456
8 53 0.339845083483
8 54 0.684758092058
8 55 0.478329430643
8 56 0.320193049468
8 57 0.059234955870
8 58 0.287134313783
8 59 0.154892700938
8 60 0.264463988876
8 61 0.886598329791
8 62 0.820712551446
8 63 0.907243099861
8 64 0.894550152113
8 65 0.091731607901
8 66 0.558223557273
8 67 0.665368027428
8 68 0.634970797820
8 69 0.249905545646
8 70 0.493846892128
8 71 0.377583570498
8 72 0.748530968084
8 73 0.995718531941
8 74 0.894832926722
8 75 0.368294511480
8 76 0.100862983149
8 77 0.996180376289
8 78 0.685230665245
8 79 0.406056662502
8 80 0.983154739766
8 81 0.659835361901
8 82 0.194052230654
8 83 0.516873550469
8 84 0.709709951572
8 85 0.392361430785
8 86 0.255707197515
8 87 0.990795732566
8 88 0.006455922783
8 89 0.738219101865
8 90 0.632370160987
8 91 0.344340878965
8 92 0.797345691587
8 93 0.978817967754
8 94 0.374484241636
8 95 0.967594418964
8 96 0.708474784595
8 97 0.771995689906
8 98 0.365497335593
8 99 0.865903436680
9 0 0.707015841823
9 1 0.255663268137
9 2 0.790676724485
9 3 0.252159237803
9 4 0.335578649342
9 5 0.764073032345
9 6 0.683724928764
9 7 0.828170858467
9 8 0.985264910192
9 9 0.359737022686
9 10 0.452345825408
9 11 0.569531528754
9 12 0.006040250767
9 13 0.445024791589
9 14 0.279041108088
9 15 0.176079215156
9 16 0.849963685482
9 17 0.560201224622
9 18 0.708501975808
9 19 0.643765431047
9 20 0.813354974495
9 21 0.366051730768
9 22 0.004884425329
9 23 0.442530281557
9 24 0.259247060665
9 25 0.273655822125
9 26 0.832139923866
9 27 0.892280490102
9 28 0.722633933063
9 29 0.242458108724
9 30 0.816242819807
9 31 0.584091987837
9 32 0.919759023415
9 33 0.759659613302
9 34 0.610011247909
9 35 0.201554201150
9 36 0.796870928481
9 37 0.395077183335
9 38 0.653570879948
9 39 0.606718498180
9 40 0.438671983796
9 41 0.341150964346
9 42 0.225481164906
9 43 0.621614374576
9 44 0.111550217928
9 45 0.469462936300
9 46 0.242373917175
9 47 0.917960596357
9 48 0.212229965514
9 49 0.314442315751
9 50 0.585002748927
9 51 0.464438590617
9 52 0.192488255546
9 53 0.350943065659
9 54 0.448791266133
9 55 0.215618655747
9 56 0.857478871305
9 57 0.107342618186
9 58 0.117459652601
9 59 0.847300466105
9 60 0.113468112111
9 61 0.419614634480
9 62 0.705767704901
9 63 0.142212418300
9 64 0.089644739820
9 65 0.178000672873
9 66 0.809095852450
9 67 0.358095861211
9 68 0.433734037355
9 69 0.191157612834
9 70 0.224086794585
9 71 0.436774457531
9 72 0.859834265031
9 73 0.011688203307
9 74 0.107187898596
9 75 0.249885537651
9 76 0.357297699750
9 77 0.383524780233
9 78 0.254878339702
9 79 0.589778521098
9 80 0.804466811200
9 81 0.941552834063
9 82 0.250416882426
9 83 0.019102480380
9 84 0.324196118105
9 85 0.570816400952
9 86 0.679680834023
9 87 0.639303234639
9 88 0.834210002852
9 89 0.201290473591
9 90 0.284616101522
9 91 0.509378750742
9 92 0.898948882100
9 93 0.555962825662
9 94 0.897302196417
9 95 0.426653805429
9 96 0.092142988405
9 97 0.126819575287
9 98 0.247563032828
9 99 0.288241197440
0 0 8
0 1 9
0 2 10
0 3 4
0 4 10
0 5 5
0 6 4
0 7 10
0 8 7
0 9 7
0 10 8
0 11 3
0 12 4
0 13 8
0 14 3
0 15 8
0 16 8
0 17 7
0 18 3
0 19 7
0 20 8
0 21 10
0 22 5
0 23 8
0 24 9
0 25 8
0 26 11
0 27 6
0 28 5
0 29 5
0 30 3
0 31 3
0 32 9
0 33 10
0 34 5
0 35 6
0 36 8
0 37 9
0 38 9
0 39 10
0 40 3
0 41 4
0 42 9
0 43 8
0 44 7
0 45 4
0 46 10
0 47 5
0 48 9
0 49 7
0 50 8
0 51 8
0 52 11
0 53 8
0 54 6
0 55 7
0 56 10
0 57 9
0 58 5
0 59 3
0 60 10
0 61 8
0 62 8
0 63 6
0 64 6
0 65 8
0 66 3
0 67 6
0 68 10
0 69 5
0 70 6
0 71 11
0 72 10
0 73 10
0 74 10
0 75 7
0 76 11
0 77 7
0 78 6
0 79 5
0 80 8
0 81 8
0 82 11
0 83 10
0 84 7
0 85 7
0 86 7
0 87 5
0 88 4
0 89 9
0 90 10
0 91 4
0 92 7
0 93 10
0 94 4
0 95 7
0 96 9
0 97 9
0 98 4
0 99 11
1 0 9
1 1 8
1 2 11
1 3 6
1 4 9
1 5 5
1 6 5
1 7 9
1 8 8
1 9 7
1 10 10
1 11 5
1 12 3
1 13 9
1 14 5
1 15 8
1 16 9
1 17 5
1 18 4
1 19 7
1 20 8
1 21 10
1 22 5
1 23 9
1 24 11
1 25 10
1 26 11
1 27 8
1 28 5
1 29 3
1 30 3
1 31 5
1 32 8
1 33 10
1 34 4
1 35 7
1 36 7
1 37 9
1 38 9
1 39 8
1 40 3
1 41 3
1 42 8
1 43 8
1 44 5
1 45 5
1 46 10
1 47 3
1 48 8
1 49 7
1 50 7
1 51 9
1 52 10
1 53 9
1 54 5
1 55 7
1 56 10
1 57 8
1 58 3
1 59 5
1 60 10
1 61 8
1 62 7
1 63 5
1 64 7
1 65 8
1 66 4
1 67 5
1 68 10
1 69 5
1 70 7
1 71 11
1 72 10
1 73 10
1 74 11
1 75 8
1 76 9
1 77 7
1 78 5
1 79 4
1 80 6
1 81 6
1 82 11
1 83 10
1 84 9
1 85 8
1 86 8
1 87 5
1 88 5
1 89 11
1 90 9
1 91 6
1 92 7
1 93 10
1 94 5
1 95 7
1 96 7
1 97 11
1 98 5
1 99 10
2 0 9
2 1 11
2 2 11
2 3 6
2 4 11
2 5 7
2 6 6
2 7 12
2 8 9
2 9 11
2 10 12
2 11 6
2 12 5
2 13 11
2 14 7
2 15 10
2 16 11
2 17 7
2 18 7
2 19 10
2 20 9
2 21 11
2 22 8
2 23 9
2 24 12
2 25 11
2 26 11
2 27 8
2 28 8
2 29 6
2 30 5
2 31 5
2 32 10
2 33 12
2 34 7
2 35 8
2 36 8
2 37 12
2 38 12
2 39 11
2 40 6
2 41 6
2 42 10
2 43 10
2 44 8
2 45 5
2 46 11
2 47 5
2 48 9
2 49 11
2 50 10
2 51 11
2 52 13
2 53 10
2 54 9
2 55 11
2 56 12
2 57 10
2 58 6
2 59 7
2 60 12
2 61 10
2 62 11
2 63 6
2 64 8
2 65 10
2 66 7
2 67 8
2 68 11
2 69 5
2 70 9
2 71 12
2 72 11
2 73 13
2 74 13
2 75 11
2 76 11
2 77 10
2 78 8
2 79 5
2 80 10
2 81 10
2 82 11
2 83 11
2 84 11
2 85 9
2 86 10
2 87 7
2 88 6
2 89 13
2 90 11
2 91 7
2 92 9
2 93 12
2 94 6
2 95 10
2 96 9
2 97 12
2 98 5
2 99 11
3 0 9
3 1 10
3 2 13
3 3 7
3 4 12
3 5 9
3 6 6
3 7 11
3 8 9
3 9 10
3 10 11
3 11 5
3 12 7
3 13 10
3 14 6
3 15 11
3 16 11
3 17 7
3 18 5
3 19 11
3 20 9
3 21 12
3 22 6
3 23 11
3 24 13
3 25 10
3 26 11
3 27 8
3 28 6
3 29 6
3 30 5
3 31 5
3 32 9
3 33 11
3 34 7
3 35 9
3 36 9
3 37 12
3 38 11
3 39 12
3 40 6
3 41 7
3 42 11
3 43 9
3 44 8
3 45 7
3 46 12
3 47 7
3 48 9
3 49 10
3 50 10
3 51 11
3 52 11
3 53 11
3 54 7
3 55 10
3 56 13
3 57 12
3 58 7
3 59 7
3 60 13
3 61 10
3 62 11
3 63 8
3 64 8
3 65 10
3 66 5
3 67 7
3 68 12
3 69 6
3 70 10
3 71 12
3 72 10
3 73 11
3 74 12
3 75 10
3 76 13
3 77 11
3 78 6
3 79 7
3 80 8
3 81 8
3 82 13
3 83 12
3 84 9
3 85 9
3 86 9
3 87 5
3 88 8
3 89 12
3 90 11
3 91 7
3 92 9
3 93 12
3 94 8
3 95 11
3 96 9
3 97 11
3 98 6
3 99 13
4 0 8
4 1 9
4 2 11
4 3 5
4 4 8
4 5 7
4 6 3
4 7 11
4 8 9
4 9 7
4 10 9
4 11 5
4 12 5
4 13 10
4 14 3
4 15 9
4 16 9
4 17 5
4 18 3
4 19 8
4 20 9
4 21 10
4 22 6
4 23 7
4 24 10
4 25 10
4 26 11
4 27 7
4 28 5
4 29 5
4 30 5
4 31 3
4 32 8
4 33 11
4 34 5
4 35 6
4 36 6
4 37 10
4 38 8
4 39 8
4 40 5
4 41 3
4 42 7
4 43 9
4 44 5
4 45 5
4 46 9
4 47 4
4 48 9
4 49 7
4 50 8
4 51 7
4 52 10
4 53 7
4 54 6
4 55 7
4 56 11
4 57 10
4 58 5
4 59 5
4 60 10
4 61 9
4 62 7
4 63 6
4 64 6
4 65 9
4 66 3
4 67 7
4 68 10
4 69 3
4 70 7
4 71 11
4 72 9
4 73 10
4 74 11
4 75 8
4 76 9
4 77 8
4 78 4
4 79 3
4 80 7
4 81 7
4 82 9
4 83 10
4 84 9
4 85 7
4 86 8
4 87 5
4 88 5
4 89 11
4 90 9
4 91 6
4 92 8
4 93 9
4 94 5
4 95 8
4 96 8
4 97 9
4 98 4
4 99 10
5 0 11
5 1 9
5 2 11
5 3 6
5 4 12
5 5 9
5 6 7
5 7 13
5 8 10
5 9 10
5 10 12
5 11 6
5 12 6
5 13 10
5 14 5
5 15 10
5 16 11
5 17 8
5 18 5
5 19 9
5 20 9
5 21 11
5 22 6
5 23 10
5 24 11
5 25 12
5 26 13
5 27 8
5 28 6
5 29 6
5 30 6
5 31 7
5 32 9
5 33 11
5 34 7
5 35 8
5 36 9
5 37 11
5 38 11
5 39 11
5 40 7
5 41 7
5 42 11
5 43 11
5 44 8
5 45 7
5 46 11
5 47 7
5 48 11
5 49 9
5 50 10
5 51 9
5 52 13
5 53 11
5 54 8
5 55 11
5 56 13
5 57 12
5 58 5
5 59 7
5 60 13
5 61 11
5 62 11
5 63 8
5 64 8
5 65 9
5 66 6
5 67 7
5 68 11
5 69 7
5 70 8
5 71 13
5 72 12
5 73 11
5 74 11
5 75 9
5 76 13
5 77 11
5 78 6
5 79 6
5 80 8
5 81 10
5 82 12
5 83 13
5 84 9
5 85 11
5 86 9
5 87 7
5 88 6
5 89 13
5 90 10
5 91 8
5 92 9
5 93 11
5 94 7
5 95 9
5 96 11
5 97 12
5 98 7
5 99 13
6 0 12
6 1 10
6 2 13
6 3 7
6 4 12
6 5 10
6 6 7
6 7 14
6 8 10
6 9 10
6 10 13
6 11 7
6 12 8
6 13 11
6 14 8
6 15 12
6 16 11
6 17 8
6 18 7
6 19 12
6 20 10
6 21 13
6 22 9
6 23 10
6 24 12
6 25 11
6 26 13
6 27 9
6 28 8
6 29 8
6 30 7
6 31 6
6 32 12
6 33 13
6 34 6
6 35 9
6 36 11
6 37 13
6 38 12
6 39 12
6 40 7
6 41 6
6 42 11
6 43 12
6 44 10
6 45 7
6 46 12
6 47 7
6 48 10
6 49 11
6 50 11
6 51 12
6 52 12
6 53 11
6 54 8
6 55 10
6 56 13
6 57 13
6 58 6
6 59 6
6 60 14
6 61 10
6 62 12
6 63 7
6 64 10
6 65 10
6 66 8
6 67 9
6 68 12
6 69 6
6 70 10
6 71 13
6 72 13
6 73 12
6 74 12
6 75 12
6 76 12
6 77 10
6 78 7
6 79 8
6 80 10
6 81 10
6 82 12
6 83 14
6 84 12
6 85 10
6 86 11
6 87 7
6 88 7
6 89 12
6 90 13
6 91 8
6 92 10
6 93 11
6 94 8
6 95 11
6 96 10
6 97 13
6 98 6
6 99 13
7 0 8
7 1 9
7 2 12
7 3 6
7 4 10
7 5 7
7 6 5
7 7 11
7 8 8
7 9 10
7 10 10
7 11 4
7 12 4
7 13 9
7 14 5
7 15 11
7 16 9
7 17 6
7 18 4
7 19 9
7 20 10
7 21 10
7 22 6
7 23 8
7 24 12
7 25 9
7 26 11
7 27 7
7 28 5
7 29 4
7 30 5
7 31 4
7 32 8
7 33 11
7 34 5
7 35 7
7 36 8
7 37 11
7 38 11
7 39 11
7 40 4
7 41 6
7 42 10
7 43 8
7 44 8
7 45 4
7 46 9
7 47 5
7 48 8
7 49 10
7 50 9
7 51 8
7 52 12
7 53 10
7 54 8
7 55 9
7 56 12
7 57 9
7 58 5
7 59 5
7 60 12
7 61 9
7 62 10
7 63 7
7 64 8
7 65 8
7 66 5
7 67 7
7 68 12
7 69 5
7 70 9
7 71 12
7 72 10
7 73 12
7 74 12
7 75 9
7 76 12
7 77 9
7 78 5
7 79 4
7 80 8
7 81 9
7 82 12
7 83 11
7 84 9
7 85 9
7 86 10
7 87 4
7 88 6
7 89 11
7 90 10
7 91 7
7 92 8
7 93 11
7 94 5
7 95 9
7 96 9
7 97 10
7 98 4
7 99 11
8 0 11
8 1 11
8 2 12
8 3 8
8 4 13
8 5 10
8 6 7
8 7 14
8 8 10
8 9 11
8 10 11
8 11 7
8 12 7
8 13 12
8 14 8
8 15 13
8 16 12
8 17 10
8 18 7
8 19 12
8 20 10
8 21 14
8 22 7
8 23 11
8 24 12
8 25 13
8 26 14
8 27 11
8 28 8
8 29 7
8 30 8
8 31 7
8 32 11
8 33 12
8 34 6
8 35 9
8 36 11
8 37 13
8 38 12
8 39 12
8 40 6
8 41 7
8 42 12
8 43 11
8 44 10
8 45 7
8 46 11
8 47 7
8 48 10
8 49 12
8 50 12
8 51 11
8 52 14
8 53 11
8 54 10
8 55 10
8 56 14
8 57 13
8 58 7
8 59 7
8 60 13
8 61 11
8 62 10
8 63 9
8 64 9
8 65 12
8 66 7
8 67 9
8 68 13
8 69 8
8 70 11
8 71 12
8 72 13
8 73 14
8 74 12
8 75 12
8 76 12
8 77 12
8 78 9
8 79 6
8 80 10
8 81 9
8 82 12
8 83 14
8 84 12
8 85 11
8 86 11
8 87 6
8 88 8
8 89 12
8 90 12
8 91 8
8 92 12
8 93 11
8 94 8
8 95 10
8 96 12
8 97 14
8 98 8
8 99 12
9 0 10
9 1 12
9 2 12
9 3 9
9 4 11
9 5 10
9 6 7
9 7 13
9 8 11
9 9 12
9 10 11
9 11 8
9 12 7
9 13 13
9 14 8
9 15 11
9 16 12
9 17 10
9 18 8
9 19 11
9 20 11
9 21 13
9 22 9
9 23 10
9 24 14
9 25 13
9 26 13
9 27 11
9 28 8
9 29 7
9 30 6
9 31 6
9 32 10
9 33 13
9 34 6
9 35 10
9 36 11
9 37 13
9 38 11
9 39 11
9 40 7
9 41 8
9 42 12
9 43 11
9 44 8
9 45 6
9 46 11
9 47 6
9 48 12
9 49 12
9 50 11
9 51 11
9 52 13
9 53 10
9 54 8
9 55 10
9 56 13
9 57 11
9 58 6
9 59 7
9 60 14
9 61 10
9 62 10
9 63 7
9 64 9
9 65 10
9 66 7
9 67 10
9 68 13
9 69 7
9 70 9
9 71 13
9 72 12
9 73 13
9 74 12
9 75 10
9 76 13
9 77 12
9 78 8
9 79 6
9 80 11
9 81 11
9 82 13
9 83 13
9 84 10
9 85 12
9 86 11
9 87 6
9 88 8
9 89 13
9 90 12
9 91 9
9 92 10
9 93 11
9 94 7
9 95 10
9 96 12
9 97 13
9 98 7
9 99 14
