10 100 10 7 10.0 3.0 1.0 95
5 106 7
4 17 3
7 72 5
3 114 5
6 62 9
7 132 7
4 12 7
1 110 9
4 108 8
2 29 8
7 35 7
8 37 6
8 79 8
7 48 8
1 82 5
1 112 9
8 105 3
0 71 9
9 230 4
7 199 3
4 67 8
7 15 9
3 148 8
3 141 9
9 60 3
1 35 8
4 50 5
6 184 4
5 176 4
6 130 9
5 88 3
5 99 9
9 170 7
4 72 5
6 46 8
8 205 6
7 128 4
0 80 5
9 222 7
9 195 4
9 120 7
9 140 9
0 24 7
0 84 6
8 63 3
5 110 8
3 16 7
6 140 7
9 152 3
0 57 3
6 120 6
3 38 6
1 91 9
8 182 8
9 25 9
2 60 3
4 127 7
2 48 9
2 43 9
3 42 8
4 142 3
7 210 3
5 127 8
4 73 9
0 79 8
7 156 7
7 111 8
3 3 9
8 105 7
1 102 3
1 66 3
4 105 8
1 107 6
5 59 3
9 5 7
5 55 8
2 116 8
6 136 3
3 130 3
2 120 3
8 229 8
5 70 8
2 97 5
0 80 8
0 99 7
3 108 3
8 203 9
2 9 8
5 90 5
6 8 8
2 29 5
0 38 3
1 80 9
6 16 9
3 102 8
1 79 7
8 103 9
2 3 7
0 9 8
6 190 3
0 0 0.160576436309
0 1 0.761612320240
0 2 0.415470309579
0 3 0.629013166055
0 4 0.259633626729
0 5 0.939443608953
0 6 0.875090700608
0 7 0.893027280706
0 8 0.795945218198
0 9 0.457114708374
0 10 0.122122627059
0 11 0.115675399708
0 12 0.756548807326
0 13 0.082173804588
0 14 0.091118283116
0 15 0.265384245201
0 16 0.753197328180
0 17 0.008244877242
0 18 0.858960611830
0 19 0.425717974993
0 20 0.227821167249
0 21 0.129073683367
0 22 0.764762286788
0 23 0.752430596010
0 24 0.138512509020
0 25 0.359174885200
0 26 0.866423941122
0 27 0.831601615405
0 28 0.499401598029
0 29 0.885959954139
0 30 0.759542096217
0 31 0.968154671538
0 32 0.112787664355
0 33 0.486408700518
0 34 0.759749348513
0 35 0.165215620754
0 36 0.718766847443
0 37 0.663284087455
0 38 0.355273938397
0 39 0.722573327905
0 40 0.987095658585
0 41 0.590772293454
0 42 0.941378603286
0 43 0.806516043609
0 44 0.278768203674
0 45 0.586013793059
0 46 0.426778050867
0 47 0.692016397622
0 48 0.661710779168
0 49 0.872938058548
0 50 0.090779581302
0 51 0.865138835241
0 52 0.937671748682
0 53 0.825035289921
0 54 0.209036079501
0 55 0.073943713149
0 56 0.343779202060
0 57 0.347425820578
0 58 0.524346258895
0 59 0.290780618519
0 60 0.406615449632
0 61 0.408832818085
0 62 0.587033372514
0 63 0.231325756393
0 64 0.201574991227
0 65 0.471756624594
0 66 0.387672622243
0 67 0.759735050198
0 68 0.080084778918
0 69 0.423847233776
0 70 0.300500945026
0 71 0.072175858347
0 72 0.230218436331
0 73 0.535552285418
0 74 0.760940268413
0 75 0.041696379428
0 76 0.015644706000
0 77 0.750133504951
0 78 0.233783720009
0 79 0.091705106669
0 80 0.651967974932
0 81 0.469281350273
0 82 0.237979935569
0 83 0.609036457470
0 84 0.457356770821
0 85 0.643645526039
0 86 0.315503113752
0 87 0.550928858006
0 88 0.945345259866
0 89 0.281452497942
0 90 0.308154554713
0 91 0.725239358879
0 92 0.535044429477
0 93 0.581588916713
0 94 0.700189845936
0 95 0.561047315826
0 96 0.227739281502
0 97 0.082864215355
0 98 0.322501162862
0 99 0.338257839885
1 0 0.590789425334
1 1 0.421426048897
1 2 0.230260138402
1 3 0.939308991624
1 4 0.488881427490
1 5 0.267083031642
1 6 0.687674326097
1 7 0.442939799787
1 8 0.590930903301
1 9 0.382487520859
1 10 0.627638631022
1 11 0.481578405319
1 12 0.973655526369
1 13 0.835916678734
1 14 0.646666515973
1 15 0.246975826597
1 16 0.050060298081
1 17 0.877875605987
1 18 0.762067916336
1 19 0.386059357468
1 20 0.949833373783
1 21 0.371937260799
1 22 0.564427006017
1 23 0.101956302262
1 24 0.819438593739
1 25 0.714297172230
1 26 0.827282363236
1 27 0.694479512146
1 28 0.624739684036
1 29 0.298573183082
1 30 0.659470714309
1 31 0.516268866693
1 32 0.981721592138
1 33 0.653168170535
1 34 0.558627497256
1 35 0.556183604599
1 36 0.912616758702
1 37 0.825292153077
1 38 0.771608028221
1 39 0.338138546864
1 40 0.112954823752
1 41 0.132578429506
1 42 0.651511958960
1 43 0.165970350606
1 44 0.525486457549
1 45 0.295307896801
1 46 0.273395426550
1 47 0.487728133886
1 48 0.950443967752
1 49 0.389153830857
1 50 0.068824009307
1 51 0.673380803640
1 52 0.690096245847
1 53 0.074736297205
1 54 0.431530284024
1 55 0.791227158327
1 56 0.710963156705
1 57 0.727934061221
1 58 0.626531025747
1 59 0.885689127150
1 60 0.486125627052
1 61 0.303395872682
1 62 0.625936548840
1 63 0.991919687196
1 64 0.056602720624
1 65 0.866927935108
1 66 0.623515480156
1 67 0.125125490322
1 68 0.911849116043
1 69 0.367537208655
1 70 0.545728417457
1 71 0.525585382844
1 72 0.193907648736
1 73 0.500478667764
1 74 0.422293509555
1 75 0.620744422029
1 76 0.142781796590
1 77 0.580811283282
1 78 0.778465968882
1 79 0.833360896403
1 80 0.826100243913
1 81 0.143731319984
1 82 0.759992034868
1 83 0.820826400283
1 84 0.347601235162
1 85 0.585206387663
1 86 0.098689021336
1 87 0.376929001147
1 88 0.568417371284
1 89 0.926053419886
1 90 0.264428976503
1 91 0.708453552360
1 92 0.166390727211
1 93 0.198598030737
1 94 0.360956563391
1 95 0.545825023624
1 96 0.888566101769
1 97 0.151100027517
1 98 0.968904338501
1 99 0.992528440558
2 0 0.846629837107
2 1 0.322449350712
2 2 0.194324615190
2 3 0.210842906334
2 4 0.458384503534
2 5 0.815114477178
2 6 0.623983923282
2 7 0.006606178757
2 8 0.690956588710
2 9 0.092590498265
2 10 0.846515270515
2 11 0.404245568181
2 12 0.498742730834
2 13 0.401419548948
2 14 0.025216246535
2 15 0.171421954776
2 16 0.907733355735
2 17 0.874943151466
2 18 0.857567295626
2 19 0.150657897282
2 20 0.542489697122
2 21 0.746755708135
2 22 0.493141150096
2 23 0.885949334273
2 24 0.466915330105
2 25 0.033772475206
2 26 0.756687230341
2 27 0.403336459615
2 28 0.667018101996
2 29 0.553155168041
2 30 0.632399853871
2 31 0.119479847656
2 32 0.812878752424
2 33 0.105852140951
2 34 0.602413636251
2 35 0.080044291166
2 36 0.647679871396
2 37 0.550821117918
2 38 0.631585061028
2 39 0.698928044029
2 40 0.454217975271
2 41 0.691731131615
2 42 0.676918727314
2 43 0.368723217741
2 44 0.291850920889
2 45 0.675762260713
2 46 0.240803275762
2 47 0.542917448240
2 48 0.107701633537
2 49 0.854414198761
2 50 0.556433149085
2 51 0.859205508078
2 52 0.780192457922
2 53 0.674189439071
2 54 0.522284112260
2 55 0.058709246665
2 56 0.806314407660
2 57 0.201762165019
2 58 0.579711691050
2 59 0.145800034803
2 60 0.647958316031
2 61 0.576586355447
2 62 0.153537523097
2 63 0.980360774320
2 64 0.315922823160
2 65 0.682848144450
2 66 0.264216029849
2 67 0.220447326841
2 68 0.789681110623
2 69 0.555727713077
2 70 0.758339035806
2 71 0.485226191112
2 72 0.626566824551
2 73 0.916261515326
2 74 0.095195466359
2 75 0.841900529126
2 76 0.182071218488
2 77 0.101350704677
2 78 0.335614156298
2 79 0.384460466747
2 80 0.988644336087
2 81 0.686259475386
2 82 0.319731797268
2 83 0.389086388100
2 84 0.195521201316
2 85 0.621337074366
2 86 0.362322972552
2 87 0.293753407274
2 88 0.110669617675
2 89 0.291501757456
2 90 0.657111120216
2 91 0.689023700713
2 92 0.554607340956
2 93 0.727416219577
2 94 0.348457554916
2 95 0.539095783954
2 96 0.320667290512
2 97 0.239859955272
2 98 0.627127166625
2 99 0.079313249043
3 0 0.459764980552
3 1 0.808481093031
3 2 0.452072470913
3 3 0.625595414686
3 4 0.362296446338
3 5 0.367036184152
3 6 0.097933643449
3 7 0.313884701937
3 8 0.394261904312
3 9 0.855999550298
3 10 0.408897048301
3 11 0.439627849185
3 12 0.903890562811
3 13 0.472139535290
3 14 0.039589881220
3 15 0.443868796186
3 16 0.863224195307
3 17 0.807133435001
3 18 0.918429568179
3 19 0.666325732715
3 20 0.508424366249
3 21 0.715740163430
3 22 0.857806820180
3 23 0.547245802440
3 24 0.702426877219
3 25 0.602950497984
3 26 0.335211385604
3 27 0.246609872701
3 28 0.186492281065
3 29 0.919912198768
3 30 0.923447428428
3 31 0.202877837053
3 32 0.024335675597
3 33 0.855787701008
3 34 0.573914698474
3 35 0.900278810711
3 36 0.035783877060
3 37 0.323832556580
3 38 0.508237792364
3 39 0.663041712463
3 40 0.047215800209
3 41 0.499030886760
3 42 0.884097895982
3 43 0.360846470482
3 44 0.726118258715
3 45 0.278156244586
3 46 0.594943645922
3 47 0.266715121531
3 48 0.737822181692
3 49 0.820667572707
3 50 0.279630961611
3 51 0.429617272096
3 52 0.985192986285
3 53 0.802558281456
3 54 0.030586650445
3 55 0.656591761407
3 56 0.093743449736
3 57 0.553639599995
3 58 0.878553299773
3 59 0.184132151459
3 60 0.443408892179
3 61 0.268004325817
3 62 0.563693488575
3 63 0.693884157401
3 64 0.265054340153
3 65 0.700199859780
3 66 0.704215625456
3 67 0.507393979119
3 68 0.268405863741
3 69 0.361981313598
3 70 0.078250191193
3 71 0.487798982683
3 72 0.203848614113
3 73 0.012389501151
3 74 0.404032839836
3 75 0.926342111865
3 76 0.779458613681
3 77 0.488163278213
3 78 0.588738946830
3 79 0.576135343017
3 80 0.934411672103
3 81 0.488184165834
3 82 0.920184759325
3 83 0.720269750939
3 84 0.586224038605
3 85 0.442334471642
3 86 0.922970299359
3 87 0.145843719203
3 88 0.632312213072
3 89 0.100283920146
3 90 0.320771420632
3 91 0.127999667066
3 92 0.713521102583
3 93 0.124789632134
3 94 0.293260150947
3 95 0.374980148523
3 96 0.863019097188
3 97 0.895451058319
3 98 0.196792223056
3 99 0.787072362524
4 0 0.535520022872
4 1 0.947467942500
4 2 0.878502959834
4 3 0.719179326488
4 4 0.546828570085
4 5 0.230035202722
4 6 0.241703112867
4 7 0.878879650709
4 8 0.877434870204
4 9 0.483818239569
4 10 0.303258564572
4 11 0.616721611853
4 12 0.906851534308
4 13 0.556418993292
4 14 0.637518706060
4 15 0.789679993615
4 16 0.833399622748
4 17 0.970362462289
4 18 0.865433817345
4 19 0.179041662275
4 20 0.973715429417
4 21 0.954415644472
4 22 0.719391798596
4 23 0.082572336001
4 24 0.513691866723
4 25 0.389975622424
4 26 0.363083672575
4 27 0.337363691856
4 28 0.570402818962
4 29 0.578991958462
4 30 0.167309332232
4 31 0.654826288784
4 32 0.867141746949
4 33 0.453298397244
4 34 0.101624650805
4 35 0.242302973449
4 36 0.406728841240
4 37 0.090630809302
4 38 0.212495001719
4 39 0.260883859830
4 40 0.129324162321
4 41 0.026015675035
4 42 0.248752895256
4 43 0.770736785353
4 44 0.101028796873
4 45 0.563277274545
4 46 0.745268875920
4 47 0.118931845031
4 48 0.491036576673
4 49 0.801313637053
4 50 0.326706742641
4 51 0.797616963969
4 52 0.963846666234
4 53 0.535217696234
4 54 0.636678422768
4 55 0.455039760847
4 56 0.430938972181
4 57 0.886146274721
4 58 0.623146379977
4 59 0.672727794881
4 60 0.303900179812
4 61 0.607606347487
4 62 0.596803144948
4 63 0.659289616217
4 64 0.824762280297
4 65 0.430471484522
4 66 0.213642516637
4 67 0.868152290394
4 68 0.364501464470
4 69 0.053146475380
4 70 0.156458480274
4 71 0.230170799150
4 72 0.467752556033
4 73 0.573634086248
4 74 0.253083864232
4 75 0.961244602228
4 76 0.330895287451
4 77 0.329461229176
4 78 0.512529045071
4 79 0.205536752957
4 80 0.734371841827
4 81 0.037965481810
4 82 0.579336267847
4 83 0.199988834179
4 84 0.213322457788
4 85 0.123972719594
4 86 0.483966127926
4 87 0.096085062697
4 88 0.114316012292
4 89 0.371406503833
4 90 0.756396796466
4 91 0.689837228543
4 92 0.037281080311
4 93 0.827645648689
4 94 0.512690134368
4 95 0.771866477389
4 96 0.005196260233
4 97 0.273986460108
4 98 0.994464061639
4 99 0.801911670497
5 0 0.367665336419
5 1 0.344929872202
5 2 0.261790984032
5 3 0.621977402815
5 4 0.693278085091
5 5 0.141979711086
5 6 0.522379392669
5 7 0.592778199480
5 8 0.638171890566
5 9 0.531136418921
5 10 0.378792998144
5 11 0.680688278053
5 12 0.552280866575
5 13 0.404060351331
5 14 0.767975467600
5 15 0.414789608767
5 16 0.345232035619
5 17 0.660584867292
5 18 0.970913605814
5 19 0.654006912960
5 20 0.325062263239
5 21 0.632823796361
5 22 0.812212306326
5 23 0.148507250214
5 24 0.447663083585
5 25 0.629510652515
5 26 0.499669879449
5 27 0.050663263517
5 28 0.084197348150
5 29 0.497785922464
5 30 0.130961302676
5 31 0.941643978465
5 32 0.712558260594
5 33 0.355214142121
5 34 0.600425847001
5 35 0.201713534213
5 36 0.043113596377
5 37 0.966792582284
5 38 0.984341625182
5 39 0.902042537107
5 40 0.589893043904
5 41 0.139660623107
5 42 0.653081899780
5 43 0.278322414953
5 44 0.471758574216
5 45 0.250021575024
5 46 0.869591337627
5 47 0.146643696338
5 48 0.563192231298
5 49 0.116277301910
5 50 0.176397376298
5 51 0.559697106775
5 52 0.807472045767
5 53 0.452859112472
5 54 0.053589895551
5 55 0.102894499700
5 56 0.267639590459
5 57 0.976104043562
5 58 0.245213303469
5 59 0.666327394894
5 60 0.130823554663
5 61 0.385089673248
5 62 0.158651832322
5 63 0.038034590912
5 64 0.732263234509
5 65 0.668766535444
5 66 0.533995741541
5 67 0.095849618313
5 68 0.053457330033
5 69 0.747686790141
5 70 0.146446425275
5 71 0.625578349290
5 72 0.240338673739
5 73 0.061321636441
5 74 0.345739960100
5 75 0.766919819295
5 76 0.989181461929
5 77 0.262828492521
5 78 0.755309910327
5 79 0.286257449752
5 80 0.415596248196
5 81 0.635216345615
5 82 0.842095778598
5 83 0.708114090240
5 84 0.302808994320
5 85 0.152222133762
5 86 0.664710786386
5 87 0.128680868219
5 88 0.230801078007
5 89 0.287587176362
5 90 0.681901367851
5 91 0.429798783280
5 92 0.188462933402
5 93 0.196761538080
5 94 0.137785903328
5 95 0.169051723269
5 96 0.431044812411
5 97 0.674043095327
5 98 0.293524045461
5 99 0.754740026863
6 0 0.136133870406
6 1 0.114400758155
6 2 0.508908473872
6 3 0.666739421810
6 4 0.416341718145
6 5 0.214808472374
6 6 0.477158880273
6 7 0.327686601284
6 8 0.651659973828
6 9 0.964851534171
6 10 0.336080301258
6 11 0.738616430727
6 12 0.822096587968
6 13 0.702147399032
6 14 0.224399901757
6 15 0.640449796036
6 16 0.170702869134
6 17 0.785702634368
6 18 0.689414639838
6 19 0.855697706306
6 20 0.376321066872
6 21 0.792752538673
6 22 0.923543772751
6 23 0.064961678350
6 24 0.224082692387
6 25 0.746021033059
6 26 0.030925100517
6 27 0.465872468427
6 28 0.944814482350
6 29 0.256672626751
6 30 0.468879938303
6 31 0.386307976331
6 32 0.111260344073
6 33 0.683956733229
6 34 0.394097909287
6 35 0.310565877238
6 36 0.955544744468
6 37 0.540933545989
6 38 0.842101675473
6 39 0.198174115692
6 40 0.963829573647
6 41 0.165147582445
6 42 0.131433599782
6 43 0.767076833634
6 44 0.458018758028
6 45 0.750654534319
6 46 0.521586333547
6 47 0.586647905464
6 48 0.204140107905
6 49 0.016004097495
6 50 0.891425515302
6 51 0.457958597710
6 52 0.245133674064
6 53 0.838427443383
6 54 0.738153285185
6 55 0.375055613552
6 56 0.566913084062
6 57 0.815909974502
6 58 0.624039386578
6 59 0.445521976654
6 60 0.138603797096
6 61 0.732710338166
6 62 0.177729678158
6 63 0.473768775618
6 64 0.775978033704
6 65 0.919388422898
6 66 0.897425341861
6 67 0.728629691468
6 68 0.536115156434
6 69 0.893207014913
6 70 0.784887858060
6 71 0.519020957638
6 72 0.221900380175
6 73 0.982898468945
6 74 0.193275320876
6 75 0.092734662441
6 76 0.099404495300
6 77 0.404186006382
6 78 0.979802427825
6 79 0.843403473242
6 80 0.039875220220
6 81 0.588152769081
6 82 0.115475494699
6 83 0.747722834856
6 84 0.247413655910
6 85 0.239434418640
6 86 0.616280791121
6 87 0.090474559026
6 88 0.054594040591
6 89 0.208130831318
6 90 0.285346359502
6 91 0.491566599040
6 92 0.229160763738
6 93 0.040447614481
6 94 0.533927081397
6 95 0.157270489213
6 96 0.194103120481
6 97 0.510730019188
6 98 0.640966334784
6 99 0.144531712458
7 0 0.093736414307
7 1 0.016949949230
7 2 0.831740718319
7 3 0.733633769339
7 4 0.254096725548
7 5 0.506955703341
7 6 0.360409667311
7 7 0.350034106179
7 8 0.096923870970
7 9 0.710731113628
7 10 0.441048258561
7 11 0.662413747592
7 12 0.687333050922
7 13 0.868676984554
7 14 0.961226836338
7 15 0.110194544067
7 16 0.890657089953
7 17 0.824033615087
7 18 0.099748653817
7 19 0.224040354387
7 20 0.327820997636
7 21 0.047522282493
7 22 0.830751284538
7 23 0.105468695529
7 24 0.776640594122
7 25 0.991740037641
7 26 0.122004590279
7 27 0.698464569587
7 28 0.720706203795
7 29 0.927771405773
7 30 0.314975124869
7 31 0.299995303526
7 32 0.455134198197
7 33 0.889811460999
7 34 0.399921281970
7 35 0.451437725147
7 36 0.169988416181
7 37 0.616937543290
7 38 0.030071536039
7 39 0.842034398023
7 40 0.082377581070
7 41 0.470299853894
7 42 0.781676930519
7 43 0.236007413460
7 44 0.037669259677
7 45 0.799537779055
7 46 0.916343447604
7 47 0.205545530350
7 48 0.534810242990
7 49 0.243559285861
7 50 0.790346024261
7 51 0.423907759334
7 52 0.910389341011
7 53 0.326230927937
7 54 0.083799453527
7 55 0.080914867722
7 56 0.205820067666
7 57 0.864982586962
7 58 0.405202413010
7 59 0.846263243644
7 60 0.619623121756
7 61 0.737152658627
7 62 0.820060434133
7 63 0.350229936651
7 64 0.194764958121
7 65 0.729242454622
7 66 0.444428955747
7 67 0.395069864580
7 68 0.182252592439
7 69 0.382149807126
7 70 0.798679672298
7 71 0.533524478680
7 72 0.395291996127
7 73 0.610941171365
7 74 0.787769695336
7 75 0.103173779444
7 76 0.665867257680
7 77 0.386902467475
7 78 0.593673044187
7 79 0.143126290553
7 80 0.407828767554
7 81 0.178424965386
7 82 0.594220482715
7 83 0.331336398460
7 84 0.242413447298
7 85 0.397522105314
7 86 0.963231315935
7 87 0.237870355806
7 88 0.863879759712
7 89 0.220731871204
7 90 0.311072957153
7 91 0.298083954733
7 92 0.296222594593
7 93 0.854271483115
7 94 0.354088245183
7 95 0.448327062277
7 96 0.365403375803
7 97 0.620056818871
7 98 0.077771105630
7 99 0.629467537722
8 0 0.682259681817
8 1 0.722727852200
8 2 0.216255351656
8 3 0.033977979053
8 4 0.063918364621
8 5 0.730568193111
8 6 0.322699804922
8 7 0.500844484220
8 8 0.443128887491
8 9 0.532793229602
8 10 0.323735099525
8 11 0.120710489705
8 12 0.958119650027
8 13 0.648836594258
8 14 0.872633579025
8 15 0.462738243730
8 16 0.768279661767
8 17 0.679449955890
8 18 0.404646233717
8 19 0.879520519766
8 20 0.710532057734
8 21 0.335264639458
8 22 0.311954279082
8 23 0.035112980671
8 24 0.775062913756
8 25 0.665403403590
8 26 0.812208193493
8 27 0.622298307646
8 28 0.928673323741
8 29 0.127108070991
8 30 0.955578465896
8 31 0.088816514038
8 32 0.119713109344
8 33 0.165748726612
8 34 0.891468458448
8 35 0.766110945372
8 36 0.032486466424
8 37 0.294789697147
8 38 0.353223848183
8 39 0.525554403119
8 40 0.400362948170
8 41 0.082850380184
8 42 0.308995985691
8 43 0.075240035416
8 44 0.054168213518
8 45 0.722378242195
8 46 0.785671786117
8 47 0.208118374335
8 48 0.331730012915
8 49 0.464456445216
8 50 0.101571274178
8 51 0.113506053774
8 52 0.369950016623
8 53 0.588339719949
8 54 0.021792062531
8 55 0.071563917388
8 56 0.074734797863
8 57 0.242739218651
8 58 0.289575429144
8 59 0.786259998361
8 60 0.945321700554
8 61 0.466676329127
8 62 0.778521219829
8 63 0.604605144030
8 64 0.917412493849
8 65 0.629076336299
8 66 0.124799318806
8 67 0.791797324359
8 68 0.017699442410
8 69 0.663072619184
8 70 0.646626233763
8 71 0.635399026252
8 72 0.320526760616
8 73 0.991561546626
8 74 0.355450952636
8 75 0.968543245352
8 76 0.638235402593
8 77 0.423081575284
8 78 0.821024752378
8 79 0.348552537378
8 80 0.367218744846
8 81 0.613119807578
8 82 0.616361099658
8 83 0.308668157991
8 84 0.236345288510
8 85 0.636745824813
8 86 0.593040532862
8 87 0.875738977173
8 88 0.849604913907
8 89 0.916690048203
8 90 0.958545591892
8 91 0.665967831988
8 92 0.895339178123
8 93 0.006949129026
8 94 0.090034986033
8 95 0.317303068851
8 96 0.815354716933
8 97 0.143824579413
8 98 0.601165800811
8 99 0.538959191112
9 0 0.759552101118
9 1 0.463836849845
9 2 0.014307115774
9 3 0.785427146882
9 4 0.930049398710
9 5 0.369915969512
9 6 0.130418647109
9 7 0.258968465605
9 8 0.850529230943
9 9 0.109079944395
9 10 0.796830530390
9 11 0.484204131809
9 12 0.818751458945
9 13 0.583679016560
9 14 0.414627111244
9 15 0.978831216021
9 16 0.628761459820
9 17 0.222358823922
9 18 0.252007961350
9 19 0.236091454681
9 20 0.428883018337
9 21 0.365171405119
9 22 0.157595399726
9 23 0.681744677649
9 24 0.656400728430
9 25 0.689462976860
9 26 0.315702744471
9 27 0.439242605525
9 28 0.922299307624
9 29 0.541182562271
9 30 0.283129023578
9 31 0.125519429183
9 32 0.892021860984
9 33 0.800065478866
9 34 0.698504247072
9 35 0.928105937291
9 36 0.958530410288
9 37 0.603976615812
9 38 0.317396572861
9 39 0.818533288323
9 40 0.548368165076
9 41 0.217575815553
9 42 0.545038774423
9 43 0.680969404661
9 44 0.607315363951
9 45 0.957724394168
9 46 0.604896115723
9 47 0.453586844963
9 48 0.047455819476
9 49 0.019097769040
9 50 0.912717354387
9 51 0.100544057333
9 52 0.600858206210
9 53 0.712786276892
9 54 0.382354338822
9 55 0.479023571070
9 56 0.167269009996
9 57 0.047176590172
9 58 0.887282239077
9 59 0.291406150592
9 60 0.767582337576
9 61 0.564312942851
9 62 0.505980128419
9 63 0.231675381518
9 64 0.748579666808
9 65 0.365361654257
9 66 0.207419272979
9 67 0.191593919419
9 68 0.773373138972
9 69 0.687697540828
9 70 0.812775075270
9 71 0.204510410927
9 72 0.515235528181
9 73 0.996465797618
9 74 0.971404918222
9 75 0.946770337706
9 76 0.649042848404
9 77 0.231779314995
9 78 0.417851375364
9 79 0.010005971334
9 80 0.600964591203
9 81 0.175975794925
9 82 0.202400195568
9 83 0.520352463305
9 84 0.010406873346
9 85 0.749137617154
9 86 0.493560811352
9 87 0.265544872460
9 88 0.130340723081
9 89 0.956522632903
9 90 0.017027897047
9 91 0.869081072511
9 92 0.216593590893
9 93 0.884349581452
9 94 0.455917450173
9 95 0.030382813368
9 96 0.293054341212
9 97 0.351834286653
9 98 0.332862258387
9 99 0.699549192649
0 0 9
0 1 7
0 2 8
0 3 9
0 4 12
0 5 9
0 6 10
0 7 11
0 8 11
0 9 12
0 10 9
0 11 10
0 12 11
0 13 10
0 14 9
0 15 11
0 16 7
0 17 12
0 18 8
0 19 7
0 20 10
0 21 12
0 22 11
0 23 13
0 24 7
0 25 12
0 26 7
0 27 6
0 28 6
0 29 13
0 30 7
0 31 13
0 32 9
0 33 7
0 34 11
0 35 9
0 36 8
0 37 9
0 38 10
0 39 7
0 40 9
0 41 11
0 42 9
0 43 9
0 44 7
0 45 12
0 46 11
0 47 9
0 48 7
0 49 5
0 50 8
0 51 8
0 52 13
0 53 11
0 54 12
0 55 5
0 56 10
0 57 13
0 58 11
0 59 12
0 60 5
0 61 5
0 62 10
0 63 13
0 64 11
0 65 11
0 66 12
0 67 12
0 68 10
0 69 7
0 70 5
0 71 11
0 72 9
0 73 5
0 74 9
0 75 12
0 76 10
0 77 6
0 78 5
0 79 6
0 80 12
0 81 12
0 82 9
0 83 12
0 84 9
0 85 5
0 86 11
0 87 11
0 88 9
0 89 10
0 90 8
0 91 7
0 92 12
0 93 12
0 94 12
0 95 10
0 96 12
0 97 11
0 98 12
0 99 6
1 0 8
1 1 5
1 2 7
1 3 8
1 4 12
1 5 10
1 6 10
1 7 12
1 8 11
1 9 10
1 10 9
1 11 7
1 12 9
1 13 9
1 14 7
1 15 10
1 16 4
1 17 11
1 18 5
1 19 5
1 20 9
1 21 10
1 22 9
1 23 10
1 24 5
1 25 9
1 26 7
1 27 7
1 28 7
1 29 11
1 30 6
1 31 11
1 32 8
1 33 6
1 34 10
1 35 7
1 36 5
1 37 8
1 38 9
1 39 7
1 40 10
1 41 10
1 42 9
1 43 8
1 44 4
1 45 10
1 46 10
1 47 10
1 48 6
1 49 6
1 50 7
1 51 7
1 52 10
1 53 11
1 54 11
1 55 5
1 56 9
1 57 12
1 58 10
1 59 10
1 60 6
1 61 4
1 62 10
1 63 10
1 64 10
1 65 9
1 66 9
1 67 11
1 68 8
1 69 4
1 70 5
1 71 11
1 72 7
1 73 4
1 74 9
1 75 9
1 76 9
1 77 4
1 78 4
1 79 6
1 80 10
1 81 9
1 82 8
1 83 9
1 84 10
1 85 6
1 86 12
1 87 10
1 88 7
1 89 9
1 90 8
1 91 5
1 92 10
1 93 12
1 94 9
1 95 10
1 96 10
1 97 10
1 98 10
1 99 4
2 0 9
2 1 4
2 2 7
2 3 6
2 4 11
2 5 9
2 6 9
2 7 9
2 8 9
2 9 10
2 10 7
2 11 7
2 12 8
2 13 10
2 14 6
2 15 10
2 16 4
2 17 9
2 18 5
2 19 3
2 20 9
2 21 10
2 22 10
2 23 11
2 24 4
2 25 8
2 26 7
2 27 6
2 28 6
2 29 11
2 30 4
2 31 9
2 32 8
2 33 7
2 34 8
2 35 8
2 36 6
2 37 6
2 38 9
2 39 4
2 40 8
2 41 11
2 42 9
2 43 7
2 44 3
2 45 8
2 46 8
2 47 8
2 48 3
2 49 4
2 50 7
2 51 6
2 52 11
2 53 9
2 54 10
2 55 3
2 56 9
2 57 11
2 58 10
2 59 10
2 60 4
2 61 3
2 62 8
2 63 10
2 64 9
2 65 9
2 66 9
2 67 11
2 68 8
2 69 3
2 70 5
2 71 10
2 72 8
2 73 3
2 74 7
2 75 8
2 76 10
2 77 4
2 78 5
2 79 5
2 80 10
2 81 9
2 82 5
2 83 9
2 84 9
2 85 5
2 86 11
2 87 8
2 88 5
2 89 10
2 90 6
2 91 3
2 92 11
2 93 10
2 94 10
2 95 8
2 96 11
2 97 8
2 98 9
2 99 5
3 0 10
3 1 8
3 2 10
3 3 10
3 4 12
3 5 11
3 6 12
3 7 12
3 8 13
3 9 12
3 10 10
3 11 11
3 12 13
3 13 11
3 14 8
3 15 13
3 16 6
3 17 12
3 18 7
3 19 8
3 20 12
3 21 13
3 22 11
3 23 12
3 24 8
3 25 11
3 26 8
3 27 8
3 28 7
3 29 14
3 30 7
3 31 12
3 32 11
3 33 9
3 34 12
3 35 10
3 36 8
3 37 8
3 38 12
3 39 8
3 40 12
3 41 14
3 42 10
3 43 11
3 44 8
3 45 11
3 46 10
3 47 11
3 48 7
3 49 6
3 50 9
3 51 9
3 52 12
3 53 13
3 54 14
3 55 8
3 56 11
3 57 12
3 58 13
3 59 12
3 60 8
3 61 6
3 62 13
3 63 13
3 64 13
3 65 12
3 66 12
3 67 14
3 68 11
3 69 8
3 70 6
3 71 11
3 72 9
3 73 8
3 74 11
3 75 13
3 76 12
3 77 7
3 78 8
3 79 7
3 80 13
3 81 12
3 82 9
3 83 13
3 84 10
3 85 8
3 86 13
3 87 12
3 88 9
3 89 12
3 90 8
3 91 6
3 92 14
3 93 14
3 94 13
3 95 11
3 96 13
3 97 10
3 98 11
3 99 7
4 0 7
4 1 4
4 2 5
4 3 6
4 4 10
4 5 7
4 6 8
4 7 10
4 8 10
4 9 8
4 10 7
4 11 6
4 12 9
4 13 9
4 14 7
4 15 9
4 16 4
4 17 10
4 18 5
4 19 4
4 20 10
4 21 10
4 22 9
4 23 11
4 24 5
4 25 9
4 26 7
4 27 6
4 28 5
4 29 10
4 30 4
4 31 9
4 32 7
4 33 7
4 34 8
4 35 8
4 36 4
4 37 7
4 38 9
4 39 6
4 40 8
4 41 11
4 42 8
4 43 8
4 44 5
4 45 8
4 46 8
4 47 7
4 48 4
4 49 4
4 50 6
4 51 8
4 52 11
4 53 9
4 54 10
4 55 4
4 56 8
4 57 9
4 58 10
4 59 8
4 60 3
4 61 3
4 62 8
4 63 9
4 64 9
4 65 9
4 66 9
4 67 11
4 68 8
4 69 5
4 70 4
4 71 10
4 72 6
4 73 4
4 74 7
4 75 9
4 76 9
4 77 3
4 78 3
4 79 3
4 80 10
4 81 9
4 82 5
4 83 10
4 84 9
4 85 4
4 86 9
4 87 9
4 88 5
4 89 9
4 90 5
4 91 5
4 92 11
4 93 10
4 94 10
4 95 9
4 96 11
4 97 9
4 98 9
4 99 4
5 0 10
5 1 8
5 2 9
5 3 8
5 4 13
5 5 10
5 6 12
5 7 12
5 8 12
5 9 13
5 10 10
5 11 11
5 12 13
5 13 11
5 14 10
5 15 12
5 16 8
5 17 12
5 18 8
5 19 6
5 20 12
5 21 12
5 22 13
5 23 12
5 24 8
5 25 11
5 26 9
5 27 7
5 28 8
5 29 13
5 30 6
5 31 13
5 32 10
5 33 8
5 34 13
5 35 10
5 36 7
5 37 8
5 38 10
5 39 7
5 40 11
5 41 12
5 42 12
5 43 10
5 44 8
5 45 11
5 46 10
5 47 11
5 48 8
5 49 7
5 50 9
5 51 10
5 52 13
5 53 13
5 54 12
5 55 6
5 56 10
5 57 12
5 58 12
5 59 11
5 60 6
5 61 7
5 62 12
5 63 12
5 64 11
5 65 11
5 66 12
5 67 14
5 68 12
5 69 6
5 70 8
5 71 11
5 72 11
5 73 7
5 74 12
5 75 12
5 76 11
5 77 6
5 78 7
5 79 6
5 80 11
5 81 12
5 82 8
5 83 12
5 84 10
5 85 6
5 86 13
5 87 12
5 88 8
5 89 13
5 90 8
5 91 6
5 92 14
5 93 14
5 94 13
5 95 11
5 96 12
5 97 11
5 98 13
5 99 6
6 0 12
6 1 7
6 2 10
6 3 10
6 4 13
6 5 12
6 6 12
6 7 12
6 8 13
6 9 12
6 10 12
6 11 10
6 12 13
6 13 11
6 14 10
6 15 12
6 16 7
6 17 12
6 18 9
6 19 7
6 20 13
6 21 14
6 22 11
6 23 13
6 24 8
6 25 12
6 26 8
6 27 8
6 28 9
6 29 12
6 30 7
6 31 14
6 32 12
6 33 9
6 34 11
6 35 9
6 36 7
6 37 8
6 38 12
6 39 9
6 40 10
6 41 12
6 42 10
6 43 10
6 44 6
6 45 12
6 46 11
6 47 11
6 48 6
6 49 7
6 50 10
6 51 9
6 52 14
6 53 12
6 54 12
6 55 8
6 56 11
6 57 12
6 58 13
6 59 12
6 60 6
6 61 8
6 62 12
6 63 12
6 64 11
6 65 10
6 66 12
6 67 12
6 68 11
6 69 6
6 70 7
6 71 11
6 72 10
6 73 8
6 74 12
6 75 11
6 76 12
6 77 6
6 78 7
6 79 6
6 80 12
6 81 12
6 82 9
6 83 13
6 84 12
6 85 8
6 86 13
6 87 12
6 88 9
6 89 11
6 90 9
6 91 8
6 92 13
6 93 13
6 94 12
6 95 12
6 96 12
6 97 11
6 98 11
6 99 6
7 0 11
7 1 7
7 2 8
7 3 9
7 4 13
7 5 10
7 6 11
7 7 12
7 8 12
7 9 11
7 10 10
7 11 9
7 12 10
7 13 11
7 14 9
7 15 11
7 16 5
7 17 13
7 18 6
7 19 5
7 20 11
7 21 12
7 22 10
7 23 12
7 24 6
7 25 11
7 26 9
7 27 7
7 28 8
7 29 11
7 30 7
7 31 11
7 32 11
7 33 8
7 34 11
7 35 9
7 36 7
7 37 7
7 38 9
7 39 6
7 40 11
7 41 12
7 42 9
7 43 10
7 44 7
7 45 12
7 46 9
7 47 9
7 48 6
7 49 6
7 50 10
7 51 8
7 52 12
7 53 10
7 54 11
7 55 6
7 56 10
7 57 13
7 58 12
7 59 11
7 60 6
7 61 6
7 62 10
7 63 13
7 64 10
7 65 9
7 66 11
7 67 11
7 68 11
7 69 5
7 70 7
7 71 11
7 72 9
7 73 5
7 74 11
7 75 12
7 76 10
7 77 7
7 78 7
7 79 7
7 80 11
7 81 12
7 82 8
7 83 10
7 84 9
7 85 6
7 86 11
7 87 11
7 88 7
7 89 11
7 90 9
7 91 5
7 92 11
7 93 13
7 94 12
7 95 9
7 96 12
7 97 10
7 98 11
7 99 6
8 0 9
8 1 4
8 2 5
8 3 7
8 4 10
8 5 8
8 6 7
8 7 9
8 8 9
8 9 10
8 10 8
8 11 8
8 12 9
8 13 10
8 14 7
8 15 10
8 16 4
8 17 10
8 18 6
8 19 5
8 20 9
8 21 10
8 22 8
8 23 10
8 24 5
8 25 8
8 26 5
8 27 5
8 28 6
8 29 10
8 30 4
8 31 11
8 32 7
8 33 7
8 34 8
8 35 8
8 36 4
8 37 6
8 38 8
8 39 4
8 40 7
8 41 10
8 42 9
8 43 8
8 44 4
8 45 9
8 46 9
8 47 7
8 48 3
8 49 4
8 50 6
8 51 6
8 52 11
8 53 9
8 54 9
8 55 3
8 56 9
8 57 11
8 58 9
8 59 9
8 60 3
8 61 3
8 62 8
8 63 10
8 64 8
8 65 8
8 66 9
8 67 11
8 68 8
8 69 4
8 70 4
8 71 8
8 72 8
8 73 5
8 74 7
8 75 9
8 76 10
8 77 5
8 78 5
8 79 5
8 80 9
8 81 10
8 82 6
8 83 10
8 84 9
8 85 3
8 86 10
8 87 9
8 88 5
8 89 8
8 90 7
8 91 4
8 92 11
8 93 10
8 94 9
8 95 8
8 96 10
8 97 8
8 98 8
8 99 5
9 0 10
9 1 7
9 2 8
9 3 9
9 4 13
9 5 11
9 6 12
9 7 14
9 8 12
9 9 12
9 10 11
9 11 11
9 12 13
9 13 13
9 14 10
9 15 12
9 16 7
9 17 13
9 18 7
9 19 8
9 20 13
9 21 14
9 22 11
9 23 13
9 24 8
9 25 13
9 26 8
9 27 8
9 28 9
9 29 14
9 30 6
9 31 12
9 32 10
9 33 9
9 34 12
9 35 9
9 36 8
9 37 9
9 38 11
9 39 7
9 40 11
9 41 12
9 42 10
9 43 10
9 44 8
9 45 12
9 46 11
9 47 10
9 48 7
9 49 6
9 50 9
9 51 9
9 52 12
9 53 12
9 54 13
9 55 6
9 56 12
9 57 13
9 58 14
9 59 12
9 60 6
9 61 8
9 62 13
9 63 13
9 64 11
9 65 12
9 66 13
9 67 13
9 68 11
9 69 7
9 70 6
9 71 11
9 72 10
9 73 7
9 74 10
9 75 12
9 76 13
9 77 7
9 78 8
9 79 6
9 80 11
9 81 11
9 82 9
9 83 13
9 84 10
9 85 7
9 86 13
9 87 13
9 88 9
9 89 11
9 90 10
9 91 6
9 92 14
9 93 14
9 94 13
9 95 11
9 96 14
9 97 11
9 98 11
9 99 7
