10 100 10 7 10.0 3.0 1.0 95
9 25 3
9 5 9
3 144 8
1 30 8
9 118 3
5 88 8
9 68 5
2 131 8
6 112 3
6 44 7
1 46 5
2 16 6
3 27 8
8 23 9
4 37 9
6 124 6
9 60 8
2 33 3
7 189 3
8 170 3
4 50 8
6 162 3
0 40 3
7 184 7
4 108 3
5 40 3
8 89 9
6 132 9
3 32 7
3 126 7
0 32 3
4 8 9
3 87 7
2 104 8
5 174 8
5 121 3
1 82 8
0 22 8
5 4 8
8 19 3
1 78 9
6 38 8
9 72 9
8 77 7
8 35 4
2 16 6
6 54 9
8 121 9
7 171 7
7 171 5
0 17 5
3 96 3
3 58 6
3 54 7
6 114 8
5 117 9
5 128 6
7 56 7
9 152 6
1 76 3
8 44 9
4 118 9
7 24 9
0 67 6
2 1 9
0 87 7
2 67 8
4 48 9
9 65 9
7 28 3
7 210 5
6 166 4
8 47 8
4 50 5
2 47 8
4 38 7
0 15 8
1 66 7
2 123 9
0 75 7
9 182 8
0 21 7
4 155 4
5 154 7
7 63 9
1 96 3
1 49 4
3 10 6
6 118 9
5 176 6
1 79 9
0 15 7
3 33 3
7 48 9
5 72 8
1 10 8
2 23 3
4 35 3
8 135 6
9 208 8
0 0 0.095931751200
0 1 0.504535256268
0 2 0.684534567685
0 3 0.878992166267
0 4 0.391851216595
0 5 0.649247958574
0 6 0.324579478909
0 7 0.250244525911
0 8 0.954476401550
0 9 0.501723379620
0 10 0.003453750117
0 11 0.169066407359
0 12 0.664793531070
0 13 0.281154781316
0 14 0.691080596203
0 15 0.130660299561
0 16 0.238880287013
0 17 0.735287224617
0 18 0.872943546204
0 19 0.980008055527
0 20 0.074518229007
0 21 0.326284365320
0 22 0.728731827612
0 23 0.134001872287
0 24 0.560814527637
0 25 0.862553400612
0 26 0.664695452841
0 27 0.032614966077
0 28 0.784454513419
0 29 0.108885861038
0 30 0.477119561790
0 31 0.624092380904
0 32 0.004303136087
0 33 0.026086286617
0 34 0.101793729408
0 35 0.630514299110
0 36 0.802692495488
0 37 0.919705529469
0 38 0.367897155159
0 39 0.306348579917
0 40 0.676155872967
0 41 0.914104373321
0 42 0.030055858470
0 43 0.523336299366
0 44 0.856368642755
0 45 0.915209864701
0 46 0.489445985252
0 47 0.600836573032
0 48 0.560955272512
0 49 0.999490483874
0 50 0.265115026985
0 51 0.080494430366
0 52 0.726476514308
0 53 0.718535336326
0 54 0.757110764478
0 55 0.350497384902
0 56 0.800521031277
0 57 0.227128473688
0 58 0.410667365330
0 59 0.442915987302
0 60 0.796182247606
0 61 0.955082966642
0 62 0.332439607301
0 63 0.037974962614
0 64 0.329178663766
0 65 0.352318780621
0 66 0.306684016392
0 67 0.863117369738
0 68 0.362134108768
0 69 0.694698844369
0 70 0.958780373226
0 71 0.277581608201
0 72 0.537670073144
0 73 0.857716429959
0 74 0.780360016903
0 75 0.619045306095
0 76 0.067345435609
0 77 0.295753236069
0 78 0.581774647317
0 79 0.617475504597
0 80 0.052480534588
0 81 0.667090259143
0 82 0.816450864765
0 83 0.982151900117
0 84 0.145570594660
0 85 0.271254719842
0 86 0.056976558832
0 87 0.190753780892
0 88 0.252149160959
0 89 0.630458309645
0 90 0.876255554548
0 91 0.306090533973
0 92 0.723586366886
0 93 0.772464242571
0 94 0.356799194832
0 95 0.045871677145
0 96 0.418547266598
0 97 0.893599474929
0 98 0.378588786513
0 99 0.349854767252
1 0 0.032705147072
1 1 0.569570216187
1 2 0.983843552975
1 3 0.204779738871
1 4 0.911796096393
1 5 0.965690548150
1 6 0.414713705220
1 7 0.760405638449
1 8 0.231328600930
1 9 0.048570772432
1 10 0.801752615134
1 11 0.599105514591
1 12 0.899898253937
1 13 0.179491360277
1 14 0.673903232739
1 15 0.051952982273
1 16 0.815539654268
1 17 0.814533906004
1 18 0.095098384255
1 19 0.131232125313
1 20 0.847065887354
1 21 0.345807304372
1 22 0.381557169548
1 23 0.370736397115
1 24 0.558515753748
1 25 0.818624681778
1 26 0.836432985572
1 27 0.147466621471
1 28 0.095991836904
1 29 0.701358038489
1 30 0.366599941244
1 31 0.122762186453
1 32 0.707666058828
1 33 0.498773947057
1 34 0.202823465357
1 35 0.962113147229
1 36 0.242090658170
1 37 0.696330619138
1 38 0.096301278757
1 39 0.260523251669
1 40 0.443169977427
1 41 0.752656738175
1 42 0.457574203548
1 43 0.531799184437
1 44 0.794439430044
1 45 0.642516072950
1 46 0.606309603978
1 47 0.767101069865
1 48 0.546340137168
1 49 0.836877388367
1 50 0.776488049168
1 51 0.701426034195
1 52 0.229943883510
1 53 0.282869831787
1 54 0.344569446156
1 55 0.161399344490
1 56 0.445363473931
1 57 0.280077271581
1 58 0.956526486279
1 59 0.476735142899
1 60 0.436061873304
1 61 0.275380965432
1 62 0.687613882054
1 63 0.123233256064
1 64 0.180354415552
1 65 0.781296519108
1 66 0.727316197862
1 67 0.671291729214
1 68 0.084914269095
1 69 0.832208280580
1 70 0.518145767471
1 71 0.968674340948
1 72 0.600358106449
1 73 0.864684236757
1 74 0.415159754849
1 75 0.867243535109
1 76 0.131400878205
1 77 0.990022354928
1 78 0.624557057432
1 79 0.675811622005
1 80 0.913167642540
1 81 0.510998360207
1 82 0.631521137505
1 83 0.010288820101
1 84 0.441111854288
1 85 0.964964552712
1 86 0.726385320932
1 87 0.901339181999
1 88 0.735862715129
1 89 0.142281557980
1 90 0.142721954566
1 91 0.109521496188
1 92 0.339899623839
1 93 0.714243269922
1 94 0.973883098877
1 95 0.145404175509
1 96 0.619735802461
1 97 0.712268545785
1 98 0.863464087575
1 99 0.387901665495
2 0 0.082681367079
2 1 0.922588230189
2 2 0.993607573485
2 3 0.839245155426
2 4 0.210940828701
2 5 0.338509323068
2 6 0.236969578738
2 7 0.560040993338
2 8 0.112437797514
2 9 0.837992437286
2 10 0.949909908549
2 11 0.081641596901
2 12 0.764910936969
2 13 0.925157968388
2 14 0.255698941737
2 15 0.947723206849
2 16 0.655772161055
2 17 0.341644030999
2 18 0.022987947278
2 19 0.999419533545
2 20 0.194097437316
2 21 0.329481777676
2 22 0.227182706231
2 23 0.222781164295
2 24 0.026001663348
2 25 0.743408853307
2 26 0.118127706798
2 27 0.413780139729
2 28 0.831758908440
2 29 0.897606845069
2 30 0.804113975003
2 31 0.596933349770
2 32 0.467198373162
2 33 0.193883782730
2 34 0.991491888056
2 35 0.692016310799
2 36 0.367152191654
2 37 0.532088432049
2 38 0.252768596468
2 39 0.381800930022
2 40 0.372834955663
2 41 0.709094096178
2 42 0.733812203447
2 43 0.834848480466
2 44 0.948426342666
2 45 0.267754553619
2 46 0.259556067654
2 47 0.475084647578
2 48 0.013695807535
2 49 0.233822909601
2 50 0.234698484050
2 51 0.853386037167
2 52 0.434093835219
2 53 0.562641792876
2 54 0.230141754934
2 55 0.886792535536
2 56 0.633058087020
2 57 0.744291891275
2 58 0.923699451693
2 59 0.551210977893
2 60 0.276183513015
2 61 0.722285029547
2 62 0.451340672944
2 63 0.363311130840
2 64 0.303746454008
2 65 0.288420690887
2 66 0.632236852751
2 67 0.871184992129
2 68 0.847125104491
2 69 0.538923876534
2 70 0.681607769442
2 71 0.774522652194
2 72 0.338663787977
2 73 0.660088339071
2 74 0.053729540804
2 75 0.585319304810
2 76 0.686813717591
2 77 0.481644586840
2 78 0.310051922973
2 79 0.856726777912
2 80 0.451414716635
2 81 0.034817157053
2 82 0.402930113260
2 83 0.386370510063
2 84 0.171094346744
2 85 0.667969593717
2 86 0.019683364047
2 87 0.138414808144
2 88 0.505348064665
2 89 0.384303115622
2 90 0.289984279696
2 91 0.353661964996
2 92 0.323910489845
2 93 0.475712984984
2 94 0.168709268992
2 95 0.493478194300
2 96 0.912164672566
2 97 0.919084112921
2 98 0.539136478260
2 99 0.999616274235
3 0 0.330121468941
3 1 0.750669475897
3 2 0.510380140144
3 3 0.646887898943
3 4 0.008825397921
3 5 0.351604968359
3 6 0.762307232076
3 7 0.277081282652
3 8 0.178241084708
3 9 0.414972268939
3 10 0.196486959839
3 11 0.123132901553
3 12 0.739367617448
3 13 0.669093466265
3 14 0.830378380698
3 15 0.907038616933
3 16 0.598208282043
3 17 0.134528206988
3 18 0.878761219607
3 19 0.709225280402
3 20 0.732951746398
3 21 0.982677522914
3 22 0.083185911765
3 23 0.956840896026
3 24 0.729989040993
3 25 0.455920424020
3 26 0.076258920282
3 27 0.677398261962
3 28 0.618117456105
3 29 0.613540890716
3 30 0.760755742808
3 31 0.102215431208
3 32 0.016870619716
3 33 0.924161140609
3 34 0.689657795619
3 35 0.197452771393
3 36 0.131818931457
3 37 0.592797111590
3 38 0.273786231148
3 39 0.899661777469
3 40 0.051648653148
3 41 0.793035841606
3 42 0.902909626895
3 43 0.168295076293
3 44 0.457284109344
3 45 0.852576932871
3 46 0.463536394112
3 47 0.634251988794
3 48 0.217045979392
3 49 0.064180638701
3 50 0.823221940543
3 51 0.588475537978
3 52 0.611978424459
3 53 0.051163633948
3 54 0.707127556988
3 55 0.835268865447
3 56 0.219997080085
3 57 0.268147260204
3 58 0.327365361658
3 59 0.710373749514
3 60 0.057970702101
3 61 0.073300927420
3 62 0.868139242256
3 63 0.641636510760
3 64 0.894077451908
3 65 0.436602804277
3 66 0.936875909769
3 67 0.093815507318
3 68 0.883620473032
3 69 0.388070585438
3 70 0.448064647629
3 71 0.958312279975
3 72 0.294368811733
3 73 0.070606230532
3 74 0.213608341425
3 75 0.126264832267
3 76 0.570845005019
3 77 0.801960269160
3 78 0.055104724542
3 79 0.812593450464
3 80 0.307876304366
3 81 0.631777524441
3 82 0.457116309520
3 83 0.305509664542
3 84 0.634713401323
3 85 0.329295782801
3 86 0.306244614042
3 87 0.397746638090
3 88 0.269257080946
3 89 0.134051812267
3 90 0.287822062805
3 91 0.911554131258
3 92 0.902471649229
3 93 0.695870694092
3 94 0.326899044075
3 95 0.215610059206
3 96 0.318987451844
3 97 0.060839070350
3 98 0.608557520065
3 99 0.731265889727
4 0 0.920783449409
4 1 0.358298592202
4 2 0.283103998129
4 3 0.700895125805
4 4 0.416821365130
4 5 0.195760625897
4 6 0.080347574483
4 7 0.548324358093
4 8 0.834976248645
4 9 0.890098434248
4 10 0.681055499402
4 11 0.691731222161
4 12 0.282735234950
4 13 0.051966879951
4 14 0.404872583404
4 15 0.685238389359
4 16 0.851394559244
4 17 0.280939125002
4 18 0.140907933814
4 19 0.475010384773
4 20 0.594270018993
4 21 0.808828482448
4 22 0.238856743150
4 23 0.357319030373
4 24 0.905385201405
4 25 0.441832884958
4 26 0.982883603852
4 27 0.685235050256
4 28 0.817568730013
4 29 0.298951136441
4 30 0.983172864499
4 31 0.272632308896
4 32 0.586436065104
4 33 0.042252505174
4 34 0.948333443658
4 35 0.450255949338
4 36 0.420748259825
4 37 0.105852819751
4 38 0.493697066773
4 39 0.872828227243
4 40 0.628596927251
4 41 0.834404974591
4 42 0.394534137007
4 43 0.357905675429
4 44 0.660660278976
4 45 0.791795617385
4 46 0.368585249390
4 47 0.548278396711
4 48 0.373758607815
4 49 0.885468451971
4 50 0.733766496919
4 51 0.518654593235
4 52 0.898782665916
4 53 0.861792145430
4 54 0.795161138757
4 55 0.683628752678
4 56 0.134281051215
4 57 0.340699472251
4 58 0.962954474665
4 59 0.846558350925
4 60 0.716255875665
4 61 0.931074452946
4 62 0.781395094751
4 63 0.077156685987
4 64 0.373274607312
4 65 0.833115763948
4 66 0.893991027787
4 67 0.175048017529
4 68 0.026767170490
4 69 0.830634524188
4 70 0.195265914319
4 71 0.548545146768
4 72 0.546542294030
4 73 0.903621550021
4 74 0.103122165334
4 75 0.384456015878
4 76 0.698465388181
4 77 0.619002365493
4 78 0.642684835582
4 79 0.609085191775
4 80 0.400375475424
4 81 0.488531822563
4 82 0.569818700664
4 83 0.384441390372
4 84 0.344122588721
4 85 0.815447702210
4 86 0.502279948318
4 87 0.724694511603
4 88 0.981913413005
4 89 0.060240775197
4 90 0.389052150276
4 91 0.872621293712
4 92 0.967669633768
4 93 0.932405367353
4 94 0.505819144939
4 95 0.971474150801
4 96 0.036010701022
4 97 0.235418869974
4 98 0.110977486718
4 99 0.571535982717
5 0 0.600201104103
5 1 0.626528178145
5 2 0.050597609814
5 3 0.622169627093
5 4 0.948932979752
5 5 0.839021344901
5 6 0.228682175269
5 7 0.482566286025
5 8 0.306323271648
5 9 0.485126067547
5 10 0.732928366741
5 11 0.563974763981
5 12 0.252259852717
5 13 0.989612802964
5 14 0.429719945489
5 15 0.100528794406
5 16 0.545034012414
5 17 0.064929054867
5 18 0.903943014757
5 19 0.712912903995
5 20 0.641126249028
5 21 0.040460725157
5 22 0.588179337255
5 23 0.987019389235
5 24 0.952244633991
5 25 0.816942334922
5 26 0.636477559366
5 27 0.625946414674
5 28 0.377599774117
5 29 0.785802586596
5 30 0.430045162684
5 31 0.651331423301
5 32 0.343129171604
5 33 0.186766978883
5 34 0.940060370025
5 35 0.601997974585
5 36 0.018810112451
5 37 0.404370257459
5 38 0.610433284996
5 39 0.494335688164
5 40 0.381995389273
5 41 0.411646089484
5 42 0.392027972602
5 43 0.761920568333
5 44 0.098142918918
5 45 0.484019068310
5 46 0.038477535317
5 47 0.785029718603
5 48 0.584582315702
5 49 0.640902135434
5 50 0.658584168263
5 51 0.066836318684
5 52 0.457561854134
5 53 0.475457890407
5 54 0.016936383799
5 55 0.314834776260
5 56 0.624145464041
5 57 0.866870640328
5 58 0.956113141174
5 59 0.905007824426
5 60 0.235485376646
5 61 0.646197760088
5 62 0.651463060237
5 63 0.744592118351
5 64 0.608137669006
5 65 0.620544016834
5 66 0.379649608388
5 67 0.248029420923
5 68 0.019692953448
5 69 0.338274134125
5 70 0.802301934717
5 71 0.452430026679
5 72 0.047329905007
5 73 0.228795151783
5 74 0.241978003837
5 75 0.018762465525
5 76 0.081500160708
5 77 0.127312596206
5 78 0.205642541008
5 79 0.575685981842
5 80 0.948170645934
5 81 0.711656554929
5 82 0.504090949644
5 83 0.084790550990
5 84 0.475605784133
5 85 0.483410704351
5 86 0.853634085540
5 87 0.096369305452
5 88 0.078490193097
5 89 0.450479350178
5 90 0.714414301100
5 91 0.184371491781
5 92 0.525657175903
5 93 0.038458390161
5 94 0.576096738717
5 95 0.188967250724
5 96 0.444780528839
5 97 0.964779139891
5 98 0.494881222483
5 99 0.933120387008
6 0 0.008801954980
6 1 0.562782322028
6 2 0.520215412337
6 3 0.518940912118
6 4 0.622139137064
6 5 0.765764022730
6 6 0.902082361257
6 7 0.084146285765
6 8 0.628450860580
6 9 0.244524684132
6 10 0.863259805517
6 11 0.665063989701
6 12 0.116984686794
6 13 0.227816080944
6 14 0.892890571974
6 15 0.879077492656
6 16 0.611892449370
6 17 0.807413693063
6 18 0.559341166074
6 19 0.177076616710
6 20 0.474479666316
6 21 0.373054529396
6 22 0.929633269160
6 23 0.559540103172
6 24 0.439837938212
6 25 0.527399671259
6 26 0.241397690749
6 27 0.275861967194
6 28 0.195819686317
6 29 0.273587898690
6 30 0.783821702884
6 31 0.029716583285
6 32 0.031192084549
6 33 0.238693636171
6 34 0.242953659509
6 35 0.656931391073
6 36 0.124873805951
6 37 0.471325367810
6 38 0.780844508198
6 39 0.376750216616
6 40 0.618415443287
6 41 0.735064852716
6 42 0.890069693829
6 43 0.165002196793
6 44 0.580233274884
6 45 0.472373427221
6 46 0.417739867105
6 47 0.614754475660
6 48 0.635351029577
6 49 0.213640765542
6 50 0.568960708998
6 51 0.182164463932
6 52 0.406113740945
6 53 0.599010060763
6 54 0.990180665742
6 55 0.672338877376
6 56 0.715239753852
6 57 0.163504364066
6 58 0.962637357093
6 59 0.066621935921
6 60 0.242563356522
6 61 0.351844521274
6 62 0.958918815230
6 63 0.849617249812
6 64 0.299509784368
6 65 0.149868043667
6 66 0.127101347820
6 67 0.460487195962
6 68 0.199437228945
6 69 0.270116588113
6 70 0.137889304501
6 71 0.055977188749
6 72 0.816635831607
6 73 0.374974266626
6 74 0.037020636331
6 75 0.369040539846
6 76 0.747397026731
6 77 0.160667088214
6 78 0.912783617639
6 79 0.114541371763
6 80 0.337505830773
6 81 0.125460123618
6 82 0.632837446449
6 83 0.766465622627
6 84 0.599911634157
6 85 0.836533868611
6 86 0.993499755477
6 87 0.829455597545
6 88 0.677900282402
6 89 0.515113587815
6 90 0.255358043750
6 91 0.104687090008
6 92 0.006897799103
6 93 0.596762633194
6 94 0.919466330559
6 95 0.146926376531
6 96 0.656622590328
6 97 0.685601339332
6 98 0.014076446603
6 99 0.955897882106
7 0 0.852620393831
7 1 0.894276815260
7 2 0.755962552623
7 3 0.719743503021
7 4 0.794867765547
7 5 0.365737186918
7 6 0.858313021426
7 7 0.480949386166
7 8 0.441089952668
7 9 0.342495902065
7 10 0.302788872868
7 11 0.009516569391
7 12 0.728089936623
7 13 0.635278363108
7 14 0.385223170318
7 15 0.827647861578
7 16 0.730504916286
7 17 0.479216173409
7 18 0.170229211093
7 19 0.526105399032
7 20 0.868278739153
7 21 0.418862295798
7 22 0.665824303618
7 23 0.188759143677
7 24 0.968722394175
7 25 0.250218209692
7 26 0.259357366870
7 27 0.345659470488
7 28 0.190339853308
7 29 0.494960487553
7 30 0.191360907518
7 31 0.975949613689
7 32 0.888305784189
7 33 0.153843260362
7 34 0.270045700259
7 35 0.274956453202
7 36 0.802826466653
7 37 0.946404297173
7 38 0.659485268073
7 39 0.580534008873
7 40 0.956947190208
7 41 0.837739253716
7 42 0.447545153351
7 43 0.838248283831
7 44 0.383080922164
7 45 0.551379022098
7 46 0.774438755922
7 47 0.965754463281
7 48 0.351462227740
7 49 0.921942127986
7 50 0.991693388484
7 51 0.213504572843
7 52 0.749579615687
7 53 0.741220040406
7 54 0.793492707738
7 55 0.037694177193
7 56 0.581537117726
7 57 0.334502643777
7 58 0.495862563667
7 59 0.816841024316
7 60 0.390213074774
7 61 0.804454128957
7 62 0.038062944838
7 63 0.477617674199
7 64 0.656553059602
7 65 0.774070415259
7 66 0.687105714525
7 67 0.202717662718
7 68 0.748408536565
7 69 0.458906211605
7 70 0.011776049701
7 71 0.473940479923
7 72 0.921506272980
7 73 0.919137829268
7 74 0.231740170750
7 75 0.563433874580
7 76 0.886885913434
7 77 0.717766737501
7 78 0.095666651595
7 79 0.468578560948
7 80 0.187319066206
7 81 0.738920396914
7 82 0.614691577629
7 83 0.233422985646
7 84 0.355397389912
7 85 0.591201242866
7 86 0.591141423862
7 87 0.643646046998
7 88 0.318058701779
7 89 0.856513005095
7 90 0.661497836664
7 91 0.120074471150
7 92 0.479925315254
7 93 0.733829818211
7 94 0.346375865666
7 95 0.082183506532
7 96 0.836256385801
7 97 0.989543879034
7 98 0.565842231640
7 99 0.132860120589
8 0 0.997833133299
8 1 0.471243413254
8 2 0.988271190485
8 3 0.801563163945
8 4 0.704914038740
8 5 0.193397177825
8 6 0.095592363157
8 7 0.075259790339
8 8 0.221117829288
8 9 0.602697586316
8 10 0.758154647936
8 11 0.666874411750
8 12 0.385913548135
8 13 0.500165157234
8 14 0.624135526944
8 15 0.410716666874
8 16 0.939553565887
8 17 0.332033815556
8 18 0.444997358961
8 19 0.781280243985
8 20 0.817306556803
8 21 0.947971946028
8 22 0.305685478143
8 23 0.715607388780
8 24 0.117794041888
8 25 0.828520084627
8 26 0.257232845527
8 27 0.719977447724
8 28 0.286400305685
8 29 0.311287744147
8 30 0.272954493062
8 31 0.574941973538
8 32 0.094577328607
8 33 0.663429854334
8 34 0.727942265926
8 35 0.775559668839
8 36 0.740861761208
8 37 0.154853417386
8 38 0.401415463162
8 39 0.485706548310
8 40 0.948572856723
8 41 0.024418643202
8 42 0.353460146354
8 43 0.135899218385
8 44 0.278077746488
8 45 0.455386527012
8 46 0.759518323923
8 47 0.159214649960
8 48 0.124626424818
8 49 0.485478021465
8 50 0.614261673418
8 51 0.995731079188
8 52 0.740295025421
8 53 0.997473505410
8 54 0.130209751626
8 55 0.427526692879
8 56 0.832350642395
8 57 0.985131274060
8 58 0.820899999049
8 59 0.968119473820
8 60 0.390166583837
8 61 0.880149347736
8 62 0.376491412137
8 63 0.775066665023
8 64 0.787797698119
8 65 0.702497486794
8 66 0.101174100491
8 67 0.715539834531
8 68 0.568019888822
8 69 0.347492354715
8 70 0.572536092726
8 71 0.344746807345
8 72 0.603916428604
8 73 0.334686785299
8 74 0.058899034775
8 75 0.856942363201
8 76 0.475479863703
8 77 0.181771313788
8 78 0.164232970789
8 79 0.898884524202
8 80 0.238550492731
8 81 0.912906435522
8 82 0.789704231505
8 83 0.598781568576
8 84 0.163651150824
8 85 0.122977993296
8 86 0.627978219373
8 87 0.079745454845
8 88 0.038457207149
8 89 0.350788655858
8 90 0.064988155207
8 91 0.442343346201
8 92 0.451584760905
8 93 0.593856122310
8 94 0.809896944751
8 95 0.722060884438
8 96 0.240011537116
8 97 0.013978122874
8 98 0.346291988039
8 99 0.036004980558
9 0 0.092843556957
9 1 0.394676108624
9 2 0.232901696583
9 3 0.041822426371
9 4 0.374898239960
9 5 0.437809063794
9 6 0.016426571008
9 7 0.941305907461
9 8 0.627115201648
9 9 0.764768224485
9 10 0.832194314183
9 11 0.379975908410
9 12 0.806284967456
9 13 0.087613435550
9 14 0.792973986121
9 15 0.155336250171
9 16 0.905282263233
9 17 0.897015556104
9 18 0.985222019712
9 19 0.145594319390
9 20 0.224525316583
9 21 0.891778442902
9 22 0.839489560610
9 23 0.346502834696
9 24 0.040251949238
9 25 0.323654668774
9 26 0.701776157527
9 27 0.806217345263
9 28 0.191867741259
9 29 0.968344140431
9 30 0.859490131239
9 31 0.972903927044
9 32 0.137044849796
9 33 0.626797372347
9 34 0.148132078231
9 35 0.647332291762
9 36 0.346314540279
9 37 0.620158328653
9 38 0.554396103572
9 39 0.578099771950
9 40 0.879785182181
9 41 0.971391728325
9 42 0.209993111804
9 43 0.121543037607
9 44 0.839887898848
9 45 0.774659005294
9 46 0.884941733550
9 47 0.785964889153
9 48 0.304947977805
9 49 0.201259192623
9 50 0.112091758676
9 51 0.245267187534
9 52 0.183576588231
9 53 0.418867721918
9 54 0.820397330491
9 55 0.127321472647
9 56 0.421617986408
9 57 0.975839817104
9 58 0.172164479772
9 59 0.551396786033
9 60 0.501418735990
9 61 0.969254426926
9 62 0.887475553039
9 63 0.953948464322
9 64 0.778438642062
9 65 0.159856460789
9 66 0.424256303968
9 67 0.554203026403
9 68 0.799875132544
9 69 0.041405749866
9 70 0.669659930814
9 71 0.703272329925
9 72 0.740396932668
9 73 0.360183672499
9 74 0.479921904894
9 75 0.519200562921
9 76 0.183399323191
9 77 0.552000868522
9 78 0.534152301490
9 79 0.192960774452
9 80 0.967520390046
9 81 0.102220052451
9 82 0.633762862068
9 83 0.622495406538
9 84 0.395811094679
9 85 0.907433897304
9 86 0.611972633024
9 87 0.633261548551
9 88 0.980043689847
9 89 0.362024757011
9 90 0.795429220276
9 91 0.731101962760
9 92 0.636997614630
9 93 0.288582697115
9 94 0.108999669602
9 95 0.022621869269
9 96 0.229121778005
9 97 0.864172682266
9 98 0.923328161233
9 99 0.790517616667
0 0 5
0 1 10
0 2 9
0 3 10
0 4 5
0 5 10
0 6 7
0 7 8
0 8 5
0 9 9
0 10 6
0 11 8
0 12 10
0 13 10
0 14 9
0 15 8
0 16 10
0 17 5
0 18 4
0 19 4
0 20 8
0 21 4
0 22 4
0 23 7
0 24 4
0 25 5
0 26 11
0 27 9
0 28 8
0 29 7
0 30 5
0 31 9
0 32 7
0 33 8
0 34 8
0 35 3
0 36 8
0 37 10
0 38 10
0 39 4
0 40 10
0 41 9
0 42 9
0 43 9
0 44 5
0 45 6
0 46 11
0 47 9
0 48 7
0 49 7
0 50 7
0 51 4
0 52 7
0 53 7
0 54 8
0 55 11
0 56 7
0 57 9
0 58 7
0 59 5
0 60 11
0 61 11
0 62 11
0 63 8
0 64 11
0 65 8
0 66 10
0 67 9
0 68 9
0 69 5
0 70 7
0 71 4
0 72 10
0 73 5
0 74 9
0 75 9
0 76 9
0 77 8
0 78 10
0 79 7
0 80 9
0 81 8
0 82 4
0 83 7
0 84 11
0 85 5
0 86 5
0 87 6
0 88 9
0 89 6
0 90 9
0 91 9
0 92 5
0 93 9
0 94 8
0 95 9
0 96 4
0 97 3
0 98 6
0 99 10
1 0 8
1 1 14
1 2 13
1 3 13
1 4 8
1 5 13
1 6 10
1 7 12
1 8 7
1 9 11
1 10 10
1 11 10
1 12 13
1 13 12
1 14 14
1 15 11
1 16 12
1 17 6
1 18 8
1 19 7
1 20 13
1 21 7
1 22 7
1 23 10
1 24 7
1 25 8
1 26 13
1 27 13
1 28 11
1 29 11
1 30 6
1 31 12
1 32 12
1 33 12
1 34 13
1 35 6
1 36 11
1 37 11
1 38 12
1 39 8
1 40 14
1 41 12
1 42 14
1 43 10
1 44 9
1 45 9
1 46 14
1 47 14
1 48 10
1 49 10
1 50 8
1 51 6
1 52 9
1 53 10
1 54 13
1 55 14
1 56 9
1 57 11
1 58 10
1 59 6
1 60 14
1 61 13
1 62 13
1 63 11
1 64 14
1 65 10
1 66 12
1 67 13
1 68 14
1 69 6
1 70 8
1 71 8
1 72 13
1 73 9
1 74 11
1 75 12
1 76 11
1 77 11
1 78 12
1 79 10
1 80 11
1 81 12
1 82 9
1 83 11
1 84 12
1 85 6
1 86 9
1 87 10
1 88 14
1 89 9
1 90 13
1 91 12
1 92 6
1 93 14
1 94 12
1 95 13
1 96 7
1 97 6
1 98 10
1 99 11
2 0 6
2 1 12
2 2 11
2 3 12
2 4 6
2 5 11
2 6 8
2 7 12
2 8 6
2 9 9
2 10 9
2 11 10
2 12 11
2 13 11
2 14 13
2 15 10
2 16 10
2 17 6
2 18 6
2 19 5
2 20 12
2 21 7
2 22 6
2 23 11
2 24 5
2 25 6
2 26 11
2 27 13
2 28 10
2 29 11
2 30 5
2 31 11
2 32 11
2 33 10
2 34 10
2 35 7
2 36 10
2 37 11
2 38 12
2 39 6
2 40 13
2 41 10
2 42 11
2 43 10
2 44 7
2 45 10
2 46 11
2 47 13
2 48 11
2 49 8
2 50 7
2 51 6
2 52 10
2 53 10
2 54 10
2 55 11
2 56 8
2 57 9
2 58 10
2 59 5
2 60 12
2 61 12
2 62 11
2 63 8
2 64 11
2 65 9
2 66 11
2 67 13
2 68 12
2 69 7
2 70 7
2 71 6
2 72 11
2 73 7
2 74 11
2 75 10
2 76 11
2 77 11
2 78 11
2 79 10
2 80 11
2 81 11
2 82 6
2 83 9
2 84 11
2 85 5
2 86 6
2 87 10
2 88 13
2 89 9
2 90 12
2 91 11
2 92 6
2 93 11
2 94 12
2 95 10
2 96 7
2 97 5
2 98 10
2 99 12
3 0 8
3 1 12
3 2 11
3 3 12
3 4 6
3 5 12
3 6 9
3 7 11
3 8 6
3 9 10
3 10 10
3 11 10
3 12 11
3 13 13
3 14 13
3 15 10
3 16 11
3 17 8
3 18 8
3 19 7
3 20 13
3 21 8
3 22 6
3 23 11
3 24 6
3 25 6
3 26 12
3 27 12
3 28 12
3 29 12
3 30 6
3 31 12
3 32 11
3 33 13
3 34 12
3 35 6
3 36 11
3 37 12
3 38 11
3 39 6
3 40 13
3 41 12
3 42 14
3 43 11
3 44 7
3 45 10
3 46 14
3 47 14
3 48 11
3 49 8
3 50 10
3 51 6
3 52 9
3 53 12
3 54 11
3 55 13
3 56 10
3 57 10
3 58 10
3 59 8
3 60 13
3 61 14
3 62 12
3 63 9
3 64 14
3 65 12
3 66 11
3 67 14
3 68 13
3 69 6
3 70 8
3 71 9
3 72 13
3 73 9
3 74 13
3 75 11
3 76 13
3 77 12
3 78 12
3 79 10
3 80 12
3 81 12
3 82 7
3 83 12
3 84 12
3 85 8
3 86 9
3 87 11
3 88 13
3 89 10
3 90 12
3 91 10
3 92 8
3 93 13
3 94 11
3 95 11
3 96 6
3 97 6
3 98 11
3 99 12
4 0 7
4 1 11
4 2 11
4 3 11
4 4 5
4 5 10
4 6 8
4 7 12
4 8 6
4 9 9
4 10 8
4 11 10
4 12 11
4 13 12
4 14 13
4 15 8
4 16 11
4 17 5
4 18 5
4 19 6
4 20 11
4 21 5
4 22 7
4 23 9
4 24 5
4 25 5
4 26 11
4 27 11
4 28 9
4 29 11
4 30 6
4 31 11
4 32 9
4 33 10
4 34 10
4 35 7
4 36 11
4 37 12
4 38 10
4 39 5
4 40 13
4 41 10
4 42 11
4 43 9
4 44 8
4 45 8
4 46 13
4 47 12
4 48 9
4 49 8
4 50 9
4 51 5
4 52 8
4 53 9
4 54 12
4 55 12
4 56 10
4 57 9
4 58 8
4 59 7
4 60 12
4 61 12
4 62 13
4 63 8
4 64 13
4 65 9
4 66 12
4 67 12
4 68 13
4 69 6
4 70 8
4 71 6
4 72 10
4 73 9
4 74 10
4 75 10
4 76 12
4 77 10
4 78 11
4 79 9
4 80 12
4 81 10
4 82 6
4 83 9
4 84 13
4 85 6
4 86 7
4 87 8
4 88 11
4 89 9
4 90 13
4 91 11
4 92 6
4 93 11
4 94 10
4 95 12
4 96 7
4 97 7
4 98 9
4 99 11
5 0 3
5 1 10
5 2 9
5 3 10
5 4 3
5 5 10
5 6 5
5 7 10
5 8 5
5 9 7
5 10 6
5 11 7
5 12 10
5 13 9
5 14 11
5 15 8
5 16 10
5 17 5
5 18 4
5 19 3
5 20 9
5 21 4
5 22 4
5 23 9
5 24 4
5 25 5
5 26 10
5 27 9
5 28 8
5 29 7
5 30 4
5 31 11
5 32 9
5 33 8
5 34 9
5 35 3
5 36 9
5 37 8
5 38 8
5 39 3
5 40 11
5 41 9
5 42 9
5 43 8
5 44 5
5 45 8
5 46 10
5 47 9
5 48 7
5 49 6
5 50 6
5 51 4
5 52 7
5 53 7
5 54 9
5 55 10
5 56 8
5 57 8
5 58 7
5 59 4
5 60 9
5 61 9
5 62 11
5 63 8
5 64 10
5 65 7
5 66 8
5 67 9
5 68 11
5 69 4
5 70 5
5 71 4
5 72 9
5 73 6
5 74 9
5 75 7
5 76 8
5 77 9
5 78 9
5 79 7
5 80 9
5 81 7
5 82 6
5 83 8
5 84 10
5 85 3
5 86 6
5 87 6
5 88 9
5 89 7
5 90 9
5 91 7
5 92 4
5 93 10
5 94 10
5 95 10
5 96 5
5 97 5
5 98 7
5 99 8
6 0 4
6 1 12
6 2 10
6 3 10
6 4 5
6 5 10
6 6 6
6 7 9
6 8 6
6 9 9
6 10 7
6 11 8
6 12 11
6 13 12
6 14 11
6 15 7
6 16 9
6 17 6
6 18 6
6 19 4
6 20 9
6 21 5
6 22 5
6 23 9
6 24 6
6 25 5
6 26 11
6 27 12
6 28 10
6 29 9
6 30 4
6 31 12
6 32 8
6 33 9
6 34 9
6 35 4
6 36 9
6 37 9
6 38 10
6 39 5
6 40 12
6 41 11
6 42 12
6 43 9
6 44 6
6 45 7
6 46 11
6 47 12
6 48 10
6 49 8
6 50 8
6 51 6
6 52 8
6 53 8
6 54 9
6 55 12
6 56 7
6 57 10
6 58 7
6 59 5
6 60 12
6 61 12
6 62 10
6 63 8
6 64 10
6 65 10
6 66 11
6 67 12
6 68 10
6 69 5
6 70 6
6 71 6
6 72 10
6 73 7
6 74 10
6 75 8
6 76 10
6 77 9
6 78 10
6 79 8
6 80 9
6 81 8
6 82 7
6 83 10
6 84 10
6 85 4
6 86 7
6 87 8
6 88 10
6 89 8
6 90 12
6 91 9
6 92 6
6 93 11
6 94 10
6 95 10
6 96 6
6 97 6
6 98 9
6 99 11
7 0 6
7 1 13
7 2 11
7 3 13
7 4 6
7 5 12
7 6 8
7 7 12
7 8 6
7 9 12
7 10 8
7 11 10
7 12 12
7 13 12
7 14 14
7 15 10
7 16 13
7 17 6
7 18 8
7 19 6
7 20 12
7 21 7
7 22 6
7 23 12
7 24 6
7 25 6
7 26 13
7 27 14
7 28 12
7 29 11
7 30 6
7 31 14
7 32 11
7 33 11
7 34 12
7 35 7
7 36 11
7 37 11
7 38 12
7 39 6
7 40 12
7 41 13
7 42 14
7 43 12
7 44 7
7 45 9
7 46 13
7 47 12
7 48 10
7 49 8
7 50 8
7 51 6
7 52 11
7 53 12
7 54 12
7 55 12
7 56 11
7 57 10
7 58 9
7 59 8
7 60 14
7 61 12
7 62 13
7 63 10
7 64 12
7 65 12
7 66 13
7 67 14
7 68 13
7 69 8
7 70 8
7 71 9
7 72 11
7 73 8
7 74 13
7 75 10
7 76 12
7 77 10
7 78 14
7 79 10
7 80 11
7 81 10
7 82 9
7 83 11
7 84 12
7 85 6
7 86 8
7 87 11
7 88 12
7 89 10
7 90 14
7 91 10
7 92 6
7 93 14
7 94 11
7 95 13
7 96 6
7 97 7
7 98 9
7 99 13
8 0 4
8 1 12
8 2 11
8 3 9
8 4 6
8 5 9
8 6 7
8 7 10
8 8 6
8 9 8
8 10 6
8 11 7
8 12 10
8 13 12
8 14 12
8 15 7
8 16 11
8 17 4
8 18 4
8 19 5
8 20 9
8 21 6
8 22 4
8 23 8
8 24 4
8 25 4
8 26 10
8 27 12
8 28 8
8 29 10
8 30 6
8 31 11
8 32 9
8 33 10
8 34 9
8 35 6
8 36 9
8 37 10
8 38 11
8 39 5
8 40 12
8 41 11
8 42 11
8 43 10
8 44 7
8 45 8
8 46 12
8 47 11
8 48 9
8 49 8
8 50 8
8 51 4
8 52 8
8 53 10
8 54 9
8 55 10
8 56 8
8 57 9
8 58 7
8 59 5
8 60 12
8 61 12
8 62 10
8 63 9
8 64 11
8 65 9
8 66 10
8 67 11
8 68 11
8 69 5
8 70 7
8 71 7
8 72 9
8 73 6
8 74 10
8 75 8
8 76 11
8 77 10
8 78 12
8 79 10
8 80 11
8 81 8
8 82 7
8 83 8
8 84 12
8 85 5
8 86 5
8 87 9
8 88 10
8 89 7
8 90 11
8 91 8
8 92 4
8 93 10
8 94 9
8 95 10
8 96 6
8 97 6
8 98 8
8 99 11
9 0 3
9 1 10
9 2 8
9 3 10
9 4 4
9 5 8
9 6 5
9 7 10
9 8 5
9 9 7
9 10 6
9 11 6
9 12 10
9 13 9
9 14 10
9 15 7
9 16 8
9 17 3
9 18 5
9 19 5
9 20 9
9 21 5
9 22 3
9 23 7
9 24 5
9 25 4
9 26 10
9 27 11
9 28 8
9 29 8
9 30 4
9 31 11
9 32 9
9 33 8
9 34 8
9 35 4
9 36 9
9 37 9
9 38 8
9 39 3
9 40 11
9 41 8
9 42 10
9 43 8
9 44 4
9 45 8
9 46 9
9 47 9
9 48 7
9 49 6
9 50 7
9 51 4
9 52 8
9 53 8
9 54 10
9 55 10
9 56 7
9 57 9
9 58 8
9 59 4
9 60 10
9 61 11
9 62 9
9 63 6
9 64 9
9 65 7
9 66 9
9 67 11
9 68 10
9 69 4
9 70 5
9 71 6
9 72 10
9 73 6
9 74 9
9 75 8
9 76 10
9 77 8
9 78 9
9 79 7
9 80 10
9 81 7
9 82 4
9 83 8
9 84 9
9 85 5
9 86 5
9 87 8
9 88 10
9 89 8
9 90 11
9 91 7
9 92 5
9 93 9
9 94 8
9 95 10
9 96 4
9 97 5
9 98 8
9 99 8
