10 100 10 7 10.0 3.0 1.0 95
3 15 7
5 53 7
0 22 4
3 46 7
5 15 6
5 125 8
3 93 4
5 68 8
1 86 6
6 88 9
0 57 3
2 29 7
6 72 5
6 182 4
4 142 3
6 10 3
6 180 3
3 9 9
4 113 7
7 204 7
1 113 9
0 59 4
2 91 9
4 145 8
8 12 8
1 14 9
2 96 3
2 116 3
4 85 3
6 168 8
5 132 4
9 218 3
8 177 9
0 84 3
7 130 8
1 51 3
1 97 3
5 88 3
0 85 8
9 85 8
6 164 9
1 8 8
0 97 7
4 75 5
3 86 7
8 51 8
7 108 9
8 110 9
0 94 8
8 112 7
8 229 6
2 109 8
7 184 8
9 138 3
1 102 9
7 22 3
1 63 4
6 190 8
7 204 3
7 121 8
3 129 3
4 152 9
4 152 5
2 108 5
8 107 3
8 86 4
5 6 9
3 27 8
9 45 9
6 118 9
0 53 7
1 82 8
7 208 4
2 57 7
3 122 3
7 182 5
2 57 4
9 85 5
2 103 7
9 242 8
6 98 9
7 41 7
1 80 9
9 168 7
5 138 3
8 89 3
3 12 7
9 175 7
2 39 8
4 152 7
0 94 8
4 100 8
5 148 7
8 163 8
9 18 9
5 97 7
4 127 8
0 96 8
3 106 6
9 212 4
0 0 0.786306546967
0 1 0.317095438384
0 2 0.042248775140
0 3 0.752283725993
0 4 0.111360898669
0 5 0.328962110728
0 6 0.122463479045
0 7 0.797984037709
0 8 0.669159806086
0 9 0.188286051960
0 10 0.294677709773
0 11 0.455703923436
0 12 0.095043452667
0 13 0.348914837960
0 14 0.324862438976
0 15 0.679098721987
0 16 0.606641055529
0 17 0.553235667100
0 18 0.409390564884
0 19 0.323988865567
0 20 0.079482550492
0 21 0.075034902448
0 22 0.108565036023
0 23 0.571598771274
0 24 0.586074719483
0 25 0.214214521049
0 26 0.627542515703
0 27 0.355381641094
0 28 0.082867306764
0 29 0.560997525899
0 30 0.398981202276
0 31 0.092187267478
0 32 0.223791367657
0 33 0.733552717798
0 34 0.033788291162
0 35 0.267060107493
0 36 0.305133971020
0 37 0.980592859516
0 38 0.243126695889
0 39 0.347595526112
0 40 0.960412373894
0 41 0.439653890873
0 42 0.169181424958
0 43 0.567227132920
0 44 0.568510450842
0 45 0.746751514536
0 46 0.537241291744
0 47 0.463480218702
0 48 0.823026962692
0 49 0.152471020465
0 50 0.871301732899
0 51 0.396857569894
0 52 0.872726414747
0 53 0.980157870785
0 54 0.263280702666
0 55 0.027534138355
0 56 0.517580753886
0 57 0.982020041765
0 58 0.214000192488
0 59 0.686040625927
0 60 0.355173918697
0 61 0.585249522109
0 62 0.810061392990
0 63 0.305403298760
0 64 0.904411505791
0 65 0.078564834213
0 66 0.820777653064
0 67 0.702315264048
0 68 0.488852417234
0 69 0.868076779662
0 70 0.382761506618
0 71 0.085544993719
0 72 0.828308064120
0 73 0.954329769232
0 74 0.563969759276
0 75 0.457031155921
0 76 0.679636344553
0 77 0.980949048956
0 78 0.958506904567
0 79 0.825208159917
0 80 0.511546079423
0 81 0.651003286071
0 82 0.806721687720
0 83 0.783992571693
0 84 0.952108185957
0 85 0.124859599507
0 86 0.852361115168
0 87 0.075249285244
0 88 0.998074198518
0 89 0.906373847964
0 90 0.279457067555
0 91 0.076330408624
0 92 0.795380983137
0 93 0.064494788414
0 94 0.053075041075
0 95 0.726430512327
0 96 0.486950522638
0 97 0.867979431532
0 98 0.087544213851
0 99 0.444662840818
1 0 0.209438277074
1 1 0.443406718111
1 2 0.823422162355
1 3 0.302069559260
1 4 0.933892675406
1 5 0.396336188564
1 6 0.144861398571
1 7 0.650683536657
1 8 0.026184538577
1 9 0.565374093296
1 10 0.659873170044
1 11 0.310517274884
1 12 0.292837258394
1 13 0.243179370096
1 14 0.472719362660
1 15 0.503697264573
1 16 0.590732972878
1 17 0.720919511612
1 18 0.642424031253
1 19 0.528986567633
1 20 0.106776520240
1 21 0.762983265083
1 22 0.762948359695
1 23 0.524141533990
1 24 0.896020680895
1 25 0.958453351638
1 26 0.603757188897
1 27 0.086334580716
1 28 0.511584197515
1 29 0.899422979832
1 30 0.986380941182
1 31 0.699420278842
1 32 0.417372271384
1 33 0.833074598235
1 34 0.492173328359
1 35 0.740170701309
1 36 0.566210113050
1 37 0.276580250165
1 38 0.901457882811
1 39 0.176019184333
1 40 0.128228664887
1 41 0.297688075465
1 42 0.741179800136
1 43 0.619057709175
1 44 0.832137083168
1 45 0.633693529282
1 46 0.835655911783
1 47 0.629734435689
1 48 0.209476121927
1 49 0.555427111228
1 50 0.266921286685
1 51 0.028422344428
1 52 0.875175294171
1 53 0.350445634653
1 54 0.914221274794
1 55 0.851694412188
1 56 0.266237188593
1 57 0.966763241078
1 58 0.825326785768
1 59 0.558997626929
1 60 0.203276432173
1 61 0.457317022773
1 62 0.972512182016
1 63 0.413824695636
1 64 0.973943895282
1 65 0.978759194527
1 66 0.986906498576
1 67 0.450719349915
1 68 0.770361953658
1 69 0.406196657209
1 70 0.886325051120
1 71 0.728013671155
1 72 0.600626261744
1 73 0.270038346141
1 74 0.764840333533
1 75 0.716070226985
1 76 0.898265650801
1 77 0.150526257490
1 78 0.313988086186
1 79 0.124718332194
1 80 0.066379978998
1 81 0.239162419173
1 82 0.241035048623
1 83 0.951233663892
1 84 0.476006912255
1 85 0.611338106873
1 86 0.739751318910
1 87 0.672982147058
1 88 0.853825833386
1 89 0.193251557413
1 90 0.923742751031
1 91 0.532856636328
1 92 0.926470044493
1 93 0.461381835754
1 94 0.483506450905
1 95 0.320593910369
1 96 0.828951979105
1 97 0.909825129348
1 98 0.133561272313
1 99 0.478202216995
2 0 0.622617639343
2 1 0.532563047723
2 2 0.658909809878
2 3 0.133743516976
2 4 0.551189352449
2 5 0.595929841534
2 6 0.571511157031
2 7 0.587478413712
2 8 0.488515120382
2 9 0.222903300757
2 10 0.299806251451
2 11 0.955296625756
2 12 0.004185933395
2 13 0.991869205515
2 14 0.409472867403
2 15 0.042664276938
2 16 0.416949958967
2 17 0.782399193759
2 18 0.904004118735
2 19 0.194862984583
2 20 0.926509728127
2 21 0.610009048839
2 22 0.472300985389
2 23 0.705102385284
2 24 0.592450716415
2 25 0.033466896768
2 26 0.134293334535
2 27 0.793388927297
2 28 0.566543598940
2 29 0.850205889517
2 30 0.490355533658
2 31 0.228052984552
2 32 0.321880270489
2 33 0.595546341721
2 34 0.582171605872
2 35 0.967320280061
2 36 0.641205995577
2 37 0.222166179901
2 38 0.999287873879
2 39 0.196314872452
2 40 0.651861373383
2 41 0.301546077277
2 42 0.683281900261
2 43 0.750574776743
2 44 0.917252922006
2 45 0.307865962932
2 46 0.174446200238
2 47 0.749142440449
2 48 0.390648190324
2 49 0.118436261115
2 50 0.062452982851
2 51 0.959078839134
2 52 0.616131113707
2 53 0.967470818534
2 54 0.275825006879
2 55 0.951014077936
2 56 0.805888447761
2 57 0.073725596538
2 58 0.591016269280
2 59 0.598550183497
2 60 0.686243908678
2 61 0.721203536203
2 62 0.424112452811
2 63 0.648069270330
2 64 0.376135652834
2 65 0.263125331538
2 66 0.997580639602
2 67 0.624385327258
2 68 0.182628587981
2 69 0.001972861924
2 70 0.145204288032
2 71 0.792931076584
2 72 0.111217246461
2 73 0.488060952912
2 74 0.693017680235
2 75 0.461529512563
2 76 0.275500330307
2 77 0.027318554912
2 78 0.959980105355
2 79 0.444151968517
2 80 0.691307674874
2 81 0.450861918654
2 82 0.493890711504
2 83 0.836408544139
2 84 0.774478819211
2 85 0.573126163242
2 86 0.053450843319
2 87 0.723242819557
2 88 0.984409187893
2 89 0.269108077842
2 90 0.066475274994
2 91 0.461506685960
2 92 0.791283008559
2 93 0.559288597785
2 94 0.104417596938
2 95 0.424473248061
2 96 0.309452570122
2 97 0.912276423468
2 98 0.770644315448
2 99 0.060361348853
3 0 0.181399219101
3 1 0.938943319857
3 2 0.266899332471
3 3 0.243855319716
3 4 0.569835880203
3 5 0.929294012097
3 6 0.718912592729
3 7 0.245674321637
3 8 0.210988795218
3 9 0.809047756613
3 10 0.653681867511
3 11 0.520938811148
3 12 0.713353750167
3 13 0.175185235682
3 14 0.149140259463
3 15 0.772093692474
3 16 0.773820482672
3 17 0.295063439255
3 18 0.263483461257
3 19 0.386926206017
3 20 0.769974962382
3 21 0.201316421820
3 22 0.978790528735
3 23 0.908030627100
3 24 0.157182791076
3 25 0.796384332800
3 26 0.953670625530
3 27 0.366580274655
3 28 0.376505704589
3 29 0.775524641821
3 30 0.949291552286
3 31 0.836839369692
3 32 0.470915089002
3 33 0.468191205432
3 34 0.940337176095
3 35 0.004798313360
3 36 0.652085497703
3 37 0.276779598707
3 38 0.653596160945
3 39 0.417851126227
3 40 0.502235052895
3 41 0.010651283795
3 42 0.136412066891
3 43 0.481677870243
3 44 0.959661445951
3 45 0.216147712346
3 46 0.993155032947
3 47 0.321475677451
3 48 0.594207897967
3 49 0.493653776236
3 50 0.648532997843
3 51 0.498752436157
3 52 0.778053441545
3 53 0.685876823826
3 54 0.366640091736
3 55 0.339956239951
3 56 0.884272197401
3 57 0.836686117426
3 58 0.381520631660
3 59 0.807591244333
3 60 0.674243298478
3 61 0.912636068302
3 62 0.187566717124
3 63 0.468128944036
3 64 0.232411675930
3 65 0.670953460658
3 66 0.366200273257
3 67 0.296775225825
3 68 0.149596933312
3 69 0.984541780793
3 70 0.192030813621
3 71 0.591978104722
3 72 0.308588974669
3 73 0.367322425097
3 74 0.285020371489
3 75 0.472854053985
3 76 0.721377499303
3 77 0.341993806824
3 78 0.533789099790
3 79 0.477978867442
3 80 0.403748250971
3 81 0.808473601373
3 82 0.615257472447
3 83 0.856532784686
3 84 0.803094157969
3 85 0.955268216569
3 86 0.106214322512
3 87 0.488718922394
3 88 0.512997068389
3 89 0.108306497444
3 90 0.170653244990
3 91 0.109764196577
3 92 0.378992449685
3 93 0.978130507346
3 94 0.754170948805
3 95 0.774875920044
3 96 0.662706464446
3 97 0.284675141387
3 98 0.207218736095
3 99 0.812720199844
4 0 0.018544630286
4 1 0.620071354692
4 2 0.322400019301
4 3 0.146200519833
4 4 0.068714184896
4 5 0.732856021482
4 6 0.080158320797
4 7 0.122303155838
4 8 0.348795175913
4 9 0.334471548030
4 10 0.741718510355
4 11 0.015632309533
4 12 0.825880809305
4 13 0.838370212920
4 14 0.863270923929
4 15 0.387698541929
4 16 0.341666247135
4 17 0.655049288110
4 18 0.766642013445
4 19 0.837141491964
4 20 0.990545105516
4 21 0.909770619216
4 22 0.749758894073
4 23 0.514492647711
4 24 0.252752602603
4 25 0.787967094492
4 26 0.471534683538
4 27 0.419268482577
4 28 0.079687761196
4 29 0.516463971683
4 30 0.247344131249
4 31 0.822648701230
4 32 0.364585536493
4 33 0.698944301978
4 34 0.782030111919
4 35 0.153056365673
4 36 0.378632318195
4 37 0.809578444766
4 38 0.149344004539
4 39 0.974438336260
4 40 0.488609955649
4 41 0.816050286021
4 42 0.009020407525
4 43 0.091178493057
4 44 0.409994091950
4 45 0.765505532430
4 46 0.852654856351
4 47 0.318660325137
4 48 0.195758817334
4 49 0.119920479568
4 50 0.194244321057
4 51 0.778199814429
4 52 0.661378354317
4 53 0.869821913335
4 54 0.953725243892
4 55 0.838249010403
4 56 0.576494664187
4 57 0.642568871207
4 58 0.368256205359
4 59 0.998541928768
4 60 0.862179647560
4 61 0.322190759047
4 62 0.180555162658
4 63 0.450386934227
4 64 0.692067632294
4 65 0.962593707166
4 66 0.638730139368
4 67 0.631682781893
4 68 0.018051812625
4 69 0.622615769584
4 70 0.010941544739
4 71 0.276213790539
4 72 0.254972533659
4 73 0.878058335515
4 74 0.948308931214
4 75 0.129794867162
4 76 0.394730559499
4 77 0.436870727068
4 78 0.296509386137
4 79 0.520021508549
4 80 0.613670478259
4 81 0.219535425587
4 82 0.267346740343
4 83 0.009379067938
4 84 0.867313823542
4 85 0.069492852347
4 86 0.483095003089
4 87 0.910991345232
4 88 0.490719218225
4 89 0.659137717387
4 90 0.434070993496
4 91 0.782115491757
4 92 0.245092968513
4 93 0.853024447377
4 94 0.694586029144
4 95 0.842474056725
4 96 0.051278412661
4 97 0.662871400222
4 98 0.529862536633
4 99 0.228155423174
5 0 0.892021011594
5 1 0.473223894690
5 2 0.214681155494
5 3 0.095249215037
5 4 0.097166187610
5 5 0.650997214259
5 6 0.456079664186
5 7 0.054278024952
5 8 0.745056793983
5 9 0.444161751373
5 10 0.635875459583
5 11 0.805798304630
5 12 0.268212295883
5 13 0.083509118358
5 14 0.388664176854
5 15 0.780835402377
5 16 0.117732509251
5 17 0.265508965015
5 18 0.605927938715
5 19 0.409477309145
5 20 0.293749087885
5 21 0.875922863135
5 22 0.723822660850
5 23 0.991245419012
5 24 0.177032086776
5 25 0.533467729350
5 26 0.181756150433
5 27 0.840637879988
5 28 0.703317236232
5 29 0.657438791995
5 30 0.394718844611
5 31 0.796008204453
5 32 0.376451468754
5 33 0.974112293972
5 34 0.446303259942
5 35 0.740795164803
5 36 0.848107640981
5 37 0.163732303475
5 38 0.632781618062
5 39 0.222245135095
5 40 0.734368273247
5 41 0.168588315576
5 42 0.871053858824
5 43 0.815261991520
5 44 0.976609362116
5 45 0.542411108455
5 46 0.444860434887
5 47 0.559782789270
5 48 0.066291386460
5 49 0.263188025176
5 50 0.639656654863
5 51 0.364045414260
5 52 0.260413012751
5 53 0.592207324190
5 54 0.113054120507
5 55 0.278349097162
5 56 0.060925240094
5 57 0.821725713556
5 58 0.750977613768
5 59 0.619908324603
5 60 0.264870198826
5 61 0.867100089990
5 62 0.987698611537
5 63 0.968633964947
5 64 0.366125106958
5 65 0.607839541936
5 66 0.871490516139
5 67 0.527263971649
5 68 0.569216345884
5 69 0.806067878647
5 70 0.442901551801
5 71 0.338301453803
5 72 0.045145704915
5 73 0.695907339931
5 74 0.106501005825
5 75 0.404618491785
5 76 0.463777537432
5 77 0.997562689304
5 78 0.390176157087
5 79 0.584383252163
5 80 0.253463829958
5 81 0.960450078843
5 82 0.381220657342
5 83 0.693807915780
5 84 0.852220508820
5 85 0.052218626041
5 86 0.621701239152
5 87 0.423922076204
5 88 0.208925380970
5 89 0.507354929071
5 90 0.095281601589
5 91 0.971788734357
5 92 0.666994771291
5 93 0.565340520906
5 94 0.282787849691
5 95 0.133945186524
5 96 0.582470684431
5 97 0.695394075445
5 98 0.235589997624
5 99 0.851228912327
6 0 0.078321465895
6 1 0.530692497439
6 2 0.315632388855
6 3 0.268287517222
6 4 0.973551712170
6 5 0.314747016454
6 6 0.127090488096
6 7 0.786840658635
6 8 0.697858357763
6 9 0.830936826894
6 10 0.894013704126
6 11 0.670762180178
6 12 0.968520733922
6 13 0.220092069203
6 14 0.038688051692
6 15 0.690684547299
6 16 0.190338264408
6 17 0.219116859346
6 18 0.817370709289
6 19 0.528998296339
6 20 0.568982956404
6 21 0.898713398099
6 22 0.050920180526
6 23 0.939641634464
6 24 0.249951075528
6 25 0.375206015561
6 26 0.177834915532
6 27 0.896820660823
6 28 0.827703616388
6 29 0.027497063228
6 30 0.573361492750
6 31 0.861552514339
6 32 0.807233358706
6 33 0.944111769788
6 34 0.400468557399
6 35 0.402656713993
6 36 0.429865431430
6 37 0.946136315362
6 38 0.361113299030
6 39 0.967644664819
6 40 0.089655570710
6 41 0.163539675036
6 42 0.036843826377
6 43 0.270814855829
6 44 0.907357377302
6 45 0.286143303969
6 46 0.062842816633
6 47 0.940926962468
6 48 0.905376999348
6 49 0.758720469763
6 50 0.699574834366
6 51 0.621231496755
6 52 0.046956034633
6 53 0.795468007622
6 54 0.540448919569
6 55 0.842669651637
6 56 0.246564448280
6 57 0.870078960908
6 58 0.154200091197
6 59 0.323999186070
6 60 0.420215021160
6 61 0.806332701330
6 62 0.662959240733
6 63 0.665665479780
6 64 0.231333350597
6 65 0.741088409273
6 66 0.827799232949
6 67 0.055693106088
6 68 0.997585256702
6 69 0.794174327195
6 70 0.212154791962
6 71 0.302646726995
6 72 0.829277843989
6 73 0.790575716903
6 74 0.881986637200
6 75 0.896687453545
6 76 0.728828272753
6 77 0.590216084890
6 78 0.036385215275
6 79 0.350001919976
6 80 0.931677691341
6 81 0.066738010093
6 82 0.227588227271
6 83 0.954445987437
6 84 0.213992401872
6 85 0.354709823232
6 86 0.666217524003
6 87 0.847246672684
6 88 0.341132325009
6 89 0.691450241125
6 90 0.013683035576
6 91 0.705010743171
6 92 0.075584552908
6 93 0.418086006804
6 94 0.869670741276
6 95 0.843091241432
6 96 0.508953519082
6 97 0.506553016079
6 98 0.065090511519
6 99 0.700033875822
7 0 0.636048219754
7 1 0.610519474698
7 2 0.362476494649
7 3 0.145106702165
7 4 0.962200405489
7 5 0.106643992854
7 6 0.014867639909
7 7 0.433630618609
7 8 0.760194435635
7 9 0.738170551150
7 10 0.028618047179
7 11 0.785917213090
7 12 0.964671831380
7 13 0.765037090843
7 14 0.595473676316
7 15 0.497434147834
7 16 0.326335391811
7 17 0.644190747577
7 18 0.882499348804
7 19 0.795980530145
7 20 0.199144207035
7 21 0.447641656822
7 22 0.037138691490
7 23 0.593162022439
7 24 0.853075991332
7 25 0.549084900899
7 26 0.897158252303
7 27 0.295685249360
7 28 0.211685115215
7 29 0.591303390822
7 30 0.595262322704
7 31 0.418441313653
7 32 0.637323155984
7 33 0.149749945107
7 34 0.945250142254
7 35 0.221225951281
7 36 0.760206195401
7 37 0.758708770693
7 38 0.305304626877
7 39 0.439043051834
7 40 0.184948573978
7 41 0.178590386438
7 42 0.389302596159
7 43 0.120057181358
7 44 0.697529450928
7 45 0.315472304654
7 46 0.655866123088
7 47 0.613795481491
7 48 0.599607338104
7 49 0.591578452628
7 50 0.830894247041
7 51 0.829326554880
7 52 0.563879185525
7 53 0.495974276360
7 54 0.844076566345
7 55 0.989357884750
7 56 0.812725338497
7 57 0.973209545631
7 58 0.156651222006
7 59 0.850686504367
7 60 0.395484375991
7 61 0.026911739992
7 62 0.206804418600
7 63 0.970052340772
7 64 0.990371414146
7 65 0.214521202347
7 66 0.589121594715
7 67 0.721275274499
7 68 0.710509195382
7 69 0.429824570215
7 70 0.294736688340
7 71 0.257090426406
7 72 0.999854440987
7 73 0.174287668538
7 74 0.351678061300
7 75 0.063736561516
7 76 0.284776443039
7 77 0.110491024917
7 78 0.162447810715
7 79 0.220519140879
7 80 0.163516567115
7 81 0.747651679028
7 82 0.136145294218
7 83 0.504392113290
7 84 0.281888521496
7 85 0.345474783839
7 86 0.718465223081
7 87 0.123169246305
7 88 0.842598247558
7 89 0.147120731323
7 90 0.893112448728
7 91 0.688444243213
7 92 0.507606622583
7 93 0.615228284481
7 94 0.807058428756
7 95 0.103680548596
7 96 0.331589051169
7 97 0.840283094271
7 98 0.718404946823
7 99 0.969424970552
8 0 0.603716909874
8 1 0.025530617314
8 2 0.637039583668
8 3 0.851650768652
8 4 0.887320330990
8 5 0.427793534909
8 6 0.171234026180
8 7 0.506449095704
8 8 0.469033675898
8 9 0.287584241766
8 10 0.110234404285
8 11 0.500950513601
8 12 0.239030915388
8 13 0.086621032947
8 14 0.638953063159
8 15 0.385337044113
8 16 0.273811994824
8 17 0.692790916121
8 18 0.032467285287
8 19 0.404309354893
8 20 0.242091980563
8 21 0.355271448573
8 22 0.067903435684
8 23 0.511010111100
8 24 0.197826197404
8 25 0.027148013820
8 26 0.197078819860
8 27 0.967363265219
8 28 0.205002737523
8 29 0.203306920029
8 30 0.161546730131
8 31 0.224596661270
8 32 0.843998018347
8 33 0.809862145249
8 34 0.068843912315
8 35 0.099029211357
8 36 0.367054626068
8 37 0.163310242054
8 38 0.442481709955
8 39 0.625478929569
8 40 0.719487220267
8 41 0.763620180012
8 42 0.300277660899
8 43 0.092903798009
8 44 0.715487861217
8 45 0.604995631236
8 46 0.243932279308
8 47 0.396168094500
8 48 0.676361348533
8 49 0.333165575513
8 50 0.828041600395
8 51 0.573289373765
8 52 0.469563475537
8 53 0.364555561288
8 54 0.652536658327
8 55 0.197345847351
8 56 0.893111453560
8 57 0.689512015262
8 58 0.442868497309
8 59 0.037553494508
8 60 0.721923601285
8 61 0.334851114252
8 62 0.913795659186
8 63 0.585639808567
8 64 0.259207812264
8 65 0.962726013735
8 66 0.427888695249
8 67 0.279210099086
8 68 0.780802648651
8 69 0.687980345648
8 70 0.599847445926
8 71 0.753544815150
8 72 0.921613592187
8 73 0.156172788096
8 74 0.443308023873
8 75 0.581252655536
8 76 0.821948654606
8 77 0.035930139333
8 78 0.664776043139
8 79 0.561371694427
8 80 0.867345058141
8 81 0.539946539476
8 82 0.484454220418
8 83 0.546402488540
8 84 0.532112130285
8 85 0.198813004316
8 86 0.714580470812
8 87 0.121312249700
8 88 0.629163893879
8 89 0.166759357157
8 90 0.100246713199
8 91 0.539244437770
8 92 0.130513325390
8 93 0.737390453377
8 94 0.976806557223
8 95 0.132696003143
8 96 0.884162934600
8 97 0.484935299076
8 98 0.512564675889
8 99 0.598556319565
9 0 0.619191736882
9 1 0.604562222195
9 2 0.209163223849
9 3 0.963693498791
9 4 0.241048093573
9 5 0.251065745424
9 6 0.176692897479
9 7 0.155164811922
9 8 0.635675437561
9 9 0.997216716008
9 10 0.496902814373
9 11 0.719391298660
9 12 0.172125259849
9 13 0.441836081043
9 14 0.468438195242
9 15 0.863245470615
9 16 0.972542553872
9 17 0.364315159045
9 18 0.966823249516
9 19 0.017595937673
9 20 0.221996495652
9 21 0.051006783298
9 22 0.223329039884
9 23 0.182262716251
9 24 0.566725650571
9 25 0.443931641553
9 26 0.979780741304
9 27 0.314919104368
9 28 0.187485931395
9 29 0.416884076940
9 30 0.202476517616
9 31 0.160090747660
9 32 0.005308393878
9 33 0.318299450315
9 34 0.917142797823
9 35 0.892730328972
9 36 0.787756232383
9 37 0.870659465068
9 38 0.255156144166
9 39 0.032439229493
9 40 0.801748050153
9 41 0.191997476878
9 42 0.019578143070
9 43 0.009559394611
9 44 0.321580550501
9 45 0.428199044607
9 46 0.811725611187
9 47 0.356765356479
9 48 0.300883722106
9 49 0.899282188438
9 50 0.023937895510
9 51 0.627459728140
9 52 0.623903056561
9 53 0.688068277415
9 54 0.982994200831
9 55 0.255870995055
9 56 0.515438004201
9 57 0.517101010928
9 58 0.360723621384
9 59 0.078504123103
9 60 0.342688654414
9 61 0.845806041468
9 62 0.389472702247
9 63 0.666328958480
9 64 0.369390121990
9 65 0.800715029570
9 66 0.166235138026
9 67 0.421415882907
9 68 0.139111703423
9 69 0.604619141041
9 70 0.652847688427
9 71 0.211739460583
9 72 0.412771743240
9 73 0.730439874325
9 74 0.619076799300
9 75 0.813192091883
9 76 0.721119782904
9 77 0.163732113743
9 78 0.148872939156
9 79 0.049890711889
9 80 0.327820586761
9 81 0.743649955318
9 82 0.983495946137
9 83 0.385004721249
9 84 0.301144949926
9 85 0.826856666425
9 86 0.515295469096
9 87 0.688004108493
9 88 0.645519354024
9 89 0.457682737515
9 90 0.159539220470
9 91 0.727820963046
9 92 0.144508034905
9 93 0.720638625578
9 94 0.750864720460
9 95 0.171808083340
9 96 0.372787388300
9 97 0.555928145546
9 98 0.607955898735
9 99 0.960209114184
0 0 10
0 1 9
0 2 5
0 3 8
0 4 9
0 5 9
0 6 5
0 7 9
0 8 8
0 9 11
0 10 6
0 11 10
0 12 6
0 13 6
0 14 5
0 15 5
0 16 5
0 17 11
0 18 10
0 19 10
0 20 10
0 21 7
0 22 11
0 23 10
0 24 9
0 25 10
0 26 6
0 27 6
0 28 4
0 29 9
0 30 5
0 31 5
0 32 11
0 33 6
0 34 9
0 35 4
0 36 5
0 37 5
0 38 11
0 39 10
0 40 10
0 41 9
0 42 8
0 43 7
0 44 8
0 45 9
0 46 12
0 47 10
0 48 10
0 49 9
0 50 9
0 51 10
0 52 9
0 53 4
0 54 11
0 55 6
0 56 6
0 57 10
0 58 4
0 59 10
0 60 5
0 61 12
0 62 6
0 63 6
0 64 6
0 65 5
0 66 10
0 67 11
0 68 10
0 69 11
0 70 9
0 71 9
0 72 5
0 73 8
0 74 6
0 75 6
0 76 6
0 77 7
0 78 10
0 79 11
0 80 11
0 81 10
0 82 11
0 83 9
0 84 4
0 85 4
0 86 8
0 87 8
0 88 9
0 89 9
0 90 11
0 91 9
0 92 9
0 93 10
0 94 12
0 95 9
0 96 10
0 97 10
0 98 9
0 99 5
1 0 11
1 1 11
1 2 7
1 3 9
1 4 10
1 5 12
1 6 8
1 7 11
1 8 9
1 9 11
1 10 6
1 11 11
1 12 8
1 13 8
1 14 7
1 15 7
1 16 7
1 17 12
1 18 11
1 19 11
1 20 12
1 21 8
1 22 13
1 23 11
1 24 10
1 25 12
1 26 6
1 27 6
1 28 6
1 29 11
1 30 6
1 31 5
1 32 12
1 33 5
1 34 10
1 35 6
1 36 6
1 37 6
1 38 11
1 39 11
1 40 12
1 41 11
1 42 10
1 43 8
1 44 9
1 45 12
1 46 13
1 47 11
1 48 11
1 49 11
1 50 10
1 51 11
1 52 10
1 53 6
1 54 13
1 55 6
1 56 6
1 57 11
1 58 7
1 59 11
1 60 5
1 61 13
1 62 9
1 63 8
1 64 6
1 65 6
1 66 13
1 67 12
1 68 13
1 69 12
1 70 11
1 71 11
1 72 6
1 73 10
1 74 7
1 75 9
1 76 8
1 77 7
1 78 11
1 79 11
1 80 11
1 81 9
1 82 13
1 83 11
1 84 5
1 85 6
1 86 11
1 87 11
1 88 10
1 89 11
1 90 10
1 91 12
1 92 10
1 93 11
1 94 11
1 95 10
1 96 12
1 97 11
1 98 9
1 99 6
2 0 12
2 1 11
2 2 9
2 3 10
2 4 9
2 5 11
2 6 8
2 7 12
2 8 11
2 9 13
2 10 7
2 11 12
2 12 10
2 13 9
2 14 6
2 15 6
2 16 6
2 17 13
2 18 11
2 19 10
2 20 13
2 21 7
2 22 13
2 23 12
2 24 13
2 25 12
2 26 6
2 27 8
2 28 7
2 29 11
2 30 7
2 31 7
2 32 13
2 33 8
2 34 11
2 35 7
2 36 6
2 37 6
2 38 11
2 39 11
2 40 14
2 41 12
2 42 10
2 43 10
2 44 10
2 45 13
2 46 13
2 47 14
2 48 12
2 49 11
2 50 11
2 51 13
2 52 12
2 53 7
2 54 12
2 55 6
2 56 8
2 57 11
2 58 8
2 59 13
2 60 7
2 61 13
2 62 10
2 63 9
2 64 7
2 65 7
2 66 13
2 67 11
2 68 13
2 69 13
2 70 12
2 71 12
2 72 9
2 73 12
2 74 6
2 75 9
2 76 7
2 77 10
2 78 11
2 79 13
2 80 14
2 81 12
2 82 12
2 83 11
2 84 6
2 85 7
2 86 12
2 87 10
2 88 13
2 89 11
2 90 13
2 91 11
2 92 10
2 93 11
2 94 13
2 95 10
2 96 11
2 97 11
2 98 10
2 99 8
3 0 10
3 1 11
3 2 8
3 3 12
3 4 9
3 5 11
3 6 7
3 7 11
3 8 9
3 9 14
3 10 6
3 11 10
3 12 8
3 13 7
3 14 6
3 15 8
3 16 7
3 17 14
3 18 11
3 19 10
3 20 12
3 21 8
3 22 14
3 23 13
3 24 11
3 25 14
3 26 7
3 27 8
3 28 6
3 29 12
3 30 8
3 31 7
3 32 13
3 33 7
3 34 11
3 35 6
3 36 8
3 37 8
3 38 13
3 39 13
3 40 14
3 41 11
3 42 11
3 43 9
3 44 12
3 45 13
3 46 14
3 47 12
3 48 12
3 49 11
3 50 11
3 51 11
3 52 13
3 53 8
3 54 12
3 55 8
3 56 7
3 57 13
3 58 6
3 59 13
3 60 6
3 61 13
3 62 9
3 63 10
3 64 6
3 65 7
3 66 13
3 67 12
3 68 14
3 69 12
3 70 10
3 71 13
3 72 7
3 73 11
3 74 6
3 75 8
3 76 9
3 77 10
3 78 10
3 79 11
3 80 12
3 81 12
3 82 12
3 83 11
3 84 6
3 85 7
3 86 12
3 87 11
3 88 11
3 89 12
3 90 12
3 91 11
3 92 11
3 93 11
3 94 13
3 95 10
3 96 13
3 97 13
3 98 9
3 99 7
4 0 11
4 1 12
4 2 8
4 3 11
4 4 11
4 5 11
4 6 7
4 7 13
4 8 11
4 9 12
4 10 7
4 11 11
4 12 10
4 13 7
4 14 6
4 15 6
4 16 7
4 17 13
4 18 12
4 19 12
4 20 14
4 21 8
4 22 13
4 23 13
4 24 13
4 25 13
4 26 6
4 27 6
4 28 6
4 29 13
4 30 7
4 31 7
4 32 12
4 33 6
4 34 11
4 35 6
4 36 8
4 37 6
4 38 11
4 39 12
4 40 14
4 41 11
4 42 11
4 43 8
4 44 11
4 45 11
4 46 12
4 47 14
4 48 12
4 49 10
4 50 10
4 51 11
4 52 11
4 53 6
4 54 13
4 55 6
4 56 9
4 57 13
4 58 7
4 59 11
4 60 6
4 61 14
4 62 10
4 63 8
4 64 7
4 65 8
4 66 12
4 67 12
4 68 13
4 69 13
4 70 10
4 71 12
4 72 9
4 73 12
4 74 8
4 75 10
4 76 8
4 77 10
4 78 10
4 79 11
4 80 13
4 81 11
4 82 13
4 83 11
4 84 8
4 85 7
4 86 11
4 87 10
4 88 12
4 89 12
4 90 11
4 91 12
4 92 12
4 93 12
4 94 12
4 95 12
4 96 13
4 97 11
4 98 10
4 99 9
5 0 10
5 1 10
5 2 6
5 3 10
5 4 9
5 5 12
5 6 7
5 7 10
5 8 10
5 9 13
5 10 7
5 11 9
5 12 7
5 13 7
5 14 5
5 15 7
5 16 6
5 17 12
5 18 11
5 19 9
5 20 13
5 21 6
5 22 13
5 23 10
5 24 11
5 25 11
5 26 7
5 27 7
5 28 5
5 29 10
5 30 6
5 31 7
5 32 11
5 33 7
5 34 12
5 35 5
5 36 6
5 37 5
5 38 12
5 39 11
5 40 13
5 41 10
5 42 9
5 43 7
5 44 10
5 45 10
5 46 12
5 47 12
5 48 12
5 49 9
5 50 10
5 51 12
5 52 12
5 53 6
5 54 11
5 55 6
5 56 6
5 57 12
5 58 7
5 59 10
5 60 5
5 61 12
5 62 9
5 63 9
5 64 7
5 65 8
5 66 11
5 67 10
5 68 12
5 69 12
5 70 11
5 71 11
5 72 6
5 73 10
5 74 6
5 75 8
5 76 8
5 77 7
5 78 10
5 79 11
5 80 13
5 81 9
5 82 13
5 83 9
5 84 6
5 85 7
5 86 9
5 87 11
5 88 11
5 89 11
5 90 12
5 91 12
5 92 10
5 93 11
5 94 11
5 95 11
5 96 11
5 97 10
5 98 9
5 99 8
6 0 10
6 1 10
6 2 7
6 3 10
6 4 10
6 5 13
6 6 9
6 7 12
6 8 10
6 9 12
6 10 7
6 11 11
6 12 9
6 13 9
6 14 7
6 15 8
6 16 8
6 17 13
6 18 10
6 19 12
6 20 14
6 21 7
6 22 14
6 23 12
6 24 11
6 25 14
6 26 6
6 27 8
6 28 8
6 29 11
6 30 7
6 31 8
6 32 14
6 33 8
6 34 13
6 35 8
6 36 8
6 37 8
6 38 13
6 39 13
6 40 14
6 41 13
6 42 10
6 43 8
6 44 11
6 45 13
6 46 14
6 47 12
6 48 12
6 49 12
6 50 11
6 51 11
6 52 11
6 53 8
6 54 14
6 55 6
6 56 9
6 57 13
6 58 8
6 59 12
6 60 6
6 61 14
6 62 10
6 63 10
6 64 8
6 65 9
6 66 14
6 67 11
6 68 14
6 69 13
6 70 11
6 71 12
6 72 7
6 73 11
6 74 6
6 75 8
6 76 9
6 77 8
6 78 12
6 79 12
6 80 12
6 81 11
6 82 12
6 83 11
6 84 6
6 85 7
6 86 11
6 87 11
6 88 13
6 89 12
6 90 11
6 91 12
6 92 10
6 93 11
6 94 14
6 95 10
6 96 12
6 97 12
6 98 9
6 99 8
7 0 10
7 1 9
7 2 8
7 3 9
7 4 8
7 5 12
7 6 7
7 7 11
7 8 10
7 9 12
7 10 6
7 11 9
7 12 8
7 13 7
7 14 6
7 15 5
7 16 7
7 17 11
7 18 9
7 19 10
7 20 13
7 21 8
7 22 12
7 23 11
7 24 12
7 25 13
7 26 5
7 27 7
7 28 5
7 29 10
7 30 8
7 31 5
7 32 12
7 33 6
7 34 10
7 35 6
7 36 6
7 37 5
7 38 12
7 39 11
7 40 13
7 41 12
7 42 9
7 43 7
7 44 10
7 45 10
7 46 12
7 47 12
7 48 10
7 49 11
7 50 8
7 51 12
7 52 11
7 53 7
7 54 11
7 55 7
7 56 6
7 57 11
7 58 7
7 59 10
7 60 7
7 61 13
7 62 9
7 63 8
7 64 5
7 65 6
7 66 13
7 67 12
7 68 13
7 69 12
7 70 11
7 71 12
7 72 8
7 73 9
7 74 6
7 75 9
7 76 6
7 77 8
7 78 11
7 79 10
7 80 11
7 81 10
7 82 13
7 83 10
7 84 7
7 85 7
7 86 11
7 87 10
7 88 11
7 89 10
7 90 11
7 91 12
7 92 10
7 93 11
7 94 12
7 95 10
7 96 12
7 97 10
7 98 9
7 99 8
8 0 10
8 1 10
8 2 7
8 3 12
8 4 11
8 5 11
8 6 8
8 7 11
8 8 10
8 9 13
8 10 7
8 11 12
8 12 8
8 13 9
8 14 6
8 15 6
8 16 6
8 17 14
8 18 10
8 19 12
8 20 12
8 21 9
8 22 13
8 23 12
8 24 11
8 25 14
8 26 7
8 27 8
8 28 8
8 29 12
8 30 9
8 31 6
8 32 12
8 33 6
8 34 11
8 35 6
8 36 7
8 37 7
8 38 13
8 39 11
8 40 13
8 41 11
8 42 12
8 43 8
8 44 11
8 45 12
8 46 13
8 47 12
8 48 12
8 49 10
8 50 9
8 51 12
8 52 13
8 53 8
8 54 14
8 55 7
8 56 9
8 57 13
8 58 6
8 59 13
8 60 8
8 61 13
8 62 10
8 63 8
8 64 8
8 65 9
8 66 14
8 67 13
8 68 13
8 69 12
8 70 10
8 71 12
8 72 8
8 73 11
8 74 6
8 75 8
8 76 7
8 77 9
8 78 11
8 79 12
8 80 14
8 81 10
8 82 12
8 83 10
8 84 6
8 85 8
8 86 12
8 87 11
8 88 13
8 89 10
8 90 13
8 91 13
8 92 11
8 93 13
8 94 13
8 95 10
8 96 12
8 97 11
8 98 9
8 99 9
9 0 8
9 1 8
9 2 6
9 3 9
9 4 8
9 5 9
9 6 5
9 7 9
9 8 8
9 9 11
9 10 3
9 11 8
9 12 5
9 13 5
9 14 4
9 15 4
9 16 3
9 17 10
9 18 9
9 19 7
9 20 11
9 21 6
9 22 11
9 23 8
9 24 9
9 25 10
9 26 3
9 27 3
9 28 3
9 29 10
9 30 4
9 31 4
9 32 11
9 33 3
9 34 10
9 35 3
9 36 4
9 37 5
9 38 8
9 39 9
9 40 9
9 41 10
9 42 9
9 43 7
9 44 8
9 45 9
9 46 11
9 47 11
9 48 10
9 49 8
9 50 6
9 51 8
9 52 9
9 53 3
9 54 11
9 55 5
9 56 4
9 57 10
9 58 4
9 59 10
9 60 4
9 61 11
9 62 6
9 63 7
9 64 3
9 65 6
9 66 10
9 67 8
9 68 9
9 69 11
9 70 8
9 71 9
9 72 4
9 73 9
9 74 3
9 75 7
9 76 6
9 77 6
9 78 8
9 79 10
9 80 11
9 81 8
9 82 9
9 83 7
9 84 3
9 85 3
9 86 7
9 87 9
9 88 8
9 89 9
9 90 10
9 91 9
9 92 9
9 93 8
9 94 9
9 95 8
9 96 9
9 97 8
9 98 6
9 99 4
