10 100 10 7 10.0 3.0 1.0 95
9 168 7
1 43 8
8 133 7
4 157 3
2 28 7
7 37 3
2 39 8
1 38 7
8 149 8
9 210 3
4 98 9
2 41 5
3 54 3
1 108 7
4 110 8
9 42 8
7 4 6
5 9 9
3 8 9
0 14 8
6 74 7
5 79 8
2 63 6
7 95 8
8 89 3
2 55 9
8 16 9
7 173 7
6 4 9
0 99 8
0 41 9
1 75 9
8 9 6
8 149 5
2 7 9
8 37 3
5 99 3
7 215 8
6 150 7
3 147 6
6 164 8
9 15 3
6 112 9
5 73 9
1 26 4
2 27 3
4 107 5
3 88 3
7 69 7
3 26 9
6 60 3
3 102 5
7 160 9
8 82 8
5 66 7
3 72 9
6 104 5
0 76 4
4 138 3
2 7 8
9 118 6
8 61 8
1 9 8
7 199 3
3 42 7
1 74 7
0 36 3
0 6 4
5 165 3
3 80 9
4 65 7
5 26 5
5 145 7
6 64 5
0 64 8
6 172 3
1 29 3
8 138 8
7 128 8
4 8 6
9 30 8
6 126 8
4 75 7
0 87 7
4 2 8
2 43 3
0 16 3
9 18 9
7 171 5
1 34 5
9 32 4
0 31 9
2 127 7
1 112 3
5 160 7
9 18 8
4 105 8
3 12 8
5 38 5
9 10 9
0 0 0.970712448587
0 1 0.007971457291
0 2 0.481471139351
0 3 0.769814191307
0 4 0.957069768835
0 5 0.973057287552
0 6 0.065806910985
0 7 0.100551928982
0 8 0.050488981352
0 9 0.610022979066
0 10 0.493693463887
0 11 0.024660023095
0 12 0.457798034224
0 13 0.547281256600
0 14 0.246151993054
0 15 0.021585188060
0 16 0.077053057602
0 17 0.772980532703
0 18 0.997291048886
0 19 0.842776787716
0 20 0.164568859972
0 21 0.930919088773
0 22 0.759609465048
0 23 0.181107685249
0 24 0.160596664452
0 25 0.997633638069
0 26 0.433285572021
0 27 0.545288804428
0 28 0.290055407968
0 29 0.793773355274
0 30 0.207013666960
0 31 0.891299627717
0 32 0.642925755940
0 33 0.130998962030
0 34 0.465577387193
0 35 0.214986753935
0 36 0.583016057021
0 37 0.040309008811
0 38 0.797241676989
0 39 0.581841975732
0 40 0.851107889966
0 41 0.329541524577
0 42 0.243361807214
0 43 0.978218924581
0 44 0.163064347337
0 45 0.179122045086
0 46 0.722812600602
0 47 0.736607733459
0 48 0.532916066801
0 49 0.612932383114
0 50 0.639737363534
0 51 0.184394013790
0 52 0.307628459708
0 53 0.638460799405
0 54 0.451114136156
0 55 0.065754861452
0 56 0.158787471355
0 57 0.523478323586
0 58 0.323022042239
0 59 0.346124440443
0 60 0.469026422031
0 61 0.785061755213
0 62 0.362049348118
0 63 0.006448619221
0 64 0.819982572378
0 65 0.553745989095
0 66 0.754547871064
0 67 0.770915124173
0 68 0.660619603938
0 69 0.238800855352
0 70 0.271693702370
0 71 0.831397004399
0 72 0.046163519656
0 73 0.467571299312
0 74 0.369753197837
0 75 0.462224848544
0 76 0.140154086466
0 77 0.922109379559
0 78 0.733100041211
0 79 0.019438175690
0 80 0.146925773897
0 81 0.920751664463
0 82 0.043621507692
0 83 0.641654903921
0 84 0.890166892736
0 85 0.492446299814
0 86 0.868990703886
0 87 0.614853579045
0 88 0.949258370322
0 89 0.017426771257
0 90 0.635285516102
0 91 0.031163307288
0 92 0.897387820386
0 93 0.053412342640
0 94 0.427223700240
0 95 0.387603327962
0 96 0.402534951411
0 97 0.301266587761
0 98 0.956476902201
0 99 0.778356739091
1 0 0.786927808725
1 1 0.643321246297
1 2 0.052464247430
1 3 0.490884525068
1 4 0.341259885916
1 5 0.801339476078
1 6 0.936550149297
1 7 0.596169724426
1 8 0.422755154236
1 9 0.427238288871
1 10 0.457439548303
1 11 0.164035155878
1 12 0.392338391782
1 13 0.535467165343
1 14 0.293032393966
1 15 0.693244179822
1 16 0.122248841746
1 17 0.987075930278
1 18 0.676041058251
1 19 0.026374940521
1 20 0.005190522702
1 21 0.222939315248
1 22 0.140537704845
1 23 0.480319360213
1 24 0.849866193514
1 25 0.153983889664
1 26 0.979419127163
1 27 0.129504681534
1 28 0.168233709130
1 29 0.778576274042
1 30 0.585172156224
1 31 0.500221931504
1 32 0.094498484367
1 33 0.347282908661
1 34 0.237055851395
1 35 0.299477191608
1 36 0.020527879900
1 37 0.748881916807
1 38 0.244397299827
1 39 0.314145284171
1 40 0.059995040903
1 41 0.957940879356
1 42 0.808653875885
1 43 0.837082592067
1 44 0.826265793424
1 45 0.756674570623
1 46 0.249343899559
1 47 0.064022759833
1 48 0.838386819498
1 49 0.183204336802
1 50 0.275707541034
1 51 0.671593723379
1 52 0.333056062428
1 53 0.888222999561
1 54 0.350181232880
1 55 0.822895934236
1 56 0.215183021003
1 57 0.324885187559
1 58 0.446722152526
1 59 0.645343724982
1 60 0.312723575042
1 61 0.296611356837
1 62 0.254084567027
1 63 0.637412679330
1 64 0.244274514793
1 65 0.078645397860
1 66 0.981789142880
1 67 0.995355704373
1 68 0.199706665703
1 69 0.881786527257
1 70 0.259809719802
1 71 0.822010075995
1 72 0.991375393743
1 73 0.604456742489
1 74 0.834174934497
1 75 0.783372520618
1 76 0.056815758021
1 77 0.017778835437
1 78 0.945889766811
1 79 0.159746003804
1 80 0.523725342477
1 81 0.838949497396
1 82 0.520202752757
1 83 0.826895533199
1 84 0.505689300807
1 85 0.807630470261
1 86 0.628082681467
1 87 0.974576980387
1 88 0.968576093630
1 89 0.590668431257
1 90 0.881344833518
1 91 0.268806863457
1 92 0.731880032962
1 93 0.953552809420
1 94 0.385264219044
1 95 0.741639924812
1 96 0.686778124964
1 97 0.908480868893
1 98 0.518624997162
1 99 0.551462150205
2 0 0.819862124953
2 1 0.266899524572
2 2 0.130827010147
2 3 0.317043210818
2 4 0.324838307555
2 5 0.862059293745
2 6 0.696501972917
2 7 0.607358079302
2 8 0.188927087856
2 9 0.264915726515
2 10 0.131564084546
2 11 0.840101067994
2 12 0.698702268349
2 13 0.603421085334
2 14 0.415465005212
2 15 0.542677134166
2 16 0.389100454611
2 17 0.728034890374
2 18 0.303725522448
2 19 0.639573330864
2 20 0.144951563659
2 21 0.118586151080
2 22 0.836322277409
2 23 0.853942054907
2 24 0.275629301647
2 25 0.043090733049
2 26 0.131406307330
2 27 0.446961136938
2 28 0.130881492840
2 29 0.185117955969
2 30 0.524764508948
2 31 0.663210245255
2 32 0.519310966219
2 33 0.954574836217
2 34 0.287330905415
2 35 0.287193540701
2 36 0.138518010345
2 37 0.858310097003
2 38 0.899863181719
2 39 0.754395409359
2 40 0.824739164811
2 41 0.710387864772
2 42 0.144362479583
2 43 0.751617881050
2 44 0.051836461443
2 45 0.766440095343
2 46 0.201998070712
2 47 0.079381613364
2 48 0.293510609723
2 49 0.399839966347
2 50 0.227865331788
2 51 0.697925749566
2 52 0.846906587360
2 53 0.496650660995
2 54 0.482768091326
2 55 0.961192221234
2 56 0.532496539602
2 57 0.653953566207
2 58 0.552078112597
2 59 0.262873374457
2 60 0.047103605981
2 61 0.796535920212
2 62 0.258383703418
2 63 0.838628135897
2 64 0.920569355296
2 65 0.543186165910
2 66 0.862922152908
2 67 0.840760629985
2 68 0.927783578195
2 69 0.850974071861
2 70 0.779256480238
2 71 0.108139453760
2 72 0.455563765838
2 73 0.545823954229
2 74 0.532553843017
2 75 0.670529759136
2 76 0.315872700100
2 77 0.373614078772
2 78 0.024158613467
2 79 0.475817809157
2 80 0.562130785816
2 81 0.058686303532
2 82 0.710026665163
2 83 0.793252223558
2 84 0.056547714978
2 85 0.384013935055
2 86 0.261857412476
2 87 0.775548843481
2 88 0.476007026098
2 89 0.126021200333
2 90 0.095465456180
2 91 0.125344823164
2 92 0.303134948893
2 93 0.862465529139
2 94 0.531669433676
2 95 0.435347095368
2 96 0.579169192123
2 97 0.896487598220
2 98 0.977348572689
2 99 0.236195963333
3 0 0.857974461068
3 1 0.668157467779
3 2 0.224756891818
3 3 0.397492697324
3 4 0.535536143836
3 5 0.230769177156
3 6 0.651809749392
3 7 0.083369956237
3 8 0.750261455867
3 9 0.451651179454
3 10 0.451641048950
3 11 0.266168011551
3 12 0.520824714268
3 13 0.074601026993
3 14 0.019977689041
3 15 0.719008278961
3 16 0.431198107460
3 17 0.799491591613
3 18 0.731088930713
3 19 0.504099315527
3 20 0.311539390458
3 21 0.036344095448
3 22 0.143017357155
3 23 0.999540321812
3 24 0.266040132664
3 25 0.753428900827
3 26 0.281489851550
3 27 0.810990296474
3 28 0.330817181713
3 29 0.520810321787
3 30 0.289510898943
3 31 0.172141608381
3 32 0.500518739307
3 33 0.622431295241
3 34 0.074951114113
3 35 0.700143633670
3 36 0.086164432073
3 37 0.755173870322
3 38 0.921959472269
3 39 0.868564534902
3 40 0.423600287016
3 41 0.432273355581
3 42 0.032901923487
3 43 0.826738640346
3 44 0.756585550710
3 45 0.379027042966
3 46 0.717549449425
3 47 0.111154643489
3 48 0.721520546243
3 49 0.505657277784
3 50 0.957959840397
3 51 0.944212540945
3 52 0.350960612280
3 53 0.442131184561
3 54 0.295447266132
3 55 0.947996815318
3 56 0.832010923313
3 57 0.511807309315
3 58 0.938372037442
3 59 0.577544675365
3 60 0.500369496513
3 61 0.925270664640
3 62 0.751319543200
3 63 0.443714025686
3 64 0.712431868687
3 65 0.310005340323
3 66 0.468679841869
3 67 0.845212554613
3 68 0.079559635455
3 69 0.937754174522
3 70 0.163094491508
3 71 0.152861982476
3 72 0.008214719364
3 73 0.754518097146
3 74 0.756757069142
3 75 0.209430408147
3 76 0.243712943880
3 77 0.988512696875
3 78 0.317283792696
3 79 0.792626094825
3 80 0.434627903336
3 81 0.840633628842
3 82 0.717972423652
3 83 0.292898294629
3 84 0.471585589174
3 85 0.637566269933
3 86 0.256587840204
3 87 0.950318659871
3 88 0.617887640835
3 89 0.879881387215
3 90 0.916003054859
3 91 0.349965000027
3 92 0.411564735239
3 93 0.728503409089
3 94 0.335334485936
3 95 0.108360610036
3 96 0.946274800265
3 97 0.223978308650
3 98 0.567582528680
3 99 0.587988502379
4 0 0.738235700049
4 1 0.605539636990
4 2 0.447764064842
4 3 0.044494490914
4 4 0.511001116787
4 5 0.750986526104
4 6 0.439625476577
4 7 0.625147794786
4 8 0.611036782363
4 9 0.488908761228
4 10 0.959717624169
4 11 0.839066815805
4 12 0.499822717785
4 13 0.403460050169
4 14 0.371704251339
4 15 0.206905968267
4 16 0.405258087056
4 17 0.684709711501
4 18 0.840094972676
4 19 0.180215514839
4 20 0.014996670649
4 21 0.459173278505
4 22 0.080638831777
4 23 0.141776058090
4 24 0.690575985236
4 25 0.878762670989
4 26 0.638363708583
4 27 0.415775700217
4 28 0.938240729611
4 29 0.445202061788
4 30 0.191471387714
4 31 0.572896636905
4 32 0.709944442974
4 33 0.949228267428
4 34 0.302460807175
4 35 0.644971208453
4 36 0.542098634234
4 37 0.386521797478
4 38 0.516957622831
4 39 0.373728601295
4 40 0.020908192619
4 41 0.450987174502
4 42 0.933828692577
4 43 0.784453856397
4 44 0.215793374625
4 45 0.501501132772
4 46 0.098365360017
4 47 0.208637222412
4 48 0.387760708936
4 49 0.614108490831
4 50 0.520376431428
4 51 0.755544919607
4 52 0.906908449797
4 53 0.011726449567
4 54 0.323953440734
4 55 0.963905019160
4 56 0.149655470471
4 57 0.591296929302
4 58 0.170302257526
4 59 0.972643567252
4 60 0.142479075086
4 61 0.670996059943
4 62 0.960451709192
4 63 0.302448095107
4 64 0.775666567261
4 65 0.008950109138
4 66 0.592659502113
4 67 0.677717321679
4 68 0.534309425475
4 69 0.378673393238
4 70 0.339894615305
4 71 0.865102004476
4 72 0.819863712258
4 73 0.825340199880
4 74 0.169160796273
4 75 0.740520641899
4 76 0.076378716068
4 77 0.021692431222
4 78 0.550443584508
4 79 0.131253587019
4 80 0.624797233871
4 81 0.750493150688
4 82 0.792585564980
4 83 0.457211745065
4 84 0.817171555580
4 85 0.562941203365
4 86 0.813088905275
4 87 0.787471924606
4 88 0.472766498363
4 89 0.581558080215
4 90 0.679678124881
4 91 0.671445672511
4 92 0.954444269390
4 93 0.251145686105
4 94 0.710702434092
4 95 0.350090538717
4 96 0.781277424152
4 97 0.672230651349
4 98 0.753500173204
4 99 0.864601107815
5 0 0.178717878101
5 1 0.141326567543
5 2 0.091060335864
5 3 0.536270122394
5 4 0.807660872204
5 5 0.098495086503
5 6 0.016696953580
5 7 0.800888245149
5 8 0.359808080189
5 9 0.386363516547
5 10 0.083884664015
5 11 0.266485343378
5 12 0.360293048965
5 13 0.354248120037
5 14 0.953752378875
5 15 0.985537723500
5 16 0.216344116991
5 17 0.058890549205
5 18 0.396311318035
5 19 0.914428707947
5 20 0.072021637173
5 21 0.642232432828
5 22 0.444655339750
5 23 0.703478329438
5 24 0.580960465923
5 25 0.449879188944
5 26 0.848327799715
5 27 0.591669338226
5 28 0.889799317946
5 29 0.677539937616
5 30 0.792910644225
5 31 0.982140832270
5 32 0.144736253482
5 33 0.783241906411
5 34 0.625996905415
5 35 0.370346080302
5 36 0.173838281787
5 37 0.304223924396
5 38 0.793776956708
5 39 0.856400880286
5 40 0.996248998826
5 41 0.059092717358
5 42 0.334394282780
5 43 0.035800054704
5 44 0.183779222023
5 45 0.907004854963
5 46 0.659106024224
5 47 0.681516781501
5 48 0.587576614402
5 49 0.867459607223
5 50 0.597706403437
5 51 0.307113299248
5 52 0.063519855620
5 53 0.826410231423
5 54 0.913726139866
5 55 0.028625247097
5 56 0.957441964414
5 57 0.078873384263
5 58 0.472562350089
5 59 0.135833216388
5 60 0.228889106435
5 61 0.622611919609
5 62 0.268708175346
5 63 0.944582040665
5 64 0.495703819896
5 65 0.627751525559
5 66 0.203620131035
5 67 0.491470594826
5 68 0.834623810413
5 69 0.692547897579
5 70 0.410815625985
5 71 0.831239804054
5 72 0.572108394110
5 73 0.128875361627
5 74 0.101431502325
5 75 0.341306267573
5 76 0.186979190571
5 77 0.844392817368
5 78 0.329979319863
5 79 0.795158468297
5 80 0.232717839068
5 81 0.089063668810
5 82 0.915568633780
5 83 0.722937031048
5 84 0.799658907357
5 85 0.304174716546
5 86 0.658713705265
5 87 0.336488607156
5 88 0.161515645711
5 89 0.661797294160
5 90 0.776260244475
5 91 0.377495932844
5 92 0.023746014970
5 93 0.557280127442
5 94 0.554763371845
5 95 0.087513814414
5 96 0.159856739375
5 97 0.755848103695
5 98 0.262578393924
5 99 0.884962231300
6 0 0.426627677532
6 1 0.727239572516
6 2 0.711085379496
6 3 0.089480734665
6 4 0.030835835234
6 5 0.006062512969
6 6 0.005608175543
6 7 0.254336324467
6 8 0.757945147963
6 9 0.569991942784
6 10 0.753912036905
6 11 0.674845364058
6 12 0.839417310776
6 13 0.209099668978
6 14 0.482085140201
6 15 0.183739588434
6 16 0.573016315404
6 17 0.898473561026
6 18 0.015182108651
6 19 0.003293162407
6 20 0.521803770140
6 21 0.625969199240
6 22 0.077397234444
6 23 0.037753664075
6 24 0.383823409679
6 25 0.873043868433
6 26 0.194407091990
6 27 0.867561750977
6 28 0.364176720911
6 29 0.062907606209
6 30 0.635910978797
6 31 0.245756968956
6 32 0.456146909649
6 33 0.846698347630
6 34 0.934730616313
6 35 0.812233618051
6 36 0.977681065578
6 37 0.281601413753
6 38 0.582008465003
6 39 0.871809535848
6 40 0.325296026445
6 41 0.351526230736
6 42 0.974093132387
6 43 0.305164737286
6 44 0.041103549365
6 45 0.792147121509
6 46 0.190335428525
6 47 0.427643976240
6 48 0.455358323174
6 49 0.486614437990
6 50 0.700764451202
6 51 0.814459243922
6 52 0.144451204549
6 53 0.365279941591
6 54 0.648561500494
6 55 0.034639047969
6 56 0.510757779357
6 57 0.202524614242
6 58 0.228238860831
6 59 0.564497674852
6 60 0.980185619762
6 61 0.426986451321
6 62 0.432385365361
6 63 0.229139683503
6 64 0.798368936668
6 65 0.789800021280
6 66 0.487215254466
6 67 0.296713221933
6 68 0.470533296531
6 69 0.195742220247
6 70 0.435239849416
6 71 0.212291760104
6 72 0.239205644307
6 73 0.849977888884
6 74 0.074261526834
6 75 0.811886952894
6 76 0.948974012820
6 77 0.518289593971
6 78 0.449423086843
6 79 0.314774854419
6 80 0.966506246863
6 81 0.423744250020
6 82 0.599919449076
6 83 0.677282989495
6 84 0.272657155450
6 85 0.924535451502
6 86 0.362975324749
6 87 0.695094436131
6 88 0.018110907159
6 89 0.588928141790
6 90 0.687924866923
6 91 0.478914512971
6 92 0.024916129225
6 93 0.208000628041
6 94 0.051033918743
6 95 0.130869179599
6 96 0.453575299733
6 97 0.288416296970
6 98 0.535716997515
6 99 0.947166285131
7 0 0.476144361832
7 1 0.962878285779
7 2 0.982643641612
7 3 0.719914959215
7 4 0.052067795052
7 5 0.179790830741
7 6 0.542229922643
7 7 0.932093357209
7 8 0.525365861316
7 9 0.266447546725
7 10 0.553110879878
7 11 0.857595381155
7 12 0.424509932528
7 13 0.694244904117
7 14 0.705752214063
7 15 0.371864005429
7 16 0.620050406212
7 17 0.390825812550
7 18 0.352522208415
7 19 0.110864621908
7 20 0.527090184507
7 21 0.213071089334
7 22 0.782038704351
7 23 0.157377489820
7 24 0.269853003788
7 25 0.608313927926
7 26 0.838591333360
7 27 0.129209337114
7 28 0.519559070928
7 29 0.615874458700
7 30 0.521747491466
7 31 0.100008447331
7 32 0.001881984865
7 33 0.745488990563
7 34 0.583987361996
7 35 0.643492129063
7 36 0.719556622011
7 37 0.001012086742
7 38 0.441004528523
7 39 0.833456836450
7 40 0.938925368345
7 41 0.293997292493
7 42 0.108781530021
7 43 0.303466209831
7 44 0.629372099620
7 45 0.896494626374
7 46 0.305926299140
7 47 0.141229442251
7 48 0.039378639923
7 49 0.040590734916
7 50 0.807507393469
7 51 0.421215892835
7 52 0.627112367039
7 53 0.348561786573
7 54 0.726141646235
7 55 0.779752826851
7 56 0.082825329045
7 57 0.826149852050
7 58 0.692921235946
7 59 0.457266597237
7 60 0.939940715974
7 61 0.274833108163
7 62 0.234169879804
7 63 0.663356520425
7 64 0.891405858288
7 65 0.513745368308
7 66 0.410199581051
7 67 0.627139459382
7 68 0.780219977597
7 69 0.149019728089
7 70 0.736509492070
7 71 0.739271101426
7 72 0.381695073852
7 73 0.359858427305
7 74 0.087292229744
7 75 0.516162999782
7 76 0.341263803874
7 77 0.271832313220
7 78 0.255451549674
7 79 0.033760739857
7 80 0.272396924225
7 81 0.408068665513
7 82 0.442329992623
7 83 0.604294711978
7 84 0.090970958599
7 85 0.662825634671
7 86 0.466219836621
7 87 0.969714597880
7 88 0.795585980207
7 89 0.400867932506
7 90 0.322828892650
7 91 0.510897465788
7 92 0.164494782758
7 93 0.304873696667
7 94 0.732802813795
7 95 0.483995719199
7 96 0.193031535085
7 97 0.526607132079
7 98 0.284892864518
7 99 0.605567405692
8 0 0.262519942058
8 1 0.716553951340
8 2 0.130982044491
8 3 0.225509210185
8 4 0.777239913458
8 5 0.651271677289
8 6 0.956610562324
8 7 0.237099123070
8 8 0.129146155207
8 9 0.736216120994
8 10 0.905574585321
8 11 0.166202341158
8 12 0.784068985365
8 13 0.681424913355
8 14 0.015331855055
8 15 0.575137288563
8 16 0.591459732084
8 17 0.114147902920
8 18 0.380268158992
8 19 0.299396980935
8 20 0.854803194235
8 21 0.907354981511
8 22 0.498904507728
8 23 0.478689053491
8 24 0.259024184718
8 25 0.359230759238
8 26 0.072149062581
8 27 0.405025534080
8 28 0.851694249388
8 29 0.204042399780
8 30 0.830186121753
8 31 0.448423788521
8 32 0.943006365123
8 33 0.828931665820
8 34 0.063391760129
8 35 0.341807060861
8 36 0.512218080300
8 37 0.203118652192
8 38 0.035947644706
8 39 0.641419459758
8 40 0.153747192078
8 41 0.411161798928
8 42 0.199508860387
8 43 0.613014783599
8 44 0.911396419311
8 45 0.405150119427
8 46 0.481200877336
8 47 0.525237495032
8 48 0.118676929028
8 49 0.996653795834
8 50 0.536407968460
8 51 0.181862163898
8 52 0.595535611594
8 53 0.319912005140
8 54 0.637016161135
8 55 0.304505883388
8 56 0.257998742576
8 57 0.882861358526
8 58 0.690232430503
8 59 0.669607405447
8 60 0.266615111969
8 61 0.892370329941
8 62 0.463059897783
8 63 0.915960049343
8 64 0.947582536632
8 65 0.731384589229
8 66 0.005053007134
8 67 0.466369998889
8 68 0.121116777936
8 69 0.146747145909
8 70 0.333278118619
8 71 0.719495536065
8 72 0.018722213360
8 73 0.018279179339
8 74 0.513450455344
8 75 0.797996433894
8 76 0.269349771245
8 77 0.127990699821
8 78 0.836173858019
8 79 0.870587728541
8 80 0.739487015108
8 81 0.594130336074
8 82 0.294310253340
8 83 0.105010014082
8 84 0.253398222796
8 85 0.763904959804
8 86 0.116677683271
8 87 0.408902917425
8 88 0.250338335887
8 89 0.617199969570
8 90 0.458758519325
8 91 0.342977298273
8 92 0.248067870947
8 93 0.845138581774
8 94 0.149153691603
8 95 0.185327475431
8 96 0.892300555881
8 97 0.536804656864
8 98 0.158727932964
8 99 0.834584877463
9 0 0.555016825082
9 1 0.503395003523
9 2 0.702096854655
9 3 0.376280318575
9 4 0.151616082461
9 5 0.934015121001
9 6 0.823593879942
9 7 0.791563943197
9 8 0.129870751119
9 9 0.272067343394
9 10 0.330942666349
9 11 0.892286391266
9 12 0.380772913330
9 13 0.749694622303
9 14 0.948861891468
9 15 0.599250539188
9 16 0.142254503529
9 17 0.193868656692
9 18 0.775708619373
9 19 0.644910854353
9 20 0.852926741587
9 21 0.037081003476
9 22 0.291449872111
9 23 0.796414964199
9 24 0.302916497351
9 25 0.383966227086
9 26 0.880468790497
9 27 0.193867235674
9 28 0.146923622507
9 29 0.018598451681
9 30 0.521795729661
9 31 0.396827863880
9 32 0.549704472025
9 33 0.758091110684
9 34 0.045551248245
9 35 0.311276538762
9 36 0.324655817355
9 37 0.849848004108
9 38 0.471357890712
9 39 0.944778777123
9 40 0.735816365733
9 41 0.638474504927
9 42 0.634492015623
9 43 0.616577187816
9 44 0.964475148278
9 45 0.632710905551
9 46 0.737271477036
9 47 0.648571272904
9 48 0.366093459323
9 49 0.862968346296
9 50 0.990801539915
9 51 0.701538421189
9 52 0.559808456932
9 53 0.102631558352
9 54 0.837772349543
9 55 0.461139285827
9 56 0.904492960971
9 57 0.854651907612
9 58 0.297463865398
9 59 0.843765135481
9 60 0.403354641940
9 61 0.557828678182
9 62 0.987898378210
9 63 0.952820352142
9 64 0.524578063061
9 65 0.694499700949
9 66 0.820359787471
9 67 0.740623020418
9 68 0.249037548113
9 69 0.348246498258
9 70 0.638445454478
9 71 0.983022386348
9 72 0.755383319819
9 73 0.353332963028
9 74 0.199195739859
9 75 0.585754685060
9 76 0.974602008679
9 77 0.213594413029
9 78 0.334371714845
9 79 0.789328996299
9 80 0.430089285741
9 81 0.543791606519
9 82 0.021314237753
9 83 0.712983818616
9 84 0.417674722811
9 85 0.612681271459
9 86 0.627196158035
9 87 0.904964785118
9 88 0.919462995035
9 89 0.462908316449
9 90 0.303582322573
9 91 0.207983619100
9 92 0.429218312040
9 93 0.720473320927
9 94 0.390487231367
9 95 0.648138079540
9 96 0.527001758246
9 97 0.921922482103
9 98 0.089958729769
9 99 0.613016443697
0 0 8
0 1 8
0 2 8
0 3 4
0 4 8
0 5 5
0 6 8
0 7 9
0 8 10
0 9 4
0 10 9
0 11 7
0 12 3
0 13 9
0 14 10
0 15 10
0 16 7
0 17 9
0 18 11
0 19 8
0 20 7
0 21 10
0 22 6
0 23 9
0 24 5
0 25 9
0 26 11
0 27 8
0 28 11
0 29 8
0 30 9
0 31 9
0 32 7
0 33 6
0 34 9
0 35 3
0 36 4
0 37 8
0 38 7
0 39 8
0 40 8
0 41 3
0 42 9
0 43 10
0 44 5
0 45 4
0 46 7
0 47 3
0 48 9
0 49 10
0 50 5
0 51 7
0 52 10
0 53 9
0 54 9
0 55 10
0 56 7
0 57 5
0 58 5
0 59 10
0 60 8
0 61 10
0 62 9
0 63 4
0 64 8
0 65 7
0 66 4
0 67 5
0 68 3
0 69 9
0 70 8
0 71 6
0 72 9
0 73 5
0 74 8
0 75 3
0 76 3
0 77 8
0 78 9
0 79 8
0 80 10
0 81 8
0 82 9
0 83 9
0 84 9
0 85 3
0 86 3
0 87 11
0 88 6
0 89 7
0 90 5
0 91 10
0 92 9
0 93 4
0 94 9
0 95 9
0 96 9
0 97 8
0 98 7
0 99 10
1 0 8
1 1 9
1 2 9
1 3 4
1 4 8
1 5 4
1 6 11
1 7 8
1 8 9
1 9 6
1 10 10
1 11 8
1 12 4
1 13 9
1 14 9
1 15 11
1 16 8
1 17 12
1 18 11
1 19 9
1 20 9
1 21 11
1 22 9
1 23 11
1 24 5
1 25 10
1 26 12
1 27 9
1 28 10
1 29 11
1 30 11
1 31 11
1 32 7
1 33 6
1 34 11
1 35 6
1 36 5
1 37 11
1 38 9
1 39 7
1 40 11
1 41 4
1 42 10
1 43 12
1 44 6
1 45 4
1 46 8
1 47 6
1 48 8
1 49 11
1 50 6
1 51 6
1 52 12
1 53 9
1 54 9
1 55 10
1 56 8
1 57 5
1 58 6
1 59 9
1 60 8
1 61 10
1 62 11
1 63 4
1 64 9
1 65 10
1 66 4
1 67 5
1 68 5
1 69 11
1 70 10
1 71 6
1 72 8
1 73 6
1 74 10
1 75 4
1 76 5
1 77 10
1 78 11
1 79 7
1 80 10
1 81 10
1 82 8
1 83 10
1 84 10
1 85 4
1 86 5
1 87 10
1 88 7
1 89 8
1 90 5
1 91 10
1 92 9
1 93 4
1 94 9
1 95 9
1 96 9
1 97 11
1 98 7
1 99 12
2 0 9
2 1 9
2 2 7
2 3 5
2 4 9
2 5 5
2 6 8
2 7 8
2 8 8
2 9 3
2 10 11
2 11 6
2 12 5
2 13 8
2 14 10
2 15 10
2 16 7
2 17 10
2 18 9
2 19 8
2 20 9
2 21 10
2 22 7
2 23 9
2 24 3
2 25 10
2 26 11
2 27 8
2 28 11
2 29 10
2 30 9
2 31 9
2 32 7
2 33 7
2 34 9
2 35 3
2 36 3
2 37 9
2 38 8
2 39 7
2 40 9
2 41 3
2 42 11
2 43 9
2 44 6
2 45 5
2 46 5
2 47 3
2 48 9
2 49 9
2 50 5
2 51 5
2 52 11
2 53 9
2 54 7
2 55 10
2 56 7
2 57 4
2 58 4
2 59 10
2 60 8
2 61 10
2 62 8
2 63 5
2 64 7
2 65 8
2 66 4
2 67 4
2 68 4
2 69 11
2 70 9
2 71 6
2 72 8
2 73 5
2 74 9
2 75 5
2 76 5
2 77 9
2 78 10
2 79 6
2 80 8
2 81 8
2 82 9
2 83 9
2 84 8
2 85 4
2 86 4
2 87 9
2 88 5
2 89 7
2 90 6
2 91 10
2 92 8
2 93 3
2 94 9
2 95 9
2 96 9
2 97 10
2 98 5
2 99 9
3 0 9
3 1 12
3 2 11
3 3 5
3 4 11
3 5 6
3 6 11
3 7 11
3 8 12
3 9 5
3 10 12
3 11 9
3 12 5
3 13 10
3 14 11
3 15 11
3 16 10
3 17 13
3 18 13
3 19 12
3 20 11
3 21 10
3 22 9
3 23 12
3 24 7
3 25 13
3 26 13
3 27 9
3 28 13
3 29 12
3 30 11
3 31 12
3 32 8
3 33 8
3 34 11
3 35 5
3 36 7
3 37 11
3 38 10
3 39 10
3 40 11
3 41 5
3 42 13
3 43 13
3 44 6
3 45 6
3 46 8
3 47 6
3 48 11
3 49 11
3 50 7
3 51 9
3 52 13
3 53 11
3 54 10
3 55 11
3 56 7
3 57 8
3 58 6
3 59 10
3 60 9
3 61 11
3 62 11
3 63 5
3 64 10
3 65 11
3 66 6
3 67 8
3 68 5
3 69 12
3 70 11
3 71 7
3 72 11
3 73 8
3 74 10
3 75 5
3 76 5
3 77 12
3 78 11
3 79 8
3 80 12
3 81 12
3 82 9
3 83 10
3 84 11
3 85 6
3 86 5
3 87 12
3 88 9
3 89 7
3 90 8
3 91 13
3 92 10
3 93 7
3 94 11
3 95 10
3 96 10
3 97 10
3 98 8
3 99 11
4 0 7
4 1 10
4 2 9
4 3 5
4 4 8
4 5 3
4 6 8
4 7 9
4 8 8
4 9 3
4 10 11
4 11 5
4 12 4
4 13 8
4 14 8
4 15 8
4 16 8
4 17 10
4 18 11
4 19 8
4 20 7
4 21 9
4 22 6
4 23 9
4 24 3
4 25 10
4 26 9
4 27 8
4 28 10
4 29 10
4 30 11
4 31 11
4 32 7
4 33 7
4 34 9
4 35 5
4 36 4
4 37 8
4 38 7
4 39 8
4 40 8
4 41 4
4 42 9
4 43 10
4 44 6
4 45 3
4 46 7
4 47 4
4 48 7
4 49 11
4 50 3
4 51 5
4 52 10
4 53 8
4 54 8
4 55 9
4 56 7
4 57 4
4 58 3
4 59 10
4 60 8
4 61 10
4 62 8
4 63 3
4 64 9
4 65 8
4 66 4
4 67 6
4 68 4
4 69 9
4 70 9
4 71 5
4 72 8
4 73 5
4 74 8
4 75 3
4 76 5
4 77 9
4 78 8
4 79 6
4 80 10
4 81 9
4 82 8
4 83 9
4 84 10
4 85 5
4 86 3
4 87 11
4 88 7
4 89 7
4 90 6
4 91 11
4 92 9
4 93 4
4 94 7
4 95 9
4 96 9
4 97 10
4 98 7
4 99 10
5 0 8
5 1 10
5 2 10
5 3 5
5 4 9
5 5 6
5 6 11
5 7 8
5 8 9
5 9 5
5 10 11
5 11 8
5 12 5
5 13 8
5 14 11
5 15 10
5 16 7
5 17 10
5 18 12
5 19 11
5 20 9
5 21 10
5 22 7
5 23 11
5 24 4
5 25 11
5 26 11
5 27 10
5 28 12
5 29 9
5 30 11
5 31 10
5 32 7
5 33 8
5 34 10
5 35 4
5 36 4
5 37 11
5 38 8
5 39 9
5 40 10
5 41 5
5 42 10
5 43 11
5 44 5
5 45 4
5 46 6
5 47 4
5 48 9
5 49 12
5 50 6
5 51 8
5 52 11
5 53 10
5 54 10
5 55 12
5 56 8
5 57 7
5 58 4
5 59 10
5 60 9
5 61 10
5 62 10
5 63 6
5 64 8
5 65 9
5 66 5
5 67 7
5 68 6
5 69 10
5 70 10
5 71 6
5 72 9
5 73 8
5 74 9
5 75 5
5 76 4
5 77 10
5 78 10
5 79 9
5 80 10
5 81 9
5 82 10
5 83 10
5 84 10
5 85 6
5 86 5
5 87 10
5 88 8
5 89 6
5 90 7
5 91 10
5 92 9
5 93 5
5 94 9
5 95 9
5 96 9
5 97 9
5 98 6
5 99 11
6 0 10
6 1 11
6 2 10
6 3 4
6 4 8
6 5 5
6 6 9
6 7 10
6 8 9
6 9 4
6 10 10
6 11 6
6 12 5
6 13 9
6 14 10
6 15 11
6 16 7
6 17 10
6 18 11
6 19 10
6 20 8
6 21 10
6 22 8
6 23 11
6 24 6
6 25 10
6 26 12
6 27 10
6 28 11
6 29 9
6 30 10
6 31 10
6 32 8
6 33 6
6 34 11
6 35 6
6 36 5
6 37 9
6 38 8
6 39 8
6 40 11
6 41 4
6 42 10
6 43 11
6 44 7
6 45 4
6 46 7
6 47 4
6 48 10
6 49 12
6 50 6
6 51 6
6 52 12
6 53 10
6 54 8
6 55 11
6 56 6
6 57 5
6 58 4
6 59 11
6 60 9
6 61 10
6 62 11
6 63 6
6 64 9
6 65 9
6 66 5
6 67 6
6 68 6
6 69 11
6 70 8
6 71 6
6 72 10
6 73 8
6 74 10
6 75 6
6 76 5
6 77 9
6 78 11
6 79 8
6 80 10
6 81 10
6 82 9
6 83 10
6 84 11
6 85 6
6 86 4
6 87 12
6 88 6
6 89 6
6 90 5
6 91 12
6 92 9
6 93 5
6 94 9
6 95 10
6 96 10
6 97 10
6 98 6
6 99 10
7 0 7
7 1 8
7 2 7
7 3 5
7 4 9
7 5 5
7 6 9
7 7 9
7 8 9
7 9 3
7 10 10
7 11 5
7 12 3
7 13 7
7 14 9
7 15 10
7 16 8
7 17 11
7 18 11
7 19 9
7 20 7
7 21 9
7 22 7
7 23 9
7 24 3
7 25 9
7 26 10
7 27 8
7 28 9
7 29 9
7 30 10
7 31 11
7 32 8
7 33 7
7 34 10
7 35 5
7 36 4
7 37 10
7 38 9
7 39 7
7 40 8
7 41 4
7 42 9
7 43 10
7 44 6
7 45 4
7 46 7
7 47 5
7 48 9
7 49 11
7 50 4
7 51 7
7 52 10
7 53 9
7 54 8
7 55 11
7 56 5
7 57 4
7 58 4
7 59 8
7 60 8
7 61 10
7 62 9
7 63 4
7 64 9
7 65 9
7 66 5
7 67 6
7 68 5
7 69 11
7 70 9
7 71 6
7 72 7
7 73 7
7 74 10
7 75 3
7 76 5
7 77 8
7 78 9
7 79 8
7 80 10
7 81 8
7 82 7
7 83 8
7 84 9
7 85 4
7 86 3
7 87 11
7 88 6
7 89 7
7 90 5
7 91 11
7 92 8
7 93 4
7 94 8
7 95 10
7 96 10
7 97 9
7 98 5
7 99 9
8 0 8
8 1 11
8 2 9
8 3 6
8 4 8
8 5 4
8 6 9
8 7 10
8 8 9
8 9 6
8 10 10
8 11 7
8 12 4
8 13 9
8 14 9
8 15 11
8 16 7
8 17 10
8 18 12
8 19 9
8 20 8
8 21 10
8 22 8
8 23 11
8 24 4
8 25 11
8 26 12
8 27 8
8 28 11
8 29 9
8 30 12
8 31 11
8 32 9
8 33 8
8 34 12
8 35 5
8 36 5
8 37 11
8 38 8
8 39 9
8 40 10
8 41 4
8 42 12
8 43 10
8 44 6
8 45 6
8 46 6
8 47 5
8 48 8
8 49 12
8 50 4
8 51 6
8 52 12
8 53 9
8 54 8
8 55 11
8 56 8
8 57 5
8 58 4
8 59 9
8 60 7
8 61 11
8 62 9
8 63 5
8 64 8
8 65 8
8 66 5
8 67 6
8 68 4
8 69 12
8 70 10
8 71 8
8 72 9
8 73 8
8 74 10
8 75 6
8 76 4
8 77 10
8 78 9
8 79 9
8 80 9
8 81 10
8 82 9
8 83 9
8 84 10
8 85 5
8 86 4
8 87 10
8 88 6
8 89 7
8 90 5
8 91 10
8 92 10
8 93 4
8 94 8
8 95 10
8 96 11
8 97 10
8 98 6
8 99 11
9 0 9
9 1 12
9 2 11
9 3 6
9 4 11
9 5 5
9 6 11
9 7 11
9 8 12
9 9 6
9 10 13
9 11 9
9 12 6
9 13 9
9 14 10
9 15 10
9 16 9
9 17 11
9 18 11
9 19 11
9 20 10
9 21 12
9 22 9
9 23 11
9 24 5
9 25 13
9 26 11
9 27 10
9 28 11
9 29 10
9 30 12
9 31 13
9 32 10
9 33 9
9 34 11
9 35 6
9 36 5
9 37 12
9 38 10
9 39 9
9 40 10
9 41 7
9 42 12
9 43 13
9 44 6
9 45 6
9 46 7
9 47 6
9 48 9
9 49 12
9 50 6
9 51 9
9 52 11
9 53 10
9 54 11
9 55 13
9 56 7
9 57 8
9 58 5
9 59 10
9 60 10
9 61 12
9 62 11
9 63 7
9 64 9
9 65 10
9 66 6
9 67 8
9 68 7
9 69 12
9 70 9
9 71 9
9 72 11
9 73 8
9 74 10
9 75 6
9 76 7
9 77 10
9 78 11
9 79 9
9 80 11
9 81 10
9 82 10
9 83 10
9 84 11
9 85 6
9 86 7
9 87 13
9 88 8
9 89 7
9 90 6
9 91 12
9 92 10
9 93 5
9 94 11
9 95 12
9 96 10
9 97 12
9 98 9
9 99 13
