10 100 10 7 10.0 3.0 1.0 95
1 50 9
4 127 9
5 13 3
6 44 9
9 172 9
8 93 5
0 92 7
6 62 9
7 208 9
0 66 6
1 72 5
6 86 8
1 104 9
5 11 8
3 124 3
3 26 3
0 97 8
5 138 3
6 84 8
4 112 9
0 11 9
0 94 3
7 108 5
7 124 9
3 40 5
4 132 8
0 81 4
7 91 3
4 47 7
5 110 6
7 104 7
9 128 9
6 142 8
7 163 8
8 110 8
2 71 3
3 108 7
8 21 3
0 65 3
7 182 7
1 70 8
3 22 5
5 95 6
4 33 3
8 175 7
2 132 7
1 84 7
9 10 6
2 20 7
2 32 3
1 79 3
5 24 8
0 78 9
4 102 5
6 56 4
1 56 3
8 121 9
1 51 7
0 6 7
1 54 4
5 6 7
0 79 8
5 6 9
8 208 4
1 89 9
8 63 7
3 146 8
4 68 9
6 194 9
2 113 5
8 198 8
2 64 8
9 215 6
2 7 6
4 137 3
8 177 9
4 25 8
6 130 4
6 160 3
7 50 6
7 206 3
3 18 8
2 91 7
5 37 8
3 87 8
9 242 8
7 100 8
4 32 6
5 94 7
2 125 7
9 220 8
8 215 3
9 30 9
9 50 3
9 58 3
9 82 8
3 63 8
3 9 8
2 7 7
6 62 3
0 0 0.810433344450
0 1 0.341370840199
0 2 0.174783712919
0 3 0.810861116927
0 4 0.704805515097
0 5 0.904787299849
0 6 0.918232670038
0 7 0.737006650585
0 8 0.193659184808
0 9 0.685725905612
0 10 0.689837522428
0 11 0.136650642813
0 12 0.667376785935
0 13 0.303536039714
0 14 0.118827567919
0 15 0.307428551837
0 16 0.177766900732
0 17 0.310139490587
0 18 0.496653378659
0 19 0.586343426132
0 20 0.418691273182
0 21 0.345928696736
0 22 0.234992201983
0 23 0.173364415717
0 24 0.008073784489
0 25 0.081898957648
0 26 0.028618587351
0 27 0.098947665964
0 28 0.118101215326
0 29 0.988206021909
0 30 0.436357235483
0 31 0.678228475362
0 32 0.328262959757
0 33 0.481458994838
0 34 0.296921160473
0 35 0.818514763803
0 36 0.984053472882
0 37 0.392839484424
0 38 0.852555361041
0 39 0.504595838370
0 40 0.850332220043
0 41 0.322292581226
0 42 0.670081028183
0 43 0.728067221718
0 44 0.039181695872
0 45 0.256488106947
0 46 0.162379193401
0 47 0.528380553469
0 48 0.983314361518
0 49 0.937948224685
0 50 0.837717195359
0 51 0.909106880035
0 52 0.907947382705
0 53 0.829799577441
0 54 0.022213233036
0 55 0.239713208352
0 56 0.036473555695
0 57 0.678889345243
0 58 0.105749864853
0 59 0.508197083818
0 60 0.634681438412
0 61 0.063100630605
0 62 0.166911425831
0 63 0.113959560968
0 64 0.961450503781
0 65 0.864038372976
0 66 0.684230401510
0 67 0.823262205239
0 68 0.268674214790
0 69 0.397873471647
0 70 0.500851010079
0 71 0.752283648725
0 72 0.271348727530
0 73 0.388632098435
0 74 0.741001555467
0 75 0.454898345400
0 76 0.612187052646
0 77 0.847090028353
0 78 0.972464888000
0 79 0.749884184581
0 80 0.907126045918
0 81 0.024062915101
0 82 0.740949536514
0 83 0.870045170542
0 84 0.807888043855
0 85 0.412129396732
0 86 0.844000496085
0 87 0.737661530872
0 88 0.454377622209
0 89 0.607160788105
0 90 0.084180646279
0 91 0.220903257928
0 92 0.684491241218
0 93 0.963529780731
0 94 0.310719260156
0 95 0.756063182014
0 96 0.075680113341
0 97 0.239637560483
0 98 0.884746283433
0 99 0.174572592592
1 0 0.663245890756
1 1 0.981507937916
1 2 0.613044393714
1 3 0.605629156162
1 4 0.814191090650
1 5 0.364070875106
1 6 0.020644750097
1 7 0.708523986959
1 8 0.313088767377
1 9 0.693629794662
1 10 0.222927734453
1 11 0.228617401954
1 12 0.854971046985
1 13 0.055894898586
1 14 0.800963518042
1 15 0.945374334502
1 16 0.469284489506
1 17 0.882456376313
1 18 0.853316663009
1 19 0.498308381688
1 20 0.029165151425
1 21 0.173154947619
1 22 0.471124176748
1 23 0.889463897964
1 24 0.647746965598
1 25 0.310071544044
1 26 0.502411358182
1 27 0.646134396556
1 28 0.352569746760
1 29 0.582043836489
1 30 0.079696966284
1 31 0.359379389759
1 32 0.588028444534
1 33 0.694463869222
1 34 0.408047134684
1 35 0.908245413839
1 36 0.721627100354
1 37 0.017111150487
1 38 0.774242997366
1 39 0.367898070308
1 40 0.964823427515
1 41 0.124951406323
1 42 0.250635292167
1 43 0.099741239944
1 44 0.424795666791
1 45 0.768004937719
1 46 0.206938994885
1 47 0.516090400543
1 48 0.080034574977
1 49 0.015395389831
1 50 0.459239426734
1 51 0.348742128864
1 52 0.028352455242
1 53 0.731934269310
1 54 0.462275651825
1 55 0.127710560300
1 56 0.350071310431
1 57 0.249751749708
1 58 0.658347096984
1 59 0.032118630102
1 60 0.470535154376
1 61 0.673778202873
1 62 0.458829167717
1 63 0.869470759521
1 64 0.712781938470
1 65 0.239213158081
1 66 0.069907458382
1 67 0.333967239371
1 68 0.824466183001
1 69 0.706196978554
1 70 0.990851439328
1 71 0.544103140938
1 72 0.966865612179
1 73 0.695083172563
1 74 0.876127844040
1 75 0.116881518385
1 76 0.709433076484
1 77 0.179929660446
1 78 0.491573572511
1 79 0.545472266775
1 80 0.371710290801
1 81 0.700797148388
1 82 0.713901592247
1 83 0.107193285543
1 84 0.592306719653
1 85 0.991546516206
1 86 0.761910792376
1 87 0.598989903211
1 88 0.345129524278
1 89 0.538187830712
1 90 0.651027096301
1 91 0.136473996834
1 92 0.347739093126
1 93 0.014931299881
1 94 0.716296074713
1 95 0.342818500569
1 96 0.563558188678
1 97 0.965696192989
1 98 0.621002233912
1 99 0.636082551546
2 0 0.364006799517
2 1 0.071345175321
2 2 0.344586656471
2 3 0.212040479521
2 4 0.095238097749
2 5 0.738002514161
2 6 0.753188529291
2 7 0.833754029179
2 8 0.764253639963
2 9 0.208623768978
2 10 0.728901490968
2 11 0.705359802054
2 12 0.754853022498
2 13 0.040954132561
2 14 0.405014049982
2 15 0.507138817031
2 16 0.588229160927
2 17 0.538592858944
2 18 0.697168106984
2 19 0.208628079503
2 20 0.834850096358
2 21 0.788844888878
2 22 0.927661118209
2 23 0.536830443949
2 24 0.750140565680
2 25 0.102271378922
2 26 0.389454893445
2 27 0.504858253901
2 28 0.311950019867
2 29 0.341142395510
2 30 0.401559396460
2 31 0.159971533817
2 32 0.362615076403
2 33 0.558924485917
2 34 0.944170260264
2 35 0.347083793174
2 36 0.461587768274
2 37 0.348782443669
2 38 0.233946391342
2 39 0.355049154728
2 40 0.619922706344
2 41 0.071325161925
2 42 0.789232659033
2 43 0.056249012529
2 44 0.904212603275
2 45 0.956288254510
2 46 0.219598737589
2 47 0.398517378340
2 48 0.738850903613
2 49 0.606092144715
2 50 0.279692468409
2 51 0.804116917359
2 52 0.282163334673
2 53 0.373691094393
2 54 0.512674834941
2 55 0.801866045704
2 56 0.457465449323
2 57 0.489859521019
2 58 0.862993198439
2 59 0.870924392718
2 60 0.273550866307
2 61 0.625675656944
2 62 0.804943995200
2 63 0.352928715366
2 64 0.948080088410
2 65 0.931557285189
2 66 0.349205980181
2 67 0.734851021254
2 68 0.463331030641
2 69 0.453413895905
2 70 0.323661407146
2 71 0.802050170232
2 72 0.075375403004
2 73 0.381527878197
2 74 0.296902197422
2 75 0.784487412933
2 76 0.195096264350
2 77 0.267191938925
2 78 0.483317635507
2 79 0.858257135400
2 80 0.444434417265
2 81 0.119996055055
2 82 0.036729308757
2 83 0.979822673730
2 84 0.132761094457
2 85 0.688899744616
2 86 0.563164148156
2 87 0.047893563285
2 88 0.182891855197
2 89 0.258778520972
2 90 0.545197253494
2 91 0.804248791821
2 92 0.658823883612
2 93 0.510169945156
2 94 0.750865405248
2 95 0.276144881599
2 96 0.375841062100
2 97 0.741275055392
2 98 0.960535861457
2 99 0.126555767604
3 0 0.382914425785
3 1 0.585556593437
3 2 0.916884672460
3 3 0.961568401724
3 4 0.784116966823
3 5 0.156339741112
3 6 0.847673715673
3 7 0.231888129034
3 8 0.577868056895
3 9 0.135511185120
3 10 0.765339104748
3 11 0.244725250907
3 12 0.021184345071
3 13 0.034867593837
3 14 0.356841182645
3 15 0.585345986827
3 16 0.845625290165
3 17 0.567433178152
3 18 0.747661649323
3 19 0.477749152298
3 20 0.122794620136
3 21 0.787826022490
3 22 0.162980589403
3 23 0.848353312079
3 24 0.358607012169
3 25 0.225576954652
3 26 0.956676134955
3 27 0.477938075964
3 28 0.464727071561
3 29 0.096511297870
3 30 0.250834033227
3 31 0.282873322728
3 32 0.310001379798
3 33 0.663823806009
3 34 0.539890313609
3 35 0.826841935565
3 36 0.681382230588
3 37 0.397203477092
3 38 0.293976223906
3 39 0.750627368510
3 40 0.465680540565
3 41 0.467637179943
3 42 0.624972829947
3 43 0.302149957570
3 44 0.104607856626
3 45 0.789581453181
3 46 0.616060960597
3 47 0.776831749975
3 48 0.103323658690
3 49 0.613353234116
3 50 0.128395333982
3 51 0.372915192883
3 52 0.160456342194
3 53 0.229769939074
3 54 0.923355980265
3 55 0.777468991860
3 56 0.031309158227
3 57 0.275165404521
3 58 0.837610952486
3 59 0.349748239644
3 60 0.493864242410
3 61 0.074796102970
3 62 0.862777490668
3 63 0.845949819178
3 64 0.663563477410
3 65 0.840762385587
3 66 0.533578761969
3 67 0.031486365203
3 68 0.804201240984
3 69 0.290496299855
3 70 0.406301168737
3 71 0.308105198205
3 72 0.180639323066
3 73 0.729589054191
3 74 0.609900061789
3 75 0.050152445962
3 76 0.460287837561
3 77 0.080931835642
3 78 0.438465334574
3 79 0.475719838548
3 80 0.547873885706
3 81 0.832010107061
3 82 0.292520255496
3 83 0.882387452958
3 84 0.300643530181
3 85 0.338047944311
3 86 0.087133549792
3 87 0.788311316090
3 88 0.263973372823
3 89 0.322897462052
3 90 0.387105581012
3 91 0.278995535804
3 92 0.939988584020
3 93 0.835579629181
3 94 0.981215495473
3 95 0.953348237734
3 96 0.309642359505
3 97 0.584648771279
3 98 0.593469115512
3 99 0.111486511115
4 0 0.437616224953
4 1 0.244421888064
4 2 0.933096451236
4 3 0.425527289989
4 4 0.626628474370
4 5 0.639858621905
4 6 0.982573555266
4 7 0.618305423368
4 8 0.558154528509
4 9 0.946151653653
4 10 0.964259150293
4 11 0.033595463724
4 12 0.170103488122
4 13 0.887086649794
4 14 0.017724999871
4 15 0.266417902857
4 16 0.496707907267
4 17 0.795020253900
4 18 0.347528630606
4 19 0.131884404046
4 20 0.694401477754
4 21 0.911124215158
4 22 0.762750854100
4 23 0.776795849416
4 24 0.338518119475
4 25 0.519192357440
4 26 0.870434624502
4 27 0.959064823924
4 28 0.025937955461
4 29 0.803726040402
4 30 0.592916672483
4 31 0.030366350351
4 32 0.168956008941
4 33 0.304239684054
4 34 0.930953781443
4 35 0.000880287994
4 36 0.550435167806
4 37 0.272232513128
4 38 0.555891243596
4 39 0.285181751724
4 40 0.613671501477
4 41 0.708882166863
4 42 0.429292432948
4 43 0.277815097691
4 44 0.313493456607
4 45 0.549083314963
4 46 0.931136079878
4 47 0.522692894663
4 48 0.866709766923
4 49 0.084036650334
4 50 0.174526803482
4 51 0.110401436722
4 52 0.532624392556
4 53 0.466175987781
4 54 0.468747688680
4 55 0.127300442682
4 56 0.864978936368
4 57 0.005668203610
4 58 0.152625949526
4 59 0.085750405409
4 60 0.969761180271
4 61 0.405033505027
4 62 0.597426675361
4 63 0.589536350842
4 64 0.583135271016
4 65 0.999111791117
4 66 0.158720545351
4 67 0.581639523073
4 68 0.347567423734
4 69 0.857295023243
4 70 0.633637644507
4 71 0.909773697467
4 72 0.078891937120
4 73 0.772673121587
4 74 0.478360525957
4 75 0.215463303352
4 76 0.533882366295
4 77 0.699682752020
4 78 0.053068552077
4 79 0.290096467459
4 80 0.067556138534
4 81 0.397432582935
4 82 0.525763201557
4 83 0.105170492704
4 84 0.011922473050
4 85 0.984710679622
4 86 0.877599279188
4 87 0.575663222446
4 88 0.290851739108
4 89 0.449366995938
4 90 0.309591948222
4 91 0.772053135024
4 92 0.220805792701
4 93 0.502344253968
4 94 0.389390749233
4 95 0.724145052344
4 96 0.954443068338
4 97 0.671055976195
4 98 0.266351555145
4 99 0.714547227844
5 0 0.983618909527
5 1 0.707234019468
5 2 0.867231409909
5 3 0.138971905978
5 4 0.718417557161
5 5 0.037561725240
5 6 0.274357195256
5 7 0.445252229723
5 8 0.154975514844
5 9 0.380753672964
5 10 0.562111160162
5 11 0.629840619683
5 12 0.590841843726
5 13 0.001258254779
5 14 0.264727218067
5 15 0.255142196077
5 16 0.270087996325
5 17 0.647842322401
5 18 0.614044380587
5 19 0.363612126708
5 20 0.127927258615
5 21 0.579696343348
5 22 0.323238143326
5 23 0.484303045015
5 24 0.054413939649
5 25 0.522311356500
5 26 0.476081905170
5 27 0.554903867061
5 28 0.603496900245
5 29 0.150581703222
5 30 0.377923958470
5 31 0.218420879907
5 32 0.982613773555
5 33 0.031373680133
5 34 0.327714869536
5 35 0.066991456689
5 36 0.624827866911
5 37 0.508393891522
5 38 0.984576633636
5 39 0.801767986959
5 40 0.707218857714
5 41 0.087206007993
5 42 0.579892476282
5 43 0.876081352149
5 44 0.723088644750
5 45 0.940231885161
5 46 0.782406093331
5 47 0.568516212683
5 48 0.775495368801
5 49 0.495636352657
5 50 0.057739294174
5 51 0.577345293002
5 52 0.242844310357
5 53 0.355547737651
5 54 0.729744247007
5 55 0.104141299506
5 56 0.187585901831
5 57 0.574694619669
5 58 0.985879734353
5 59 0.886291901889
5 60 0.449740577228
5 61 0.241473145598
5 62 0.529889903900
5 63 0.377127998984
5 64 0.005895478033
5 65 0.511928490606
5 66 0.732917427494
5 67 0.960623916270
5 68 0.007212318374
5 69 0.856749574136
5 70 0.169497238530
5 71 0.447788319668
5 72 0.703789241419
5 73 0.261370458411
5 74 0.376292148157
5 75 0.226366922788
5 76 0.443176799062
5 77 0.064329016434
5 78 0.060753084441
5 79 0.296117106394
5 80 0.719493414459
5 81 0.279289366981
5 82 0.302190663782
5 83 0.505985088044
5 84 0.193340122639
5 85 0.395147587013
5 86 0.534784452195
5 87 0.636511343354
5 88 0.495996433451
5 89 0.495334848633
5 90 0.594799018582
5 91 0.373313455445
5 92 0.228950233327
5 93 0.227452323046
5 94 0.425866264739
5 95 0.569611305251
5 96 0.096854894935
5 97 0.870725340587
5 98 0.139417252763
5 99 0.482282506047
6 0 0.116919082784
6 1 0.609098949515
6 2 0.680552025779
6 3 0.895356887248
6 4 0.422944978553
6 5 0.056114734234
6 6 0.595572041995
6 7 0.582993234865
6 8 0.662405195945
6 9 0.196180305596
6 10 0.029662008451
6 11 0.911235398137
6 12 0.901767122763
6 13 0.391571872423
6 14 0.608310076108
6 15 0.118463612635
6 16 0.328459986124
6 17 0.617510206179
6 18 0.181803722008
6 19 0.916678617172
6 20 0.523755179968
6 21 0.219424042551
6 22 0.478605773408
6 23 0.692266886771
6 24 0.985119091372
6 25 0.413624708893
6 26 0.397324121525
6 27 0.081052911381
6 28 0.921278272771
6 29 0.752557676901
6 30 0.633901934275
6 31 0.666589278798
6 32 0.701884023933
6 33 0.933719936580
6 34 0.076296137144
6 35 0.177678206777
6 36 0.532256734757
6 37 0.076061519916
6 38 0.611130291022
6 39 0.444567080954
6 40 0.933572945467
6 41 0.057860345863
6 42 0.682275078775
6 43 0.224548679699
6 44 0.700108987203
6 45 0.329071551435
6 46 0.330204293254
6 47 0.393089506115
6 48 0.611346664910
6 49 0.343533140673
6 50 0.218604771657
6 51 0.098974929950
6 52 0.057715328735
6 53 0.919489582438
6 54 0.700542754157
6 55 0.570770391719
6 56 0.967235171932
6 57 0.850874409762
6 58 0.770313587107
6 59 0.223879406117
6 60 0.944812541530
6 61 0.125230058900
6 62 0.576603708587
6 63 0.413612966717
6 64 0.183497580875
6 65 0.126556063742
6 66 0.552281959804
6 67 0.657564773313
6 68 0.877278267592
6 69 0.539482240559
6 70 0.057750745654
6 71 0.618429895584
6 72 0.201112886899
6 73 0.703970448607
6 74 0.416748759429
6 75 0.600075517036
6 76 0.486497170476
6 77 0.943248442784
6 78 0.629225516609
6 79 0.559960846476
6 80 0.324487722907
6 81 0.287323030654
6 82 0.213314146812
6 83 0.958690924683
6 84 0.860720083740
6 85 0.029691359024
6 86 0.544805305361
6 87 0.612096529177
6 88 0.902414890519
6 89 0.411246446069
6 90 0.668692477051
6 91 0.819761073903
6 92 0.846109751612
6 93 0.621376702704
6 94 0.127564390446
6 95 0.617577864975
6 96 0.650352115723
6 97 0.536073778667
6 98 0.103896523982
6 99 0.822248989281
7 0 0.650206358909
7 1 0.146858992612
7 2 0.051080822497
7 3 0.739611988581
7 4 0.312458614840
7 5 0.444667703643
7 6 0.742294748801
7 7 0.657076439548
7 8 0.605892437050
7 9 0.836688555784
7 10 0.941977931641
7 11 0.522868923072
7 12 0.787476693079
7 13 0.334532312167
7 14 0.976813928390
7 15 0.053023888460
7 16 0.380184644185
7 17 0.053221452403
7 18 0.979184785737
7 19 0.760064271861
7 20 0.381528479495
7 21 0.145922616340
7 22 0.103027200132
7 23 0.113810054889
7 24 0.740670731869
7 25 0.891737424801
7 26 0.421741044687
7 27 0.431430445740
7 28 0.097779248841
7 29 0.772235710386
7 30 0.750879814961
7 31 0.305061871684
7 32 0.854012739273
7 33 0.130449006042
7 34 0.938101376375
7 35 0.209208495917
7 36 0.327959116624
7 37 0.970828588660
7 38 0.128118263194
7 39 0.899149586915
7 40 0.775692980637
7 41 0.896557677278
7 42 0.533287721253
7 43 0.319492585005
7 44 0.788932648819
7 45 0.145349656849
7 46 0.796522800058
7 47 0.642701806766
7 48 0.696418759043
7 49 0.350706879875
7 50 0.592161455365
7 51 0.396000564840
7 52 0.910586575323
7 53 0.389640091323
7 54 0.533317237538
7 55 0.440301338164
7 56 0.794975472577
7 57 0.733753978415
7 58 0.750763017950
7 59 0.620309803175
7 60 0.602084547075
7 61 0.765162036314
7 62 0.333080958750
7 63 0.507585226011
7 64 0.409037369699
7 65 0.666415031842
7 66 0.294207726849
7 67 0.952501962327
7 68 0.147760278439
7 69 0.497858465372
7 70 0.398493315653
7 71 0.693528925044
7 72 0.606143940946
7 73 0.947301478681
7 74 0.436826318434
7 75 0.037456551077
7 76 0.286453015695
7 77 0.114672669813
7 78 0.231543481209
7 79 0.717638527054
7 80 0.871910153571
7 81 0.614784100570
7 82 0.488915521086
7 83 0.872009099391
7 84 0.617353068667
7 85 0.648647752800
7 86 0.178122727119
7 87 0.564768887550
7 88 0.322365475903
7 89 0.654302756444
7 90 0.932470147463
7 91 0.229659124784
7 92 0.782714256653
7 93 0.322405200900
7 94 0.382643751321
7 95 0.232308684110
7 96 0.425462004626
7 97 0.704402039290
7 98 0.625188971536
7 99 0.683606472659
8 0 0.538769706768
8 1 0.222024511207
8 2 0.233068579666
8 3 0.143589788107
8 4 0.590956551889
8 5 0.820868647377
8 6 0.585236738653
8 7 0.599526950709
8 8 0.829735612739
8 9 0.750014785005
8 10 0.424283204067
8 11 0.102716718507
8 12 0.474863621653
8 13 0.049846287912
8 14 0.139331884790
8 15 0.269722396243
8 16 0.197275974913
8 17 0.028563679691
8 18 0.802236658753
8 19 0.144621408030
8 20 0.878647159229
8 21 0.294138300778
8 22 0.732809334385
8 23 0.307805434517
8 24 0.265170117571
8 25 0.161555266052
8 26 0.123614469955
8 27 0.093661553754
8 28 0.182612429714
8 29 0.753104300881
8 30 0.839125237372
8 31 0.354092967114
8 32 0.206507687631
8 33 0.165594809066
8 34 0.178364865264
8 35 0.798166383920
8 36 0.140972841093
8 37 0.407664346370
8 38 0.799919141054
8 39 0.061204023806
8 40 0.815229277194
8 41 0.700456105634
8 42 0.021160901585
8 43 0.779596488673
8 44 0.100973550335
8 45 0.855879230998
8 46 0.764709084485
8 47 0.440271530153
8 48 0.340797911071
8 49 0.296279840677
8 50 0.071707235039
8 51 0.940860613296
8 52 0.236112508435
8 53 0.223652393388
8 54 0.477828168940
8 55 0.012826386413
8 56 0.709989880492
8 57 0.173972931781
8 58 0.039759942655
8 59 0.268604412032
8 60 0.840704464432
8 61 0.337832065002
8 62 0.613538243744
8 63 0.172015514373
8 64 0.146826766554
8 65 0.970469334636
8 66 0.232803526700
8 67 0.155567984055
8 68 0.644182916213
8 69 0.712890070395
8 70 0.957805557354
8 71 0.357226600376
8 72 0.952891769765
8 73 0.090513477510
8 74 0.579788667535
8 75 0.412230806252
8 76 0.882880728688
8 77 0.627332524764
8 78 0.250614340447
8 79 0.198844437977
8 80 0.891103472040
8 81 0.990324605904
8 82 0.083945518011
8 83 0.889124663926
8 84 0.664090456015
8 85 0.667094206620
8 86 0.373636556358
8 87 0.574578549663
8 88 0.071260256781
8 89 0.133623285329
8 90 0.288962965258
8 91 0.878814868746
8 92 0.224711519732
8 93 0.911597165388
8 94 0.281599478823
8 95 0.625898374651
8 96 0.601218212897
8 97 0.650755077583
8 98 0.251536436226
8 99 0.495480997622
9 0 0.210900009020
9 1 0.041369930812
9 2 0.175630866860
9 3 0.791414119802
9 4 0.862244014699
9 5 0.025808575531
9 6 0.108682197185
9 7 0.766510229371
9 8 0.216528272726
9 9 0.368833200353
9 10 0.767462662648
9 11 0.228142114498
9 12 0.978031588951
9 13 0.381873263088
9 14 0.934423570120
9 15 0.438320361936
9 16 0.788254574171
9 17 0.285943490923
9 18 0.112347775630
9 19 0.496206811352
9 20 0.823984293981
9 21 0.315741691489
9 22 0.606618733722
9 23 0.515365781433
9 24 0.321372642631
9 25 0.059694044620
9 26 0.045531766008
9 27 0.515111120139
9 28 0.434490124346
9 29 0.906183112898
9 30 0.694283922702
9 31 0.318895899996
9 32 0.919226824743
9 33 0.585695704965
9 34 0.527305315203
9 35 0.676009253834
9 36 0.845765543020
9 37 0.569369467631
9 38 0.665064974130
9 39 0.808963741279
9 40 0.325385434864
9 41 0.622724617449
9 42 0.090570496018
9 43 0.394914860377
9 44 0.157213123682
9 45 0.738326346289
9 46 0.939761421519
9 47 0.605218847188
9 48 0.303031652180
9 49 0.827568865081
9 50 0.710762619410
9 51 0.429440159895
9 52 0.433440812858
9 53 0.067548673311
9 54 0.021803924985
9 55 0.785695330170
9 56 0.294750434993
9 57 0.637427756050
9 58 0.414074965756
9 59 0.520209360202
9 60 0.045617914393
9 61 0.719037892225
9 62 0.926920516315
9 63 0.038594783864
9 64 0.444987581679
9 65 0.532147013463
9 66 0.370155160621
9 67 0.336883549004
9 68 0.082127127855
9 69 0.070790287150
9 70 0.307905813107
9 71 0.181172878766
9 72 0.781343894679
9 73 0.760353022716
9 74 0.309074429853
9 75 0.697154767693
9 76 0.878028676824
9 77 0.239730953295
9 78 0.974666216291
9 79 0.405685416913
9 80 0.064483390919
9 81 0.739922698695
9 82 0.936150060531
9 83 0.457256817451
9 84 0.523438060707
9 85 0.677274018455
9 86 0.326662601374
9 87 0.140760627638
9 88 0.563044663751
9 89 0.948861377414
9 90 0.661247668639
9 91 0.130639016878
9 92 0.001765683333
9 93 0.335184159743
9 94 0.964251194258
9 95 0.979129915609
9 96 0.405674776820
9 97 0.633454043495
9 98 0.607287627160
9 99 0.466550725187
0 0 13
0 1 14
0 2 8
0 3 12
0 4 14
0 5 9
0 6 11
0 7 13
0 8 13
0 9 9
0 10 8
0 11 12
0 12 14
0 13 13
0 14 8
0 15 7
0 16 12
0 17 7
0 18 13
0 19 12
0 20 14
0 21 8
0 22 9
0 23 13
0 24 10
0 25 12
0 26 7
0 27 6
0 28 10
0 29 10
0 30 12
0 31 12
0 32 12
0 33 13
0 34 12
0 35 7
0 36 10
0 37 6
0 38 7
0 39 12
0 40 11
0 41 9
0 42 11
0 43 8
0 44 10
0 45 11
0 46 11
0 47 11
0 48 11
0 49 8
0 50 8
0 51 13
0 52 13
0 53 10
0 54 9
0 55 7
0 56 14
0 57 12
0 58 11
0 59 7
0 60 11
0 61 13
0 62 14
0 63 9
0 64 14
0 65 11
0 66 11
0 67 14
0 68 14
0 69 8
0 70 11
0 71 12
0 72 9
0 73 11
0 74 6
0 75 13
0 76 12
0 77 7
0 78 7
0 79 11
0 80 6
0 81 13
0 82 10
0 83 13
0 84 12
0 85 13
0 86 13
0 87 11
0 88 12
0 89 10
0 90 11
0 91 8
0 92 12
0 93 6
0 94 8
0 95 11
0 96 13
0 97 12
0 98 11
0 99 7
1 0 11
1 1 11
1 2 5
1 3 12
1 4 13
1 5 8
1 6 9
1 7 13
1 8 11
1 9 8
1 10 7
1 11 12
1 12 12
1 13 12
1 14 5
1 15 6
1 16 10
1 17 6
1 18 12
1 19 12
1 20 13
1 21 5
1 22 8
1 23 11
1 24 7
1 25 11
1 26 8
1 27 5
1 28 9
1 29 9
1 30 10
1 31 11
1 32 12
1 33 11
1 34 10
1 35 7
1 36 9
1 37 7
1 38 5
1 39 11
1 40 11
1 41 7
1 42 10
1 43 7
1 44 10
1 45 11
1 46 10
1 47 8
1 48 9
1 49 7
1 50 5
1 51 11
1 52 12
1 53 8
1 54 7
1 55 5
1 56 13
1 57 9
1 58 10
1 59 7
1 60 11
1 61 10
1 62 11
1 63 6
1 64 12
1 65 9
1 66 12
1 67 12
1 68 12
1 69 7
1 70 11
1 71 12
1 72 8
1 73 8
1 74 5
1 75 12
1 76 10
1 77 7
1 78 6
1 79 9
1 80 7
1 81 12
1 82 10
1 83 11
1 84 12
1 85 10
1 86 12
1 87 8
1 88 11
1 89 11
1 90 12
1 91 7
1 92 13
1 93 7
1 94 6
1 95 11
1 96 11
1 97 10
1 98 10
1 99 6
2 0 10
2 1 12
2 2 6
2 3 10
2 4 12
2 5 8
2 6 8
2 7 12
2 8 11
2 9 9
2 10 6
2 11 11
2 12 10
2 13 9
2 14 6
2 15 6
2 16 9
2 17 5
2 18 9
2 19 12
2 20 10
2 21 5
2 22 7
2 23 11
2 24 8
2 25 11
2 26 5
2 27 5
2 28 9
2 29 8
2 30 8
2 31 10
2 32 11
2 33 10
2 34 10
2 35 5
2 36 8
2 37 6
2 38 4
2 39 8
2 40 9
2 41 8
2 42 8
2 43 4
2 44 9
2 45 9
2 46 10
2 47 8
2 48 8
2 49 6
2 50 6
2 51 10
2 52 11
2 53 8
2 54 7
2 55 5
2 56 12
2 57 8
2 58 8
2 59 5
2 60 8
2 61 11
2 62 10
2 63 5
2 64 11
2 65 10
2 66 10
2 67 12
2 68 12
2 69 7
2 70 9
2 71 11
2 72 8
2 73 9
2 74 5
2 75 11
2 76 11
2 77 7
2 78 5
2 79 8
2 80 4
2 81 9
2 82 10
2 83 9
2 84 9
2 85 9
2 86 10
2 87 7
2 88 9
2 89 9
2 90 9
2 91 5
2 92 11
2 93 5
2 94 6
2 95 9
2 96 10
2 97 11
2 98 9
2 99 4
3 0 9
3 1 11
3 2 4
3 3 11
3 4 10
3 5 5
3 6 7
3 7 11
3 8 11
3 9 8
3 10 6
3 11 10
3 12 10
3 13 9
3 14 5
3 15 4
3 16 8
3 17 5
3 18 9
3 19 10
3 20 10
3 21 4
3 22 6
3 23 9
3 24 6
3 25 9
3 26 6
3 27 4
3 28 9
3 29 8
3 30 7
3 31 9
3 32 10
3 33 10
3 34 10
3 35 5
3 36 9
3 37 5
3 38 3
3 39 7
3 40 8
3 41 5
3 42 7
3 43 5
3 44 7
3 45 9
3 46 7
3 47 8
3 48 7
3 49 5
3 50 5
3 51 8
3 52 11
3 53 5
3 54 6
3 55 4
3 56 11
3 57 7
3 58 7
3 59 5
3 60 8
3 61 10
3 62 10
3 63 5
3 64 10
3 65 9
3 66 10
3 67 11
3 68 10
3 69 7
3 70 8
3 71 9
3 72 8
3 73 8
3 74 4
3 75 10
3 76 10
3 77 4
3 78 3
3 79 8
3 80 3
3 81 9
3 82 7
3 83 10
3 84 8
3 85 9
3 86 9
3 87 6
3 88 8
3 89 9
3 90 9
3 91 5
3 92 11
3 93 3
3 94 4
3 95 8
3 96 8
3 97 10
3 98 7
3 99 5
4 0 12
4 1 11
4 2 5
4 3 12
4 4 12
4 5 7
4 6 8
4 7 11
4 8 12
4 9 9
4 10 8
4 11 9
4 12 11
4 13 11
4 14 5
4 15 5
4 16 9
4 17 5
4 18 10
4 19 11
4 20 12
4 21 6
4 22 8
4 23 10
4 24 8
4 25 9
4 26 5
4 27 4
4 28 9
4 29 8
4 30 8
4 31 11
4 32 10
4 33 9
4 34 11
4 35 5
4 36 8
4 37 4
4 38 5
4 39 8
4 40 9
4 41 8
4 42 9
4 43 4
4 44 10
4 45 10
4 46 8
4 47 9
4 48 9
4 49 5
4 50 6
4 51 9
4 52 10
4 53 7
4 54 5
4 55 6
4 56 11
4 57 8
4 58 9
4 59 6
4 60 8
4 61 9
4 62 12
4 63 6
4 64 11
4 65 8
4 66 11
4 67 12
4 68 11
4 69 6
4 70 9
4 71 10
4 72 8
4 73 8
4 74 5
4 75 11
4 76 11
4 77 7
4 78 6
4 79 9
4 80 4
4 81 11
4 82 8
4 83 9
4 84 10
4 85 9
4 86 11
4 87 7
4 88 8
4 89 8
4 90 9
4 91 4
4 92 11
4 93 4
4 94 5
4 95 11
4 96 11
4 97 10
4 98 9
4 99 6
5 0 11
5 1 9
5 2 5
5 3 11
5 4 10
5 5 7
5 6 9
5 7 11
5 8 11
5 9 8
5 10 6
5 11 10
5 12 10
5 13 9
5 14 5
5 15 5
5 16 10
5 17 5
5 18 10
5 19 9
5 20 9
5 21 3
5 22 7
5 23 9
5 24 7
5 25 10
5 26 5
5 27 4
5 28 8
5 29 8
5 30 9
5 31 10
5 32 8
5 33 8
5 34 9
5 35 3
5 36 9
5 37 4
5 38 4
5 39 8
5 40 8
5 41 5
5 42 8
5 43 5
5 44 9
5 45 8
5 46 7
5 47 6
5 48 8
5 49 4
5 50 4
5 51 8
5 52 10
5 53 6
5 54 4
5 55 4
5 56 9
5 57 7
5 58 8
5 59 5
5 60 7
5 61 8
5 62 10
5 63 6
5 64 11
5 65 9
5 66 9
5 67 10
5 68 9
5 69 6
5 70 9
5 71 9
5 72 7
5 73 7
5 74 5
5 75 10
5 76 9
5 77 6
5 78 5
5 79 7
5 80 3
5 81 9
5 82 8
5 83 9
5 84 9
5 85 8
5 86 9
5 87 6
5 88 9
5 89 7
5 90 9
5 91 3
5 92 9
5 93 3
5 94 5
5 95 10
5 96 8
5 97 10
5 98 9
5 99 3
6 0 13
6 1 12
6 2 6
6 3 14
6 4 13
6 5 8
6 6 10
6 7 14
6 8 12
6 9 9
6 10 9
6 11 13
6 12 12
6 13 11
6 14 6
6 15 7
6 16 13
6 17 7
6 18 13
6 19 12
6 20 14
6 21 6
6 22 10
6 23 13
6 24 8
6 25 13
6 26 9
6 27 6
6 28 12
6 29 11
6 30 11
6 31 13
6 32 11
6 33 13
6 34 11
6 35 7
6 36 10
6 37 7
6 38 6
6 39 12
6 40 12
6 41 9
6 42 11
6 43 8
6 44 10
6 45 10
6 46 10
6 47 10
6 48 12
6 49 7
6 50 8
6 51 13
6 52 13
6 53 10
6 54 8
6 55 6
6 56 12
6 57 10
6 58 12
6 59 8
6 60 10
6 61 11
6 62 14
6 63 9
6 64 12
6 65 11
6 66 12
6 67 14
6 68 12
6 69 10
6 70 13
6 71 13
6 72 9
6 73 9
6 74 8
6 75 14
6 76 11
6 77 9
6 78 6
6 79 11
6 80 6
6 81 11
6 82 11
6 83 12
6 84 12
6 85 13
6 86 11
6 87 11
6 88 10
6 89 12
6 90 11
6 91 6
6 92 13
6 93 7
6 94 7
6 95 12
6 96 13
6 97 13
6 98 11
6 99 7
7 0 9
7 1 9
7 2 5
7 3 11
7 4 11
7 5 6
7 6 8
7 7 9
7 8 10
7 9 8
7 10 5
7 11 8
7 12 11
7 13 10
7 14 4
7 15 4
7 16 8
7 17 4
7 18 10
7 19 11
7 20 10
7 21 5
7 22 5
7 23 9
7 24 7
7 25 10
7 26 4
7 27 3
7 28 9
7 29 6
7 30 8
7 31 10
7 32 10
7 33 10
7 34 8
7 35 5
7 36 9
7 37 4
7 38 5
7 39 7
7 40 9
7 41 5
7 42 7
7 43 5
7 44 8
7 45 8
7 46 7
7 47 7
7 48 9
7 49 3
7 50 5
7 51 10
7 52 9
7 53 7
7 54 4
7 55 3
7 56 11
7 57 7
7 58 7
7 59 4
7 60 8
7 61 9
7 62 11
7 63 4
7 64 9
7 65 7
7 66 8
7 67 11
7 68 9
7 69 5
7 70 8
7 71 9
7 72 6
7 73 7
7 74 5
7 75 10
7 76 9
7 77 5
7 78 4
7 79 8
7 80 3
7 81 8
7 82 7
7 83 10
7 84 9
7 85 9
7 86 8
7 87 8
7 88 8
7 89 9
7 90 8
7 91 3
7 92 10
7 93 5
7 94 5
7 95 8
7 96 9
7 97 9
7 98 8
7 99 5
8 0 10
8 1 10
8 2 4
8 3 9
8 4 11
8 5 5
8 6 7
8 7 10
8 8 10
8 9 6
8 10 6
8 11 9
8 12 10
8 13 10
8 14 3
8 15 4
8 16 9
8 17 5
8 18 8
8 19 9
8 20 10
8 21 4
8 22 7
8 23 9
8 24 6
8 25 8
8 26 5
8 27 4
8 28 7
8 29 8
8 30 7
8 31 9
8 32 10
8 33 9
8 34 8
8 35 4
8 36 7
8 37 5
8 38 4
8 39 9
8 40 10
8 41 5
8 42 8
8 43 4
8 44 8
8 45 7
8 46 7
8 47 6
8 48 8
8 49 4
8 50 4
8 51 8
8 52 10
8 53 5
8 54 5
8 55 5
8 56 9
8 57 9
8 58 9
8 59 5
8 60 8
8 61 9
8 62 11
8 63 4
8 64 9
8 65 9
8 66 9
8 67 10
8 68 9
8 69 6
8 70 9
8 71 10
8 72 6
8 73 8
8 74 4
8 75 9
8 76 9
8 77 4
8 78 3
8 79 7
8 80 3
8 81 8
8 82 9
8 83 8
8 84 9
8 85 10
8 86 10
8 87 7
8 88 8
8 89 9
8 90 9
8 91 3
8 92 10
8 93 5
8 94 4
8 95 9
8 96 8
8 97 10
8 98 8
8 99 5
9 0 10
9 1 10
9 2 3
9 3 9
9 4 9
9 5 5
9 6 8
9 7 11
9 8 9
9 9 8
9 10 7
9 11 8
9 12 9
9 13 8
9 14 4
9 15 4
9 16 9
9 17 5
9 18 10
9 19 11
9 20 10
9 21 5
9 22 5
9 23 11
9 24 5
9 25 8
9 26 6
9 27 4
9 28 7
9 29 6
9 30 9
9 31 10
9 32 8
9 33 9
9 34 8
9 35 5
9 36 7
9 37 3
9 38 3
9 39 7
9 40 9
9 41 6
9 42 6
9 43 5
9 44 7
9 45 7
9 46 9
9 47 8
9 48 8
9 49 3
9 50 4
9 51 10
9 52 11
9 53 6
9 54 4
9 55 5
9 56 11
9 57 9
9 58 8
9 59 4
9 60 7
9 61 10
9 62 11
9 63 5
9 64 11
9 65 7
9 66 10
9 67 11
9 68 11
9 69 7
9 70 9
9 71 8
9 72 7
9 73 6
9 74 5
9 75 11
9 76 8
9 77 6
9 78 3
9 79 8
9 80 5
9 81 9
9 82 9
9 83 8
9 84 8
9 85 8
9 86 9
9 87 7
9 88 9
9 89 7
9 90 10
9 91 5
9 92 9
9 93 5
9 94 4
9 95 9
9 96 9
9 97 8
9 98 7
9 99 3
